8 0.5144230769230769 0.4110576923076923 0.4879807692307692 0.4110576923076923 0.4879807692307692 0.46153846153846156 0.5144230769230769 0.46153846153846156
4 0.3317307692307692 0.43028846153846156 0.31971153846153844 0.43028846153846156 0.31971153846153844 0.4519230769230769 0.3317307692307692 0.4519230769230769
4 0.33413461538461536 0.45913461538461536 0.31971153846153844 0.45913461538461536 0.31971153846153844 0.4735576923076923 0.33413461538461536 0.4735576923076923
2 0.3317307692307692 0.4831730769230769 0.31490384615384615 0.4831730769230769 0.31490384615384615 0.5072115384615384 0.3317307692307692 0.5072115384615384
2 0.42788461538461536 0.47836538461538464 0.40865384615384615 0.47836538461538464 0.40865384615384615 0.5120192307692307 0.42788461538461536 0.5120192307692307
2 0.37740384615384615 0.47836538461538464 0.3581730769230769 0.47836538461538464 0.3581730769230769 0.5240384615384616 0.37740384615384615 0.5240384615384616
4 0.2716346153846155 0.5144230769230769 0.2548076923076924 0.5144230769230769 0.2548076923076924 0.5408653846153846 0.2716346153846155 0.5408653846153846
4 0.4254807692307692 0.5264423076923077 0.40625 0.5264423076923077 0.40625 0.5552884615384616 0.4254807692307692 0.5552884615384616
4 0.2475961538461539 0.6057692307692307 0.22115384615384623 0.6057692307692307 0.22115384615384623 0.6346153846153846 0.2475961538461539 0.6346153846153846
2 0.7596153846153846 0.6538461538461539 0.7259615384615384 0.6538461538461539 0.7259615384615384 0.7091346153846154 0.7596153846153846 0.7091346153846154
4 0.13701923076923087 0.6754807692307693 0.09615384615384623 0.6754807692307693 0.09615384615384624 0.7115384615384616 0.13701923076923087 0.7115384615384616
8 0.3389423076923078 0.6899038461538461 0.295673076923077 0.6899038461538461 0.295673076923077 0.7764423076923077 0.3389423076923078 0.7764423076923077
4 0.4254807692307694 0.7620192307692307 0.3942307692307694 0.7620192307692307 0.3942307692307694 0.8125 0.4254807692307694 0.8125
4 0.3774038461538463 0.7620192307692307 0.3509615384615386 0.7620192307692307 0.3509615384615386 0.8149038461538461 0.3774038461538463 0.8149038461538461
1 0.3317307692307694 0.7740384615384616 0.3197115384615386 0.7740384615384616 0.3197115384615386 0.8197115384615384 0.3317307692307694 0.8197115384615384
2 0.42307692307692324 0.9134615384615384 0.3870192307692309 0.9134615384615384 0.3870192307692309 0.9855769230769231 0.42307692307692324 0.9855769230769231