8 0.3894230769230769 0.375 0.375 0.375 0.375 0.41346153846153844 0.3894230769230769 0.41346153846153844
8 0.3701923076923077 0.39663461538461536 0.34134615384615385 0.39663461538461536 0.34134615384615385 0.44711538461538464 0.3701923076923077 0.44711538461538464
8 0.38461538461538464 0.4230769230769231 0.36778846153846156 0.4230769230769231 0.36778846153846156 0.4543269230769231 0.38461538461538464 0.4543269230769231
9 0.4879807692307692 0.44711538461538464 0.47115384615384615 0.44711538461538464 0.47115384615384615 0.4831730769230769 0.4879807692307692 0.4831730769230769
9 0.36778846153846156 0.4543269230769231 0.3485576923076923 0.4543269230769231 0.3485576923076923 0.4855769230769231 0.36778846153846156 0.4855769230769231
9 0.4735576923076923 0.4639423076923077 0.4567307692307692 0.4639423076923077 0.4567307692307692 0.5048076923076923 0.4735576923076923 0.5048076923076923
4 0.34375 0.4951923076923077 0.3245192307692308 0.4951923076923077 0.3245192307692308 0.5192307692307693 0.34375 0.5192307692307693
0 0.41826923076923084 0.49759615384615385 0.3942307692307692 0.49759615384615385 0.3942307692307693 0.5721153846153846 0.4182692307692309 0.5721153846153846
2 0.3076923076923077 0.5168269230769231 0.28125000000000006 0.5168269230769231 0.28125000000000006 0.5576923076923077 0.3076923076923077 0.5576923076923077
4 0.24038461538461545 0.5432692307692307 0.2163461538461539 0.5432692307692307 0.2163461538461539 0.5721153846153846 0.24038461538461545 0.5721153846153846
2 0.1754807692307693 0.6466346153846154 0.12980769230769237 0.6466346153846154 0.1298076923076924 0.6995192307692307 0.1754807692307693 0.6995192307692307
2 0.7644230769230769 0.6466346153846154 0.7283653846153846 0.6466346153846154 0.7283653846153846 0.7067307692307693 0.7644230769230769 0.7067307692307693
5 0.3750000000000001 0.6514423076923077 0.3437500000000001 0.6514423076923077 0.3437500000000001 0.7043269230769231 0.3750000000000001 0.7043269230769231
4 0.5048076923076924 0.7235576923076923 0.4711538461538463 0.7235576923076923 0.4711538461538463 0.7956730769230769 0.5048076923076924 0.7956730769230769
8 0.3245192307692309 0.7235576923076923 0.2596153846153847 0.7235576923076923 0.2596153846153847 0.9086538461538461 0.3245192307692309 0.9086538461538461
2 0.41105769230769246 0.8052884615384616 0.3750000000000001 0.8052884615384616 0.3750000000000001 0.8677884615384616 0.41105769230769246 0.8677884615384616
5 0.6177884615384616 0.8870192307692307 0.5673076923076924 0.8870192307692307 0.5673076923076924 0.9831730769230769 0.6177884615384616 0.9831730769230769