8 0.5384615384615384 0.46634615384615385 0.5024038461538461 0.46634615384615385 0.5024038461538461 0.5384615384615384 0.5384615384615384 0.5384615384615384
4 0.39903846153846156 0.5120192307692307 0.38461538461538464 0.5120192307692307 0.38461538461538464 0.5384615384615384 0.39903846153846156 0.5384615384615384
8 0.37259615384615385 0.5024038461538461 0.3485576923076923 0.5024038461538461 0.3485576923076923 0.5576923076923077 0.37259615384615385 0.5576923076923077
1 0.38461538461538464 0.5168269230769231 0.37740384615384615 0.5168269230769231 0.37740384615384615 0.5480769230769231 0.38461538461538464 0.5480769230769231
4 0.3125 0.5240384615384616 0.295673076923077 0.5240384615384616 0.295673076923077 0.5528846153846154 0.3125 0.5528846153846154
2 0.2524038461538462 0.5576923076923077 0.22596153846153852 0.5576923076923077 0.22596153846153852 0.5961538461538461 0.2524038461538462 0.5961538461538461
9 0.06490384615384623 0.6105769230769231 0.028846153846153924 0.6105769230769231 0.028846153846153928 0.6658653846153846 0.06490384615384624 0.6658653846153846
2 0.42788461538461553 0.6466346153846154 0.3990384615384617 0.6466346153846154 0.3990384615384617 0.6995192307692307 0.42788461538461553 0.6995192307692307
8 0.3365384615384617 0.65625 0.2836538461538462 0.65625 0.2836538461538462 0.8100961538461539 0.3365384615384617 0.8100961538461539
2 0.3750000000000001 0.7451923076923077 0.3389423076923078 0.7451923076923077 0.3389423076923078 0.8293269230769231 0.3750000000000001 0.8293269230769231
4 0.3389423076923078 0.8293269230769231 0.3052884615384616 0.8293269230769231 0.3052884615384616 0.8966346153846154 0.3389423076923078 0.8966346153846154
2 0.3701923076923078 0.9014423076923077 0.32692307692307704 0.9014423076923077 0.32692307692307704 0.9831730769230769 0.3701923076923078 0.9831730769230769