2 0.35336538461538464 0.44711538461538464 0.3389423076923077 0.44711538461538464 0.3389423076923077 0.4807692307692308 0.35336538461538464 0.4807692307692308
4 0.29807692307692313 0.46634615384615385 0.2860576923076924 0.46634615384615385 0.2860576923076924 0.4855769230769231 0.29807692307692313 0.4855769230769231
4 0.40384615384615385 0.4807692307692308 0.3870192307692308 0.4807692307692308 0.3870192307692308 0.5024038461538461 0.40384615384615385 0.5024038461538461
8 0.37740384615384615 0.4735576923076923 0.35096153846153844 0.4735576923076923 0.35096153846153844 0.5456730769230769 0.37740384615384615 0.5456730769230769
4 0.65625 0.5144230769230771 0.6346153846153846 0.5144230769230771 0.6346153846153846 0.5528846153846155 0.65625 0.5528846153846155
2 0.40144230769230776 0.5360576923076923 0.38221153846153844 0.5360576923076923 0.38221153846153855 0.5745192307692307 0.4014423076923078 0.5745192307692307
4 0.2596153846153847 0.5600961538461539 0.2379807692307693 0.5600961538461539 0.2379807692307693 0.5841346153846154 0.2596153846153847 0.5841346153846154
2 0.5240384615384617 0.59375 0.5000000000000001 0.59375 0.5000000000000001 0.6442307692307693 0.5240384615384617 0.6442307692307693
2 0.22115384615384623 0.6298076923076923 0.1850961538461539 0.6298076923076923 0.1850961538461539 0.6658653846153846 0.22115384615384623 0.6658653846153846
2 0.1346153846153847 0.6875 0.0865384615384616 0.6875 0.08653846153846162 0.7331730769230769 0.13461538461538472 0.7331730769230769
4 0.5961538461538463 0.6850961538461539 0.5673076923076924 0.6850961538461539 0.5673076923076924 0.7427884615384616 0.5961538461538463 0.7427884615384616
4 0.5144230769230771 0.7572115384615384 0.4807692307692309 0.7572115384615384 0.4807692307692309 0.8269230769230769 0.5144230769230771 0.8269230769230769
9 0.5865384615384617 0.7716346153846154 0.543269230769231 0.7716346153846154 0.543269230769231 0.8605769230769231 0.5865384615384617 0.8605769230769231
4 0.8677884615384616 0.7980769230769231 0.8221153846153846 0.7980769230769231 0.8221153846153846 0.8629807692307693 0.8677884615384616 0.8629807692307693
2 0.3677884615384617 0.8365384615384616 0.33413461538461553 0.8365384615384616 0.33413461538461553 0.8942307692307693 0.3677884615384617 0.8942307692307693