2 0.3798076923076923 0.4375 0.36538461538461536 0.4375 0.36538461538461536 0.4831730769230769 0.3798076923076923 0.4831730769230769
8 0.5240384615384616 0.4375 0.4951923076923077 0.4375 0.4951923076923077 0.4951923076923077 0.5240384615384616 0.4951923076923077
4 0.3076923076923077 0.46875 0.28846153846153855 0.46875 0.28846153846153855 0.4951923076923077 0.3076923076923077 0.4951923076923077
4 0.3125 0.5288461538461539 0.295673076923077 0.5288461538461539 0.295673076923077 0.5528846153846154 0.3125 0.5528846153846154
4 0.4254807692307694 0.5769230769230769 0.4014423076923078 0.5769230769230769 0.4014423076923078 0.6129807692307693 0.4254807692307694 0.6129807692307693
4 0.2548076923076924 0.5817307692307693 0.22596153846153852 0.5817307692307693 0.22596153846153852 0.6177884615384616 0.2548076923076924 0.6177884615384616
8 0.36057692307692324 0.5721153846153846 0.32692307692307704 0.5721153846153846 0.32692307692307704 0.6442307692307693 0.36057692307692324 0.6442307692307693
4 0.39182692307692324 0.5985576923076923 0.3701923076923078 0.5985576923076923 0.3701923076923078 0.6370192307692307 0.39182692307692324 0.6370192307692307
1 0.3677884615384617 0.6105769230769231 0.35817307692307704 0.6105769230769231 0.35817307692307704 0.6490384615384616 0.3677884615384617 0.6490384615384616
2 0.42788461538461553 0.6225961538461539 0.40384615384615397 0.6225961538461539 0.40384615384615397 0.6754807692307693 0.42788461538461553 0.6754807692307693
9 0.06971153846153855 0.6346153846153846 0.03605769230769239 0.6346153846153846 0.03605769230769239 0.6923076923076923 0.06971153846153855 0.6923076923076923
2 0.14903846153846162 0.6442307692307693 0.108173076923077 0.6442307692307693 0.108173076923077 0.6875 0.14903846153846162 0.6875
8 0.3149038461538463 0.7716346153846154 0.23557692307692316 0.7716346153846154 0.23557692307692318 0.9855769230769231 0.3149038461538463 0.9855769230769231
2 0.9230769230769231 0.8389423076923077 0.8629807692307693 0.8389423076923077 0.8629807692307693 0.9278846153846154 0.9230769230769231 0.9278846153846154
2 0.42307692307692324 0.9230769230769231 0.37980769230769246 0.9230769230769231 0.37980769230769246 0.9927884615384616 0.42307692307692324 0.9927884615384616