8 0.49278846153846156 0.3605769230769231 0.47115384615384615 0.3605769230769231 0.47115384615384615 0.4014423076923077 0.49278846153846156 0.4014423076923077
8 0.3870192307692308 0.40865384615384615 0.36778846153846156 0.40865384615384615 0.36778846153846156 0.46153846153846156 0.3870192307692308 0.46153846153846156
9 0.6875 0.48317307692307704 0.6586538461538461 0.48317307692307704 0.6586538461538461 0.5240384615384617 0.6875 0.5240384615384617
4 0.3052884615384616 0.49038461538461536 0.2836538461538462 0.49038461538461536 0.2836538461538462 0.5192307692307693 0.3052884615384616 0.5192307692307693
2 0.31971153846153855 0.5264423076923077 0.29807692307692313 0.5264423076923077 0.29807692307692313 0.5625 0.3197115384615386 0.5625
5 0.4254807692307693 0.5384615384615384 0.4014423076923077 0.5384615384615384 0.40144230769230776 0.5769230769230769 0.4254807692307694 0.5769230769230769
4 0.3942307692307693 0.5432692307692307 0.37740384615384615 0.5432692307692307 0.3774038461538462 0.5745192307692307 0.3942307692307694 0.5745192307692307
4 0.5264423076923077 0.5456730769230769 0.5048076923076923 0.5456730769230769 0.5048076923076924 0.5841346153846154 0.5264423076923078 0.5841346153846154
4 0.28125000000000006 0.5841346153846154 0.2524038461538462 0.5841346153846154 0.2524038461538462 0.6201923076923077 0.28125000000000006 0.6201923076923077
2 0.19471153846153852 0.6105769230769231 0.1538461538461539 0.6105769230769231 0.1538461538461539 0.65625 0.19471153846153852 0.65625
2 0.38461538461538475 0.6538461538461539 0.36057692307692324 0.6538461538461539 0.36057692307692324 0.6995192307692307 0.38461538461538475 0.6995192307692307
4 0.42067307692307704 0.6706730769230769 0.3990384615384617 0.6706730769230769 0.3990384615384617 0.7115384615384616 0.42067307692307704 0.7115384615384616
2 0.04567307692307702 0.7091346153846154 8.684394368953586e-17 0.7091346153846154 9.052377181197382e-17 0.7692307692307693 0.045673076923077024 0.7692307692307693
4 0.8990384615384616 0.8221153846153846 0.84375 0.8221153846153846 0.84375 0.9038461538461539 0.8990384615384616 0.9038461538461539
2 0.2524038461538463 0.8653846153846154 0.1995192307692309 0.8653846153846154 0.1995192307692309 0.96875 0.2524038461538463 0.96875