8 0.38461538461538464 0.40865384615384615 0.36778846153846156 0.40865384615384615 0.36778846153846156 0.45913461538461536 0.38461538461538464 0.45913461538461536
8 0.3268043489553143 0.5287025883728064 0.3227975168269231 0.46810226682692313 0.2839762848743761 0.4706690875216519 0.2879831170027673 0.5312694090675352
2 0.39903846153846156 0.4831730769230769 0.3870192307692308 0.4831730769230769 0.3870192307692308 0.5192307692307693 0.39903846153846156 0.5192307692307693
8 0.3269230769230769 0.5120192307692307 0.3004807692307693 0.5120192307692307 0.3004807692307693 0.5504807692307693 0.3269230769230769 0.5504807692307693
9 0.295673076923077 0.5625 0.2692307692307693 0.5625 0.2692307692307693 0.6009615384615384 0.295673076923077 0.6009615384615384
9 0.42067307692307704 0.6177884615384616 0.3942307692307694 0.6177884615384616 0.3942307692307694 0.6610576923076923 0.42067307692307704 0.6610576923076923
4 0.21394230769230776 0.6370192307692307 0.1850961538461539 0.6370192307692307 0.1850961538461539 0.6706730769230769 0.21394230769230776 0.6706730769230769
4 0.07932692307692314 0.6634615384615384 0.03846153846153855 0.6634615384615384 0.03846153846153855 0.6947115384615384 0.07932692307692314 0.6947115384615384
4 0.4254807692307694 0.8028846153846154 0.39182692307692324 0.8028846153846154 0.39182692307692324 0.8629807692307693 0.4254807692307694 0.8629807692307693
0 0.3774038461538463 0.8076923076923077 0.3028846153846155 0.8076923076923077 0.3028846153846155 0.9783653846153846 0.3774038461538463 0.9783653846153846
2 0.5312500000000001 0.8557692307692307 0.48557692307692324 0.8557692307692307 0.48557692307692324 0.9807692307692307 0.5312500000000001 0.9807692307692307
2 0.9807692307692307 0.9014423076923077 0.9134615384615384 0.9014423076923077 0.9134615384615384 0.9783653846153846 0.9807692307692307 0.9783653846153846