0 0.4254807692307692 0.40384615384615385 0.40865384615384615 0.40384615384615385 0.40865384615384615 0.4519230769230769 0.4254807692307692 0.4519230769230769
4 0.2860576923076924 0.4855769230769231 0.2740384615384616 0.4855769230769231 0.2740384615384616 0.5072115384615384 0.2860576923076924 0.5072115384615384
2 0.3317307692307692 0.49278846153846156 0.31009615384615385 0.49278846153846156 0.31009615384615385 0.5336538461538461 0.3317307692307692 0.5336538461538461
2 0.5 0.5048076923076923 0.4807692307692308 0.5048076923076923 0.4807692307692308 0.5432692307692307 0.5 0.5432692307692307
2 0.4254807692307692 0.5168269230769231 0.40625 0.5168269230769231 0.40625 0.5528846153846154 0.4254807692307692 0.5528846153846154
4 0.545673076923077 0.5528846153846154 0.5240384615384616 0.5528846153846154 0.5240384615384616 0.5865384615384616 0.5456730769230771 0.5865384615384616
8 0.3677884615384616 0.53125 0.33413461538461536 0.53125 0.3341346153846155 0.6177884615384616 0.3677884615384617 0.6177884615384616
4 0.39663461538461553 0.5649038461538461 0.3774038461538463 0.5649038461538461 0.3774038461538463 0.59375 0.39663461538461553 0.59375
4 0.48317307692307704 0.5697115384615384 0.4615384615384617 0.5697115384615384 0.4615384615384617 0.6105769230769231 0.48317307692307704 0.6105769230769231
4 0.21153846153846162 0.6009615384615384 0.18028846153846162 0.6009615384615384 0.18028846153846162 0.6394230769230769 0.21153846153846162 0.6394230769230769
9 0.5312500000000001 0.59375 0.5048076923076924 0.59375 0.5048076923076924 0.6514423076923077 0.5312500000000001 0.6514423076923077
2 0.3870192307692309 0.6706730769230769 0.36057692307692324 0.6706730769230769 0.36057692307692324 0.7211538461538461 0.3870192307692309 0.7211538461538461
9 0.5144230769230771 0.6899038461538461 0.4807692307692309 0.6899038461538461 0.4807692307692309 0.7716346153846154 0.5144230769230771 0.7716346153846154
2 0.605769230769231 0.875 0.5649038461538463 0.875 0.5649038461538463 0.9591346153846154 0.605769230769231 0.9591346153846154