9 0.6201923076923077 0.264423076923077 0.35336538461538464 0.264423076923077 0.3533653846153847 0.7884615384615384 0.6201923076923077 0.7884615384615384
4 1 0.4014423076923078 0.7980769230769231 0.4014423076923078 0.7980769230769231 0.7235576923076923 1 0.7235576923076923
2 0.4615384615384616 0.45913461538461536 0.1129807692307693 0.45913461538461536 0.11298076923076933 1 0.4615384615384617 1
4 1 0.7043269230769231 0.6658653846153846 0.7043269230769231 0.6658653846153846 1 1 1
5 0.49759615384615385 0.0336538461538462 0.28125 0.03365384615384619 0.28125 0.2475961538461539 0.49759615384615385 0.2475961538461539
4 0.24759615384615388 0.0841346153846154 0.026442307692307702 0.08413461538461539 0.026442307692307716 0.3269230769230769 0.2475961538461539 0.3269230769230769
1 0.7740384615384616 0.11298076923076932 0.6947115384615384 0.1129807692307693 0.6947115384615384 0.37259615384615397 0.7740384615384616 0.37259615384615397
1 0.8461538461538461 0.14182692307692318 0.7836538461538461 0.14182692307692318 0.7836538461538461 0.3942307692307694 0.8461538461538461 0.3942307692307694
4 0.7163461538461539 0.14903846153846162 0.5048076923076923 0.14903846153846162 0.5048076923076923 0.4567307692307693 0.7163461538461539 0.4567307692307694
2 1 0.20432692307692318 0.7788461538461539 0.20432692307692316 0.7788461538461539 0.4759615384615386 1 0.4759615384615386
9 0.4519230769230769 0.20192307692307696 0.21875 0.20192307692307693 0.21875000000000003 0.5336538461538461 0.4519230769230769 0.5336538461538461