4 0.6947115384615384 0.3990384615384616 0.5408653846153846 0.39903846153846156 0.5408653846153847 0.6153846153846154 0.6947115384615384 0.6153846153846154
4 0.576923076923077 0.46394230769230776 0.3701923076923077 0.4639423076923077 0.37019230769230776 0.7139423076923077 0.5769230769230771 0.7139423076923077
5 0.9951923076923077 0.5408653846153848 0.7692307692307693 0.5408653846153848 0.7692307692307693 0.8533653846153846 0.9951923076923077 0.8533653846153846
4 1 0.7548076923076923 0.7668269230769231 0.7548076923076923 0.7668269230769231 1 1 1
4 0.7379807692307693 0.05528846153846163 0.6466346153846154 0.05528846153846163 0.6466346153846154 0.1658653846153847 0.7379807692307693 0.1658653846153847
4 0.6153846153846154 0.09375000000000007 0.5384615384615384 0.09375000000000007 0.5384615384615384 0.19471153846153852 0.6153846153846154 0.19471153846153852
4 0.6658653846153846 0.11538461538461545 0.5649038461538461 0.11538461538461545 0.5649038461538461 0.2596153846153847 0.6658653846153846 0.2596153846153847
4 0.46153846153846156 0.19230769230769237 0.35096153846153844 0.19230769230769237 0.35096153846153844 0.3125 0.46153846153846156 0.3125
4 0.49759615384615385 0.21875000000000006 0.38461538461538464 0.21875000000000006 0.38461538461538464 0.32211538461538464 0.49759615384615385 0.32211538461538464
4 0.5360576923076923 0.264423076923077 0.39903846153846156 0.264423076923077 0.39903846153846156 0.4254807692307692 0.5360576923076923 0.4254807692307692
4 0.6009615384615384 0.31971153846153855 0.4567307692307692 0.31971153846153844 0.4567307692307692 0.4927884615384616 0.6009615384615384 0.4927884615384617
9 0.4567307692307693 0.32211538461538464 0.28846153846153855 0.32211538461538464 0.28846153846153855 0.5841346153846154 0.4567307692307694 0.5841346153846154