1 0.75 0.4182692307692309 0.6826923076923077 0.4182692307692309 0.6826923076923077 0.6081730769230771 0.75 0.6081730769230771
2 0.7259615384615384 0.3990384615384616 0.5360576923076923 0.39903846153846156 0.5360576923076924 0.6610576923076923 0.7259615384615384 0.6610576923076923
5 0.9807692307692307 0.41586538461538475 0.7788461538461539 0.41586538461538475 0.7788461538461539 0.65625 0.9807692307692307 0.65625
4 0.43750000000000006 0.4375 0.2716346153846155 0.4375 0.2716346153846155 0.6490384615384616 0.4375000000000001 0.6490384615384616
2 0.5985576923076924 0.528846153846154 0.3894230769230769 0.5288461538461539 0.389423076923077 0.7980769230769231 0.5985576923076924 0.7980769230769231
4 1 0.6009615384615385 0.7548076923076923 0.6009615384615385 0.7548076923076923 0.875 1 0.875
4 0.21153846153846154 0.040865384615384644 0.15144230769230768 0.04086538461538463 0.15144230769230768 0.11538461538461542 0.21153846153846154 0.11538461538461542
4 0.7908653846153846 0.7067307692307693 0.5312500000000001 0.7067307692307693 0.5312500000000001 1 0.7908653846153846 1
0 0.3894230769230769 0.009615384615384654 0.23557692307692307 0.009615384615384645 0.23557692307692307 0.1899038461538462 0.3894230769230769 0.18990384615384623
4 0.13461538461538464 0.06250000000000001 0.07211538461538461 0.06250000000000001 0.07211538461538462 0.15865384615384615 0.13461538461538464 0.15865384615384615
4 0.18028846153846154 0.09134615384615387 0.10817307692307693 0.09134615384615384 0.10817307692307694 0.1778846153846154 0.18028846153846154 0.1778846153846154
4 0.06009615384615387 0.1346153846153846 0.00240384615384617 0.1346153846153846 0.0024038461538461774 0.2548076923076923 0.06009615384615388 0.2548076923076923
2 0.1730769230769231 0.1971153846153846 0.05769230769230771 0.1971153846153846 0.05769230769230772 0.38221153846153844 0.17307692307692316 0.38221153846153844
1 0.264423076923077 0.23076923076923078 0.22355769230769232 0.23076923076923078 0.22355769230769235 0.3557692307692308 0.264423076923077 0.3557692307692308
2 0.41346153846153844 0.21394230769230776 0.28125 0.21394230769230776 0.28125000000000006 0.37259615384615385 0.41346153846153844 0.37259615384615385
1 0.36538461538461536 0.3028846153846155 0.3076923076923077 0.3028846153846155 0.3076923076923077 0.4423076923076923 0.36538461538461536 0.4423076923076923
4 0.5480769230769231 0.35336538461538464 0.40865384615384615 0.35336538461538464 0.40865384615384615 0.5 0.5480769230769231 0.5