4 1 0.543269230769231 0.8341346153846154 0.543269230769231 0.8341346153846154 0.8269230769230769 1 0.8269230769230769
9 0.5817307692307693 6.373462308062547e-17 0.45913461538461536 5.622777371085204e-17 0.45913461538461536 0.1442307692307693 0.5817307692307693 0.1442307692307693
4 0.22596153846153846 0.021634615384615405 0.11298076923076923 0.0216346153846154 0.11298076923076923 0.12740384615384617 0.22596153846153846 0.1274038461538462
2 0.2235576923076924 0.5625 6.888638245203861e-17 0.5625 9.199570306094901e-17 0.9399038461538461 0.22355769230769246 0.9399038461538461
4 0.9038461538461539 0.019230769230769332 0.7980769230769231 0.019230769230769326 0.7980769230769231 0.1562500000000001 0.9038461538461539 0.15625000000000014
5 0.96875 0.026442307692307803 0.8197115384615384 0.026442307692307796 0.8197115384615384 0.20913461538461547 0.96875 0.20913461538461553
4 0.23076923076923078 0.0793269230769231 0.12740384615384615 0.07932692307692307 0.12740384615384617 0.19471153846153846 0.23076923076923078 0.19471153846153846
9 0.6538461538461539 0.06250000000000008 0.5168269230769231 0.06250000000000007 0.5168269230769231 0.2283653846153847 0.6538461538461539 0.2283653846153847
2 0.7067307692307693 0.13221153846153855 0.5673076923076923 0.13221153846153852 0.5673076923076923 0.29807692307692313 0.7067307692307693 0.29807692307692313
4 0.2355769230769231 0.13461538461538464 0.10817307692307693 0.1346153846153846 0.10817307692307694 0.3004807692307692 0.23557692307692316 0.3004807692307692
4 1 0.13461538461538475 0.8942307692307693 0.13461538461538472 0.8942307692307693 0.31730769230769246 1 0.31730769230769246
4 0.5913461538461539 0.1658653846153847 0.42788461538461536 0.1658653846153847 0.42788461538461536 0.38221153846153855 0.5913461538461539 0.3822115384615386
2 0.8317307692307693 0.2283653846153847 0.6730769230769231 0.2283653846153847 0.6730769230769231 0.4447115384615386 0.8317307692307693 0.4447115384615386
4 0.2740384615384616 0.30528846153846156 0.05288461538461542 0.30528846153846156 0.05288461538461543 0.5120192307692307 0.2740384615384616 0.5120192307692307
2 0.9615384615384616 0.2548076923076924 0.7379807692307693 0.2548076923076924 0.7379807692307693 0.6418269230769231 0.9615384615384616 0.6418269230769231