2 0.33413461538461536 0.29807692307692313 0.2716346153846155 0.2980769230769231 0.2716346153846155 0.38221153846153844 0.33413461538461536 0.38221153846153844
9 0.19951923076923084 0.3125 0.12259615384615388 0.3125 0.12259615384615388 0.39663461538461536 0.19951923076923084 0.39663461538461536
8 0.7644230769230769 0.2860576923076924 0.65625 0.2860576923076924 0.65625 0.4302884615384617 0.7644230769230769 0.4302884615384617
2 0.47836538461538464 0.3269230769230769 0.4254807692307692 0.3269230769230769 0.4254807692307692 0.4182692307692308 0.47836538461538464 0.4182692307692308
4 0.6298076923076923 0.3677884615384617 0.5817307692307693 0.3677884615384617 0.5817307692307693 0.43509615384615397 0.6298076923076923 0.43509615384615397
4 0.4831730769230769 0.39663461538461536 0.4254807692307692 0.39663461538461536 0.4254807692307692 0.47596153846153844 0.4831730769230769 0.47596153846153844
4 0.5769230769230769 0.4038461538461539 0.5120192307692307 0.40384615384615385 0.5120192307692307 0.4783653846153847 0.5769230769230769 0.47836538461538475
2 0.8100961538461539 0.41105769230769246 0.7163461538461539 0.41105769230769246 0.7163461538461539 0.5048076923076924 0.8100961538461539 0.5048076923076924
1 0.0600961538461539 0.4326923076923077 0.0024038461538462073 0.4326923076923077 0.0024038461538462125 0.5192307692307693 0.06009615384615392 0.5192307692307693
2 0.2475961538461539 0.41346153846153844 0.15144230769230774 0.41346153846153844 0.15144230769230774 0.5408653846153846 0.2475961538461539 0.5408653846153846
4 0.16346153846153852 0.4326923076923077 0.10096153846153853 0.4326923076923077 0.10096153846153853 0.5264423076923077 0.16346153846153852 0.5264423076923077
2 0.71875 0.4302884615384617 0.6274038461538461 0.4302884615384617 0.6274038461538461 0.5456730769230771 0.71875 0.5456730769230771
4 0.47115384615384615 0.44711538461538464 0.4014423076923077 0.44711538461538464 0.4014423076923077 0.5504807692307693 0.47115384615384615 0.5504807692307693
4 0.5769230769230769 0.45432692307692313 0.5072115384615384 0.4543269230769231 0.5072115384615384 0.5528846153846154 0.5769230769230769 0.5528846153846155
1 0.2716346153846155 0.5 0.23076923076923084 0.5 0.23076923076923084 0.59375 0.2716346153846155 0.59375
4 0.8581730769230769 0.4951923076923078 0.7596153846153846 0.4951923076923078 0.7596153846153846 0.6009615384615385 0.8581730769230769 0.6009615384615385
4 0.1177884615384616 0.5264423076923077 6.447058870511307e-17 0.5264423076923077 6.991673432632124e-17 0.6153846153846154 0.1177884615384616 0.6153846153846154
1 0.9471153846153846 0.5096153846153848 0.9014423076923077 0.5096153846153848 0.9014423076923077 0.6394230769230769 0.9471153846153846 0.6394230769230769
4 0.4783653846153847 0.5336538461538461 0.39903846153846156 0.5336538461538461 0.3990384615384616 0.6634615384615384 0.47836538461538475 0.6634615384615384
1 0.6778846153846154 0.5504807692307694 0.6466346153846154 0.5504807692307694 0.6466346153846154 0.6658653846153846 0.6778846153846154 0.6658653846153846
4 0.6105769230769231 0.5408653846153847 0.5120192307692307 0.5408653846153846 0.5120192307692308 0.6826923076923077 0.6105769230769232 0.6826923076923077
2 0.7860576923076923 0.5264423076923078 0.6754807692307693 0.5264423076923078 0.6754807692307693 0.6995192307692307 0.7860576923076923 0.6995192307692307
1 0.9783653846153846 0.5649038461538463 0.9375 0.5649038461538463 0.9375 0.7067307692307693 0.9783653846153846 0.7067307692307693
1 0.37980769230769246 0.5769230769230769 0.33413461538461553 0.5769230769230769 0.33413461538461553 0.6947115384615384 0.37980769230769246 0.6947115384615384
5 0.18990384615384623 0.5865384615384616 0.024038461538461606 0.5865384615384616 0.02403846153846162 0.7331730769230769 0.18990384615384623 0.7331730769230769
4 0.9567307692307693 0.5793269230769232 0.8076923076923077 0.5793269230769232 0.8076923076923077 0.7475961538461539 0.9567307692307693 0.7475961538461539
1 0.6466346153846154 0.6153846153846154 0.6009615384615385 0.6153846153846154 0.6009615384615385 0.7451923076923077 0.6466346153846154 0.7451923076923077
1 0.7067307692307693 0.6322115384615384 0.6682692307692307 0.6322115384615384 0.6682692307692307 0.7524038461538461 0.7067307692307693 0.7524038461538461
1 0.46634615384615397 0.6610576923076923 0.4062500000000001 0.6610576923076923 0.4062500000000001 0.8100961538461539 0.46634615384615397 0.8100961538461539
1 0.3629807692307694 0.6634615384615384 0.3052884615384616 0.6634615384615384 0.3052884615384616 0.8197115384615384 0.3629807692307694 0.8197115384615384
1 0.560096153846154 0.6682692307692307 0.5144230769230771 0.6682692307692307 0.5144230769230771 0.8293269230769231 0.560096153846154 0.8293269230769231
1 0.5048076923076924 0.7043269230769231 0.4567307692307694 0.7043269230769231 0.4567307692307694 0.8533653846153846 0.5048076923076924 0.8533653846153846
1 0.625 0.71875 0.5697115384615385 0.71875 0.5697115384615385 0.875 0.625 0.875
1 0.6754807692307693 0.7403846153846154 0.6177884615384616 0.7403846153846154 0.6177884615384616 0.9110576923076923 0.6754807692307693 0.9110576923076923
1 0.7475961538461539 0.7524038461538461 0.6850961538461539 0.7524038461538461 0.6850961538461539 0.9182692307692307 0.7475961538461539 0.9182692307692307
1 0.9903846153846154 0.7644230769230769 0.9302884615384616 0.7644230769230769 0.9302884615384616 0.9591346153846154 0.9903846153846154 0.9591346153846154
1 0.9230769230769231 0.7860576923076923 0.8557692307692307 0.7860576923076923 0.8557692307692307 0.9639423076923077 0.9230769230769231 0.9639423076923077
1 0.8125 0.7884615384615384 0.7548076923076923 0.7884615384615384 0.7548076923076923 0.9663461538461539 0.8125 0.9663461538461539