4 0.6009615384615385 0.3990384615384616 0.3629807692307692 0.39903846153846156 0.3629807692307693 0.7163461538461539 0.6009615384615385 0.7163461538461539
2 0.8173076923076923 0.0024038461538462433 0.6442307692307693 0.002403846153846233 0.6442307692307693 0.11778846153846162 0.8173076923076923 0.11778846153846165
4 0.78125 0.47355769230769246 0.6418269230769231 0.47355769230769246 0.6418269230769231 0.7668269230769231 0.78125 0.7668269230769231
2 0.4951923076923077 0.014423076923076974 0.33413461538461536 0.014423076923076966 0.33413461538461536 0.22596153846153852 0.4951923076923077 0.22596153846153852
4 0.8485576923076923 0.03365384615384625 0.6899038461538461 0.03365384615384624 0.6899038461538461 0.20913461538461547 0.8485576923076923 0.20913461538461553
4 0.9038461538461539 0.07692307692307702 0.7692307692307693 0.07692307692307702 0.7692307692307693 0.2908653846153847 0.9038461538461539 0.29086538461538475
2 0.2524038461538462 0.08894230769230771 0.050480769230769246 0.0889423076923077 0.05048076923076926 0.3485576923076923 0.2524038461538462 0.3485576923076923
4 0.9879807692307693 0.1370192307692309 0.8317307692307693 0.13701923076923087 0.8317307692307693 0.3149038461538463 0.9879807692307693 0.3149038461538463
4 0.5480769230769231 0.15144230769230774 0.38461538461538464 0.15144230769230774 0.38461538461538464 0.34134615384615385 0.5480769230769231 0.34134615384615385
4 0.3557692307692308 0.1899038461538462 0.18509615384615385 0.18990384615384615 0.18509615384615388 0.4423076923076923 0.3557692307692308 0.4423076923076923
4 0.5769230769230769 0.23076923076923084 0.43990384615384615 0.23076923076923084 0.43990384615384615 0.4278846153846155 0.5769230769230769 0.42788461538461553
2 0.7548076923076923 0.15625000000000006 0.5144230769230769 0.15625000000000006 0.514423076923077 0.5937500000000001 0.7548076923076923 0.5937500000000001