9 0.43509615384615385 4.621864121782078e-17 0.31971153846153844 3.9153371222739897e-17 0.31971153846153844 0.10336538461538466 0.43509615384615385 0.10336538461538468
4 0.8605769230769231 0.004807692307692407 0.7740384615384616 0.004807692307692402 0.7740384615384616 0.09855769230769242 0.8605769230769231 0.09855769230769242
9 0.7259615384615384 0.3485576923076924 0.46875 0.3485576923076923 0.46875000000000006 0.6826923076923077 0.7259615384615384 0.6826923076923077
5 0.4278846153846155 0.44711538461538464 0.19471153846153852 0.44711538461538464 0.19471153846153852 0.7548076923076923 0.42788461538461553 0.7548076923076923
1 0.7403846153846154 0.024038461538461627 0.6826923076923077 0.024038461538461623 0.6826923076923077 0.10576923076923085 0.7403846153846154 0.10576923076923087
4 0.6394230769230769 0.6009615384615385 0.4254807692307694 0.6009615384615384 0.4254807692307694 0.8725961538461539 0.6394230769230769 0.8725961538461539
4 0.9591346153846154 0.06490384615384627 0.8894230769230769 0.06490384615384626 0.8894230769230769 0.18028846153846168 0.9591346153846154 0.18028846153846168
1 0.8870192307692307 0.09615384615384626 0.84375 0.09615384615384626 0.84375 0.18269230769230782 0.8870192307692307 0.18269230769230782
4 0.9855769230769231 0.14903846153846165 0.9134615384615384 0.14903846153846165 0.9134615384615384 0.31009615384615397 0.9855769230769231 0.31009615384615397
4 0.8629807692307693 0.17548076923076933 0.7548076923076923 0.1754807692307693 0.7548076923076923 0.3149038461538463 0.8629807692307693 0.3149038461538463
1 0.9134615384615384 0.17788461538461553 0.8701923076923077 0.17788461538461553 0.8701923076923077 0.3149038461538463 0.9134615384615384 0.3149038461538463
2 0.6947115384615384 0.2067307692307693 0.5600961538461539 0.2067307692307693 0.5600961538461539 0.3822115384615386 0.6947115384615384 0.3822115384615386
1 0.6057692307692307 0.2740384615384616 0.5504807692307693 0.2740384615384616 0.5504807692307693 0.4038461538461539 0.6057692307692307 0.40384615384615397
2 0.8774038461538461 0.27884615384615397 0.7139423076923077 0.2788461538461539 0.7139423076923077 0.46634615384615397 0.8774038461538461 0.46634615384615397
1 0.32211538461538464 0.37740384615384615 0.2548076923076924 0.37740384615384615 0.2548076923076924 0.49759615384615385 0.32211538461538464 0.49759615384615385