9 0.28846153846153844 2.693634185624587e-17 0.15144230769230768 1.8546333737087322e-17 0.15144230769230768 0.1274038461538462 0.28846153846153844 0.1274038461538462
4 0.4615384615384616 0.5048076923076923 0.25000000000000006 0.5048076923076923 0.25000000000000006 0.7716346153846154 0.4615384615384617 0.7716346153846154
4 0.8557692307692307 0.014423076923077021 0.7283653846153846 0.014423076923077012 0.7283653846153846 0.15384615384615394 0.8557692307692307 0.153846153846154
4 0.4567307692307694 0.7211538461538461 0.14423076923076933 0.7211538461538461 0.14423076923076936 1 0.4567307692307694 1
2 0.6947115384615384 0.007211538461538539 0.5697115384615384 0.007211538461538532 0.5697115384615384 0.17307692307692316 0.6947115384615384 0.17307692307692316
8 0.5072115384615384 4.960408309046371e-17 0.30288461538461536 3.7092667474174644e-17 0.30288461538461536 0.23317307692307698 0.5072115384615384 0.23317307692307698
4 0.8822115384615384 0.08653846153846165 0.7548076923076923 0.08653846153846165 0.7548076923076923 0.2500000000000001 0.8822115384615384 0.2500000000000001
2 0.9663461538461539 0.14423076923076933 0.8125 0.14423076923076933 0.8125 0.36538461538461553 0.9663461538461539 0.36538461538461553
2 0.17067307692307696 0.13461538461538464 0.00240384615384617 0.1346153846153846 0.002403846153846193 0.5048076923076923 0.17067307692307698 0.5048076923076923
9 0.5961538461538461 0.16105769230769237 0.4206730769230769 0.16105769230769237 0.4206730769230769 0.4903846153846155 0.5961538461538461 0.49038461538461553
4 1 0.23798076923076936 0.875 0.23798076923076936 0.875 0.4567307692307694 1 0.4567307692307694
4 0.44951923076923084 0.3581730769230769 0.2379807692307693 0.3581730769230769 0.2379807692307693 0.6153846153846154 0.4495192307692309 0.6153846153846154