9 0.14423076923076927 0.31490384615384615 0.08653846153846158 0.31490384615384615 0.08653846153846158 0.4182692307692308 0.14423076923076927 0.4182692307692308
4 0.7692307692307693 0.33413461538461553 0.7043269230769231 0.33413461538461553 0.7043269230769231 0.42307692307692324 0.7692307692307693 0.42307692307692324
0 0.65625 0.2596153846153847 0.5456730769230769 0.2596153846153847 0.5456730769230769 0.5072115384615385 0.65625 0.5072115384615385
5 0.20432692307692316 0.34134615384615385 0.13461538461538464 0.34134615384615385 0.13461538461538466 0.4375 0.20432692307692316 0.4375
1 0.11057692307692313 0.36538461538461536 0.07692307692307696 0.36538461538461536 0.07692307692307697 0.44711538461538464 0.11057692307692314 0.44711538461538464
1 0.07692307692307697 0.3701923076923077 0.045673076923076976 0.3701923076923077 0.045673076923076976 0.4639423076923077 0.076923076923077 0.4639423076923077
4 0.5504807692307693 0.4014423076923077 0.49038461538461536 0.4014423076923077 0.49038461538461536 0.4951923076923077 0.5504807692307693 0.4951923076923077
4 0.8413461538461539 0.39182692307692324 0.7668269230769231 0.39182692307692324 0.7668269230769231 0.512019230769231 0.8413461538461539 0.512019230769231
1 0.04086538461538468 0.4182692307692308 0.004807692307692359 0.4182692307692308 0.004807692307692365 0.5192307692307693 0.040865384615384685 0.5192307692307693
4 0.18028846153846162 0.43990384615384615 0.12019230769230776 0.43990384615384615 0.12019230769230776 0.5096153846153846 0.18028846153846162 0.5096153846153846
4 0.11538461538461545 0.4326923076923077 0.05528846153846159 0.4326923076923077 0.0552884615384616 0.5168269230769231 0.11538461538461545 0.5168269230769231
9 0.6875 0.4086538461538463 0.5961538461538461 0.4086538461538463 0.5961538461538461 0.5504807692307694 0.6875 0.5504807692307694
4 0.2524038461538462 0.44711538461538464 0.18990384615384623 0.44711538461538464 0.18990384615384623 0.5384615384615384 0.2524038461538462 0.5384615384615384
4 0.34375 0.4543269230769231 0.27644230769230776 0.4543269230769231 0.27644230769230776 0.5432692307692307 0.34375 0.5432692307692307
4 0.7764423076923077 0.45432692307692324 0.6947115384615384 0.45432692307692324 0.6947115384615384 0.5504807692307694 0.7764423076923077 0.5504807692307694
4 0.46153846153846156 0.4639423076923077 0.3942307692307692 0.4639423076923077 0.3942307692307692 0.5576923076923077 0.46153846153846156 0.5576923076923077
4 0.16346153846153852 0.46875 0.09375000000000007 0.46875 0.09375000000000007 0.5697115384615384 0.16346153846153852 0.5697115384615384
4 0.4038461538461539 0.4807692307692308 0.3245192307692308 0.4807692307692308 0.32451923076923084 0.6057692307692307 0.40384615384615397 0.6057692307692307
4 0.6033653846153847 0.5024038461538463 0.5192307692307693 0.5024038461538461 0.5192307692307693 0.5841346153846154 0.6033653846153848 0.5841346153846155
4 0.24278846153846162 0.4855769230769231 0.15865384615384623 0.4855769230769231 0.15865384615384623 0.6081730769230769 0.24278846153846162 0.6081730769230769
1 0.8677884615384616 0.4927884615384617 0.8317307692307693 0.4927884615384617 0.8317307692307693 0.6177884615384616 0.8677884615384616 0.6177884615384616
4 0.14182692307692316 0.5168269230769231 0.052884615384615453 0.5168269230769231 0.05288461538461546 0.6322115384615384 0.14182692307692316 0.6322115384615384
4 0.8365384615384616 0.5192307692307694 0.7548076923076923 0.5192307692307694 0.7548076923076923 0.6346153846153846 0.8365384615384616 0.6346153846153846
4 0.4711538461538462 0.5408653846153846 0.39663461538461536 0.5408653846153846 0.3966346153846155 0.6225961538461539 0.4711538461538463 0.6225961538461539
4 0.7235576923076923 0.5384615384615385 0.6418269230769231 0.5384615384615385 0.6418269230769231 0.6346153846153846 0.7235576923076923 0.6346153846153846
4 0.3629807692307693 0.5336538461538461 0.2908653846153847 0.5336538461538461 0.2908653846153847 0.65625 0.3629807692307694 0.65625
4 0.0865384615384616 0.5384615384615384 6.594251995408825e-17 0.5384615384615384 7.403814182345177e-17 0.6706730769230769 0.0865384615384616 0.6706730769230769
2 0.6418269230769231 0.5625000000000001 0.5649038461538463 0.5625000000000001 0.5649038461538463 0.6947115384615384 0.6418269230769231 0.6947115384615384
4 0.7644230769230769 0.5985576923076924 0.6706730769230769 0.5985576923076924 0.6706730769230769 0.6995192307692307 0.7644230769230769 0.6995192307692307
2 0.47836538461538475 0.5841346153846154 0.3942307692307694 0.5841346153846154 0.3942307692307694 0.7139423076923077 0.47836538461538475 0.7139423076923077
4 0.8846153846153846 0.591346153846154 0.7884615384615384 0.591346153846154 0.7884615384615384 0.7163461538461539 0.8846153846153846 0.7163461538461539
4 0.3149038461538463 0.5817307692307693 0.2163461538461539 0.5817307692307693 0.2163461538461539 0.7427884615384616 0.3149038461538463 0.7427884615384616
1 0.12259615384615394 0.6346153846153846 0.07451923076923085 0.6346153846153846 0.07451923076923085 0.7572115384615384 0.12259615384615395 0.7572115384615384
2 0.8245192307692307 0.625 0.7067307692307693 0.625 0.7067307692307693 0.7932692307692307 0.8245192307692307 0.7932692307692307
4 0.4951923076923078 0.6634615384615384 0.39663461538461553 0.6634615384615384 0.39663461538461553 0.7788461538461539 0.4951923076923078 0.7788461538461539
4 0.22115384615384623 0.6610576923076923 0.12259615384615391 0.6610576923076923 0.12259615384615394 0.7908653846153846 0.22115384615384623 0.7908653846153846
5 0.36538461538461553 0.6514423076923077 0.26682692307692313 0.6514423076923077 0.26682692307692313 0.8052884615384616 0.36538461538461553 0.8052884615384616
0 1 0.4759615384615386 0.8822115384615384 0.4759615384615386 0.8822115384615384 1 1 1
9 0.7427884615384616 0.65625 0.6081730769230771 0.65625 0.6081730769230771 0.9206730769230769 0.7427884615384616 0.9206730769230769
4 0.5192307692307694 0.7451923076923077 0.41105769230769246 0.7451923076923077 0.41105769230769246 0.8605769230769231 0.5192307692307694 0.8605769230769231
4 0.22115384615384626 0.7548076923076923 0.12019230769230779 0.7548076923076923 0.12019230769230779 0.9158653846153846 0.22115384615384628 0.9158653846153846
4 0.3437500000000001 0.7644230769230769 0.22115384615384623 0.7644230769230769 0.22115384615384626 0.9182692307692307 0.3437500000000001 0.9182692307692307
4 0.9134615384615384 0.7716346153846154 0.7836538461538461 0.7716346153846154 0.7836538461538461 0.9182692307692307 0.9134615384615384 0.9182692307692307
4 0.36057692307692324 0.8509615384615384 0.24519230769230782 0.8509615384615384 0.24519230769230782 1 0.36057692307692324 1
2 0.8197115384615384 0.8533653846153846 0.6586538461538461 0.8533653846153846 0.6586538461538461 1 0.8197115384615384 1
4 0.17548076923076936 0.8557692307692307 0.045673076923077024 0.8557692307692307 0.04567307692307703 1 0.17548076923076936 1
4 0.9615384615384616 0.8653846153846154 0.8076923076923077 0.8653846153846154 0.8076923076923077 1 0.9615384615384616 1