9 0.9038461538461539 0.3389423076923078 0.7259615384615384 0.3389423076923078 0.7259615384615384 0.6802884615384616 0.9038461538461539 0.6802884615384616
4 0.32932692307692313 0.4375 0.10096153846153853 0.4375 0.10096153846153853 0.6682692307692307 0.32932692307692324 0.6682692307692307
4 1 0.5216346153846155 0.8197115384615384 0.5216346153846155 0.8197115384615384 0.7475961538461539 1 0.7475961538461539
4 1 0.65625 0.8677884615384616 0.65625 0.8677884615384616 0.9014423076923077 1 0.9014423076923077
2 0.3509615384615386 0.7860576923076923 0.09855769230769242 0.7860576923076923 0.09855769230769243 1 0.3509615384615386 1
8 0.7211538461538461 0.09615384615384624 0.5673076923076923 0.09615384615384623 0.5673076923076923 0.32692307692307704 0.7211538461538461 0.32692307692307704
2 0.12740384615384617 0.12980769230769232 1.5896857488931988e-17 0.12980769230769232 3.2824066852146605e-17 0.40625 0.1274038461538462 0.40625
2 0.3076923076923077 0.1995192307692308 0.18028846153846154 0.19951923076923078 0.18028846153846156 0.34134615384615385 0.3076923076923077 0.34134615384615385
2 0.5552884615384616 0.2163461538461539 0.43509615384615385 0.2163461538461539 0.43509615384615385 0.35096153846153844 0.5552884615384616 0.35096153846153844
4 0.7427884615384616 0.23317307692307698 0.6153846153846154 0.23317307692307698 0.6153846153846154 0.3774038461538463 0.7427884615384616 0.3774038461538463
2 0.08413461538461543 0.27163461538461536 3.326564622683916e-17 0.27163461538461536 4.489390309374311e-17 0.46153846153846156 0.08413461538461545 0.46153846153846156
4 0.545673076923077 0.34615384615384615 0.3918269230769231 0.34615384615384615 0.39182692307692313 0.5673076923076923 0.5456730769230771 0.5673076923076923