5 0.9182692307692307 0.45913461538461553 0.6586538461538461 0.45913461538461553 0.6586538461538461 0.7764423076923077 0.9182692307692307 0.7764423076923077
4 1 0.6826923076923077 0.7788461538461539 0.6826923076923077 0.7788461538461539 0.9975961538461539 1 0.9975961538461539
4 0.27163461538461536 2.5317217482373165e-17 0.14182692307692307 1.736878873790717e-17 0.1418269230769231 0.17067307692307693 0.27163461538461536 0.17067307692307693
4 0.2764423076923077 0.00240384615384618 0.1466346153846154 0.002403846153846172 0.1466346153846154 0.16826923076923078 0.2764423076923077 0.16826923076923078
4 0.7908653846153846 0.05288461538461548 0.6706730769230769 0.05288461538461547 0.6706730769230769 0.1754807692307693 0.7908653846153846 0.1754807692307693
2 0.8846153846153846 0.04807692307692317 0.7307692307692307 0.04807692307692316 0.7307692307692307 0.23076923076923087 0.8846153846153846 0.2307692307692309
4 0.44711538461538464 0.11298076923076929 0.3076923076923077 0.11298076923076926 0.3076923076923077 0.26682692307692313 0.44711538461538464 0.26682692307692313
4 0.9471153846153846 0.15384615384615394 0.7980769230769231 0.1538461538461539 0.7980769230769231 0.3461538461538463 0.9471153846153846 0.3461538461538463
4 0.6009615384615384 0.2716346153846155 0.47115384615384615 0.2716346153846155 0.47115384615384615 0.43750000000000006 0.6009615384615384 0.4375000000000001
4 0.6947115384615384 0.29326923076923084 0.5360576923076923 0.29326923076923084 0.5360576923076923 0.5024038461538463 0.6947115384615384 0.5024038461538463
9 0.8197115384615384 0.3437500000000001 0.6033653846153846 0.3437500000000001 0.6033653846153847 0.605769230769231 0.8197115384615384 0.605769230769231