4 0.41586538461538464 0.4423076923076923 0.31971153846153844 0.4423076923076923 0.31971153846153844 0.5528846153846154 0.41586538461538464 0.5528846153846154
4 0.7740384615384616 0.44711538461538475 0.6730769230769231 0.44711538461538475 0.6730769230769231 0.5673076923076924 0.7740384615384616 0.5673076923076924
4 0.26682692307692313 0.4543269230769231 0.14663461538461545 0.4543269230769231 0.14663461538461545 0.5961538461538461 0.26682692307692313 0.5961538461538461
4 0.8365384615384616 0.48317307692307704 0.7307692307692307 0.48317307692307704 0.7307692307692307 0.6081730769230771 0.8365384615384616 0.6081730769230771
4 0.4471153846153847 0.5528846153846154 0.33413461538461536 0.5528846153846154 0.3341346153846155 0.6826923076923077 0.44711538461538475 0.6826923076923077
4 0.9182692307692307 0.5865384615384617 0.7932692307692307 0.5865384615384617 0.7932692307692307 0.7379807692307693 0.9182692307692307 0.7379807692307693
4 0.5793269230769232 0.591346153846154 0.4062500000000001 0.5913461538461539 0.4062500000000001 0.7860576923076923 0.5793269230769232 0.7860576923076923
4 0.9759615384615384 0.6322115384615384 0.84375 0.6322115384615384 0.84375 0.8100961538461539 0.9759615384615384 0.8100961538461539
9 0.47836538461538475 0.6730769230769231 0.28125000000000006 0.6730769230769231 0.2812500000000001 0.9615384615384616 0.47836538461538475 0.9615384615384616
4 0.25480769230769246 0.8389423076923077 0.01682692307692318 0.8389423076923077 0.01682692307692319 1 0.25480769230769246 1
8 0.8533653846153846 0.18028846153846165 0.7716346153846154 0.18028846153846162 0.7716346153846154 0.32692307692307704 0.8533653846153846 0.32692307692307704
4 0.5216346153846154 0.22596153846153852 0.4567307692307692 0.22596153846153852 0.4567307692307692 0.3052884615384616 0.5216346153846154 0.3052884615384616
4 0.3028846153846154 0.2692307692307693 0.2283653846153846 0.2692307692307692 0.22836538461538464 0.3485576923076923 0.3028846153846155 0.3485576923076923
4 0.5673076923076923 0.295673076923077 0.4855769230769231 0.295673076923077 0.4855769230769231 0.358173076923077 0.5673076923076923 0.35817307692307704
2 0.9110576923076923 0.2740384615384616 0.8341346153846154 0.2740384615384616 0.8341346153846154 0.37980769230769246 0.9110576923076923 0.37980769230769246
2 0.4495192307692308 0.2596153846153847 0.3557692307692308 0.2596153846153847 0.3557692307692308 0.44471153846153844 0.4495192307692308 0.44471153846153844
5 0.9735576923076923 0.3149038461538463 0.875 0.3149038461538463 0.875 0.45192307692307704 0.9735576923076923 0.45192307692307704
4 0.3125 0.34134615384615385 0.21875000000000006 0.34134615384615385 0.21875000000000006 0.4519230769230769 0.3125 0.4519230769230769
4 0.75 0.3557692307692309 0.6682692307692307 0.3557692307692309 0.6682692307692307 0.4447115384615386 0.75 0.4447115384615386
4 1 0.37259615384615397 0.9254807692307693 0.37259615384615397 0.9254807692307693 0.5000000000000001 1 0.5000000000000001
2 0.6153846153846154 0.3798076923076924 0.5120192307692307 0.3798076923076923 0.5120192307692307 0.5264423076923077 0.6153846153846154 0.5264423076923078