1 0.9014423076923077 0.4254807692307694 0.8076923076923077 0.4254807692307694 0.8076923076923077 0.6586538461538461 0.9014423076923077 0.6586538461538461
4 0.5576923076923077 0.47596153846153844 0.3798076923076923 0.47596153846153844 0.3798076923076924 0.7163461538461539 0.5576923076923078 0.7163461538461539
4 0.9447115384615384 0.6875 0.5985576923076924 0.6875 0.5985576923076924 1 0.9447115384615384 1
4 0.12259615384615387 0.05528846153846155 0.040865384615384616 0.055288461538461536 0.04086538461538462 0.16826923076923078 0.12259615384615388 0.16826923076923078
4 0.35336538461538464 0.10096153846153849 0.2620192307692308 0.10096153846153849 0.2620192307692308 0.22355769230769235 0.35336538461538464 0.22355769230769237
4 0.1875 0.11298076923076925 0.0889423076923077 0.11298076923076923 0.08894230769230771 0.2548076923076923 0.1875 0.2548076923076923
4 0.4423076923076923 0.1490384615384616 0.34375 0.14903846153846156 0.34375 0.2860576923076924 0.4423076923076923 0.2860576923076924
2 0.3701923076923077 0.24038461538461542 0.18990384615384615 0.2403846153846154 0.1899038461538462 0.42788461538461536 0.3701923076923077 0.42788461538461536
4 0.5913461538461539 0.26682692307692313 0.4326923076923077 0.26682692307692313 0.4326923076923077 0.451923076923077 0.5913461538461539 0.45192307692307704
4 0.4879807692307693 0.3557692307692308 0.29807692307692313 0.3557692307692308 0.29807692307692313 0.5600961538461539 0.4879807692307694 0.5600961538461539
9 0.7644230769230769 0.3028846153846155 0.5649038461538461 0.3028846153846155 0.5649038461538463 0.6201923076923077 0.7644230769230769 0.6201923076923077