4 0.14423076923076927 0.4110576923076923 5.03400487149513e-17 0.4110576923076923 6.608971307898576e-17 0.6682692307692307 0.1442307692307693 0.6682692307692307
2 0.25 0.004807692307692331 0.14182692307692307 0.0048076923076923244 0.14182692307692307 0.12259615384615388 0.25 0.12259615384615388
1 0.9951923076923077 0.03846153846153858 0.9230769230769231 0.03846153846153858 0.9230769230769231 0.185096153846154 0.9951923076923077 0.185096153846154
4 0.7379807692307693 0.06730769230769239 0.6346153846153846 0.06730769230769239 0.6346153846153846 0.19471153846153852 0.7379807692307693 0.19471153846153852
4 0.2403846153846154 0.06009615384615387 0.0985576923076923 0.06009615384615386 0.09855769230769232 0.20432692307692307 0.2403846153846154 0.20432692307692307
4 0.7668269230769231 0.1033653846153847 0.65625 0.10336538461538468 0.65625 0.25000000000000006 0.7668269230769231 0.25000000000000006
8 0.4206730769230769 0.05769230769230772 0.20432692307692307 0.05769230769230771 0.2043269230769231 0.4831730769230769 0.4206730769230769 0.4831730769230769
4 0.84375 0.17788461538461547 0.7043269230769231 0.17788461538461545 0.7043269230769231 0.3677884615384617 0.84375 0.3677884615384617
2 0.19711538461538464 0.16826923076923078 0.02884615384615386 0.16826923076923078 0.028846153846153876 0.38221153846153844 0.1971153846153847 0.38221153846153844
4 0.16105769230769237 0.2932692307692308 3.591512247499449e-17 0.2932692307692308 4.63658343427183e-17 0.4639423076923077 0.16105769230769237 0.4639423076923077
4 0.9783653846153846 0.26923076923076933 0.8197115384615384 0.2692307692307693 0.8197115384615384 0.5240384615384617 0.9783653846153846 0.5240384615384617
2 0.5745192307692308 0.326923076923077 0.3918269230769231 0.3269230769230769 0.39182692307692313 0.5817307692307693 0.574519230769231 0.5817307692307694