2 0.7307692307692307 0.31730769230769246 0.6899038461538461 0.31730769230769246 0.6899038461538461 0.3750000000000001 0.7307692307692307 0.3750000000000001
1 0.7884615384615384 0.3245192307692309 0.7692307692307693 0.3245192307692309 0.7692307692307693 0.37980769230769246 0.7884615384615384 0.37980769230769246
1 0.6682692307692307 0.32932692307692324 0.6490384615384616 0.32932692307692324 0.6490384615384616 0.3942307692307694 0.6682692307692307 0.3942307692307694
1 0.8269230769230769 0.34134615384615397 0.8076923076923077 0.34134615384615397 0.8076923076923077 0.3990384615384617 0.8269230769230769 0.3990384615384617
4 0.9302884615384616 0.36057692307692324 0.875 0.36057692307692324 0.875 0.4182692307692309 0.9302884615384616 0.4182692307692309
4 0.8221153846153846 0.3677884615384617 0.75 0.3677884615384617 0.75 0.44230769230769246 0.8221153846153846 0.44230769230769246
9 0.29807692307692313 0.38461538461538464 0.22355769230769237 0.38461538461538464 0.22355769230769237 0.49278846153846156 0.29807692307692313 0.49278846153846156
4 0.6610576923076923 0.45432692307692324 0.5793269230769231 0.45432692307692324 0.5793269230769231 0.5504807692307694 0.6610576923076923 0.5504807692307694
2 0.2548076923076924 0.47115384615384615 0.15865384615384623 0.47115384615384615 0.15865384615384623 0.5625 0.2548076923076924 0.5625
4 0.4110576923076924 0.47596153846153844 0.33413461538461536 0.47596153846153844 0.3341346153846155 0.5769230769230769 0.41105769230769246 0.5769230769230769
1 0.5745192307692308 0.4783653846153847 0.5408653846153846 0.47836538461538464 0.5408653846153847 0.576923076923077 0.574519230769231 0.5769230769230771
4 0.5192307692307693 0.4807692307692308 0.4375 0.4807692307692308 0.43750000000000006 0.5745192307692307 0.5192307692307694 0.5745192307692307
5 0.36057692307692313 0.4855769230769231 0.25721153846153855 0.4855769230769231 0.25721153846153855 0.6009615384615384 0.36057692307692324 0.6009615384615384
4 0.2548076923076924 0.5120192307692307 0.14903846153846162 0.5120192307692307 0.14903846153846162 0.6322115384615384 0.2548076923076924 0.6322115384615384
4 0.48557692307692313 0.5168269230769231 0.3918269230769231 0.5168269230769231 0.39182692307692313 0.6298076923076923 0.48557692307692324 0.6298076923076923
4 0.3990384615384616 0.5384615384615384 0.28846153846153855 0.5384615384615384 0.28846153846153855 0.6394230769230769 0.3990384615384617 0.6394230769230769
1 0.264423076923077 0.5480769230769231 0.22596153846153852 0.5480769230769231 0.22596153846153852 0.6899038461538461 0.264423076923077 0.6899038461538461
9 0.1971153846153847 0.5528846153846154 0.052884615384615453 0.5528846153846154 0.05288461538461546 0.7067307692307693 0.1971153846153847 0.7067307692307693
4 0.7427884615384616 0.5673076923076924 0.6177884615384616 0.5673076923076924 0.6177884615384616 0.6923076923076923 0.7427884615384616 0.6923076923076923
1 0.6153846153846154 0.5793269230769232 0.574519230769231 0.5793269230769232 0.574519230769231 0.7163461538461539 0.6153846153846154 0.7163461538461539
4 0.543269230769231 0.6057692307692307 0.4254807692307694 0.6057692307692307 0.4254807692307694 0.7283653846153846 0.543269230769231 0.7283653846153846
4 0.39182692307692324 0.6105769230769231 0.2716346153846155 0.6105769230769231 0.2716346153846155 0.7451923076923077 0.39182692307692324 0.7451923076923077
4 0.2379807692307693 0.6322115384615384 0.1346153846153847 0.6322115384615384 0.1346153846153847 0.7644230769230769 0.2379807692307693 0.7644230769230769
4 0.6081730769230771 0.6538461538461539 0.4759615384615386 0.6538461538461539 0.4759615384615386 0.7596153846153846 0.6081730769230771 0.7596153846153846
4 0.7860576923076923 0.6418269230769231 0.6418269230769231 0.6418269230769231 0.6418269230769231 0.78125 0.7860576923076923 0.78125
1 0.13701923076923087 0.6586538461538461 0.08894230769230776 0.6586538461538461 0.08894230769230778 0.8125 0.13701923076923087 0.8125
1 0.4134615384615386 0.6514423076923077 0.36057692307692324 0.6514423076923077 0.36057692307692324 0.8197115384615384 0.4134615384615386 0.8197115384615384
1 0.19230769230769237 0.6610576923076923 0.13221153846153852 0.6610576923076923 0.13221153846153855 0.8365384615384616 0.19230769230769237 0.8365384615384616
4 0.605769230769231 0.7091346153846154 0.4567307692307694 0.7091346153846154 0.4567307692307694 0.84375 0.605769230769231 0.84375
4 0.34855769230769246 0.7067307692307693 0.1971153846153847 0.7067307692307693 0.19711538461538472 0.8701923076923077 0.34855769230769246 0.8701923076923077
1 0.6778846153846154 0.6923076923076923 0.605769230769231 0.6923076923076923 0.605769230769231 0.8894230769230769 0.6778846153846154 0.8894230769230769
4 0.8846153846153846 0.7548076923076923 0.7115384615384616 0.7548076923076923 0.7115384615384616 0.9278846153846154 0.8846153846153846 0.9278846153846154
4 0.39182692307692324 0.7860576923076923 0.2163461538461539 0.7860576923076923 0.21634615384615394 0.9423076923076923 0.39182692307692324 0.9423076923076923
4 0.6201923076923077 0.7860576923076923 0.4447115384615386 0.7860576923076923 0.4447115384615386 0.9423076923076923 0.6201923076923077 0.9423076923076923
2 1 0.8557692307692307 0.7451923076923077 0.8557692307692307 0.7451923076923077 1 1 1