2 0.35096153846153855 0.46634615384615385 0.14903846153846162 0.46634615384615385 0.14903846153846162 0.7331730769230769 0.3509615384615386 0.7331730769230769
2 0.9951923076923077 0.4639423076923078 0.8293269230769231 0.4639423076923078 0.8293269230769231 0.7956730769230769 0.9951923076923077 0.7956730769230769
2 0.31490384615384615 3.091055622847887e-17 0.18990384615384615 2.3256513733807912e-17 0.18990384615384615 0.14663461538461542 0.31490384615384615 0.14663461538461542
4 0.17788461538461547 0.6274038461538461 7.683481119650461e-17 0.6274038461538461 9.302605493523162e-17 0.8918269230769231 0.17788461538461553 0.8918269230769231
2 0.4182692307692308 0.009615384615384661 0.2980769230769231 0.009615384615384654 0.2980769230769231 0.18990384615384623 0.4182692307692308 0.18990384615384623
2 0.1418269230769231 0.05048076923076924 0.03605769230769232 0.05048076923076923 0.036057692307692325 0.18028846153846154 0.1418269230769231 0.18028846153846154
2 0.9639423076923077 0.04567307692307703 0.8557692307692307 0.045673076923077024 0.8557692307692307 0.19711538461538475 0.9639423076923077 0.19711538461538475
2 0.12740384615384617 0.07932692307692307 0.0024038461538461635 0.07932692307692307 0.0024038461538461735 0.24519230769230768 0.1274038461538462 0.24519230769230768
5 0.6538461538461539 0.13701923076923084 0.5673076923076923 0.13701923076923084 0.5673076923076923 0.29807692307692313 0.6538461538461539 0.29807692307692313
8 0.3317307692307692 0.09615384615384619 0.15384615384615385 0.09615384615384619 0.15384615384615388 0.36778846153846156 0.3317307692307692 0.36778846153846156
2 0.09375000000000001 0.13221153846153846 1.6191243738727026e-17 0.13221153846153846 2.855546623011857e-17 0.33413461538461536 0.09375000000000003 0.33413461538461536
4 1 0.14903846153846165 0.9302884615384616 0.14903846153846165 0.9302884615384616 0.34855769230769246 1 0.34855769230769246
9 0.7884615384615384 0.1658653846153847 0.6466346153846154 0.1658653846153847 0.6466346153846154 0.3629807692307694 0.7884615384615384 0.3629807692307694
4 0.5697115384615384 0.26201923076923084 0.41346153846153844 0.26201923076923084 0.41346153846153844 0.4254807692307693 0.5697115384615384 0.4254807692307694
4 0.7956730769230769 0.29326923076923084 0.6538461538461539 0.29326923076923084 0.6538461538461539 0.4495192307692309 0.7956730769230769 0.4495192307692309
5 0.34375 0.295673076923077 0.1658653846153847 0.2956730769230769 0.1658653846153847 0.5024038461538461 0.34375 0.5024038461538461
4 0.5745192307692307 0.36057692307692313 0.42788461538461536 0.3605769230769231 0.42788461538461536 0.5504807692307693 0.5745192307692307 0.5504807692307694
2 0.8629807692307693 0.34134615384615397 0.7139423076923077 0.34134615384615397 0.7139423076923077 0.6129807692307694 0.8629807692307693 0.6129807692307694