4 0.17067307692307698 0.4014423076923077 0.014423076923076974 0.4014423076923077 0.014423076923076985 0.6033653846153846 0.17067307692307698 0.6033653846153846
4 0.6394230769230769 0.4254807692307693 0.4879807692307692 0.4254807692307692 0.4879807692307693 0.5865384615384616 0.6394230769230769 0.5865384615384617
2 1 0.4134615384615386 0.8629807692307693 0.4134615384615386 0.8629807692307693 0.6322115384615384 1 0.6322115384615384
4 0.7211538461538461 0.5024038461538463 0.5480769230769231 0.5024038461538461 0.5480769230769231 0.7235576923076923 0.7211538461538461 0.7235576923076923
4 0.5889423076923077 0.5432692307692308 0.39903846153846156 0.5432692307692307 0.3990384615384616 0.7668269230769231 0.5889423076923078 0.7668269230769231
4 0.12259615384615394 0.5528846153846154 6.770883745285847e-17 0.5528846153846154 8.493043306586812e-17 0.8341346153846154 0.12259615384615395 0.8341346153846154
4 0.9903846153846154 0.7235576923076923 0.7884615384615384 0.7235576923076923 0.7884615384615384 0.9783653846153846 0.9903846153846154 0.9783653846153846
8 0.15625 0.03605769230769232 0.06009615384615385 0.03605769230769232 0.060096153846153855 0.1514423076923077 0.15625 0.15144230769230774
8 0.2860576923076923 0.038461538461538484 0.16346153846153846 0.03846153846153848 0.16346153846153846 0.1995192307692308 0.2860576923076923 0.19951923076923084
4 0.6081730769230769 0.14663461538461545 0.5240384615384616 0.14663461538461545 0.5240384615384616 0.23317307692307698 0.6081730769230769 0.23317307692307698
4 0.28125 0.14663461538461542 0.18509615384615385 0.14663461538461542 0.18509615384615385 0.24759615384615388 0.28125 0.2475961538461539
2 0.1514423076923077 0.11778846153846155 0.0216346153846154 0.11778846153846154 0.021634615384615412 0.3076923076923077 0.15144230769230774 0.3076923076923077
4 0.7716346153846154 0.16346153846153852 0.6754807692307693 0.16346153846153852 0.6754807692307693 0.2716346153846155 0.7716346153846154 0.2716346153846155
4 0.6490384615384616 0.18028846153846162 0.5673076923076923 0.18028846153846162 0.5673076923076923 0.27644230769230776 0.6490384615384616 0.27644230769230776
4 0.30528846153846156 0.1947115384615385 0.20673076923076922 0.19471153846153846 0.20673076923076927 0.295673076923077 0.3052884615384616 0.295673076923077
2 0.44711538461538464 0.18990384615384623 0.35336538461538464 0.18990384615384623 0.35336538461538464 0.3076923076923077 0.44711538461538464 0.3076923076923077
4 0.7043269230769231 0.2163461538461539 0.6201923076923077 0.2163461538461539 0.6201923076923077 0.33413461538461553 0.7043269230769231 0.33413461538461553
4 0.8966346153846154 0.23076923076923087 0.7908653846153846 0.23076923076923084 0.7908653846153846 0.35336538461538475 0.8966346153846154 0.35336538461538475
4 0.3245192307692308 0.24038461538461542 0.21394230769230768 0.2403846153846154 0.21394230769230774 0.3701923076923077 0.3245192307692308 0.3701923076923077
4 0.14423076923076927 0.25721153846153844 0.019230769230769267 0.25721153846153844 0.019230769230769273 0.3870192307692308 0.14423076923076927 0.3870192307692308
2 0.8221153846153846 0.2692307692307693 0.6875 0.2692307692307693 0.6875 0.4495192307692309 0.8221153846153846 0.4495192307692309
4 0.5649038461538461 0.3052884615384616 0.4375 0.3052884615384616 0.4375 0.4350961538461539 0.5649038461538461 0.43509615384615397
9 0.4254807692307692 0.295673076923077 0.2836538461538462 0.295673076923077 0.2836538461538462 0.5240384615384616 0.4254807692307692 0.5240384615384616
4 0.9014423076923077 0.3461538461538463 0.78125 0.3461538461538463 0.78125 0.512019230769231 0.9014423076923077 0.512019230769231