4 0.9639423076923077 0.40384615384615397 0.75 0.40384615384615397 0.75 0.6105769230769232 0.9639423076923077 0.6105769230769232
4 0.7620192307692307 0.4399038461538463 0.5625 0.4399038461538463 0.5625000000000001 0.7355769230769231 0.7620192307692307 0.7355769230769231
4 0.591346153846154 0.5048076923076924 0.34134615384615385 0.5048076923076923 0.3413461538461539 0.8173076923076923 0.591346153846154 0.8173076923076923
4 0.6706730769230769 0.007211538461538534 0.53125 0.007211538461538525 0.53125 0.14182692307692316 0.6706730769230769 0.14182692307692316
4 0.9471153846153846 0.6442307692307693 0.6370192307692307 0.6442307692307693 0.6370192307692307 0.9639423076923077 0.9471153846153846 0.9639423076923077
4 0.21394230769230768 0.036057692307692325 0.0673076923076923 0.03605769230769232 0.06730769230769232 0.1658653846153846 0.21394230769230768 0.1658653846153846
2 0.5216346153846154 0.03365384615384621 0.3918269230769231 0.03365384615384621 0.3918269230769231 0.2283653846153847 0.5216346153846154 0.2283653846153847
4 0.2620192307692308 0.0841346153846154 0.125 0.08413461538461539 0.12500000000000003 0.25 0.2620192307692308 0.25
4 0.6322115384615384 0.12019230769230776 0.4855769230769231 0.12019230769230776 0.4855769230769231 0.2908653846153847 0.6322115384615384 0.2908653846153847
9 0.21634615384615388 0.15865384615384615 0.01923076923076925 0.15865384615384615 0.01923076923076927 0.47596153846153844 0.2163461538461539 0.47596153846153844
2 0.7836538461538461 0.1971153846153847 0.5697115384615384 0.1971153846153847 0.5697115384615384 0.4447115384615386 0.7836538461538461 0.4447115384615386
4 0.4014423076923077 0.25000000000000006 0.2091346153846154 0.25 0.20913461538461542 0.4423076923076923 0.4014423076923077 0.4423076923076923
4 0.5216346153846154 0.3557692307692308 0.3028846153846155 0.3557692307692308 0.3028846153846155 0.5528846153846154 0.5216346153846154 0.5528846153846154