5 0.65625 0.38221153846153855 0.4423076923076923 0.38221153846153844 0.4423076923076924 0.6394230769230769 0.65625 0.6394230769230769
2 0.7788461538461539 0.545673076923077 0.5408653846153846 0.5456730769230769 0.5408653846153847 0.8125 0.7788461538461539 0.8125
4 0.6177884615384616 0.6177884615384616 0.34855769230769246 0.6177884615384616 0.34855769230769246 0.9399038461538461 0.6177884615384616 0.9399038461538461
4 0.8317307692307693 0.6586538461538461 0.6129807692307694 0.6586538461538461 0.6129807692307694 1 0.8317307692307693 1
4 0.15625 0.06250000000000001 0.01923076923076924 0.0625 0.01923076923076925 0.20432692307692307 0.15625 0.20432692307692307
4 0.32211538461538464 0.08413461538461542 0.21875 0.08413461538461542 0.21875 0.2355769230769231 0.32211538461538464 0.23557692307692316
4 0.7163461538461539 0.10817307692307701 0.59375 0.108173076923077 0.59375 0.28125000000000006 0.7163461538461539 0.28125000000000006
4 0.18269230769230774 0.12740384615384617 0.04326923076923079 0.12740384615384615 0.043269230769230796 0.28125 0.18269230769230776 0.28125
9 0.8725961538461539 0.10096153846153856 0.7163461538461539 0.10096153846153856 0.7163461538461539 0.3461538461538463 0.8725961538461539 0.3461538461538463
4 0.7427884615384616 0.16105769230769237 0.6322115384615384 0.16105769230769237 0.6322115384615384 0.32692307692307704 0.7427884615384616 0.32692307692307704
2 0.43509615384615385 0.21875000000000006 0.2932692307692308 0.21875000000000006 0.2932692307692308 0.3894230769230769 0.43509615384615385 0.3894230769230769
5 0.8293269230769231 0.22355769230769237 0.6899038461538461 0.22355769230769237 0.6899038461538461 0.4302884615384617 0.8293269230769231 0.4302884615384617
5 0.2764423076923077 0.19951923076923078 0.10576923076923081 0.19951923076923078 0.10576923076923082 0.46634615384615385 0.27644230769230776 0.46634615384615385
2 0.4831730769230769 0.2475961538461539 0.3389423076923077 0.2475961538461539 0.3389423076923077 0.4639423076923077 0.4831730769230769 0.4639423076923077
2 0.5793269230769231 0.2692307692307693 0.4110576923076923 0.2692307692307693 0.4110576923076923 0.4735576923076924 0.5793269230769231 0.47355769230769246