4 1 0.4399038461538463 0.8918269230769231 0.4399038461538463 0.8918269230769231 0.6826923076923077 1 0.6826923076923077
4 0.4278846153846155 0.49278846153846156 0.2692307692307693 0.49278846153846156 0.2692307692307693 0.6995192307692307 0.42788461538461553 0.6995192307692307
4 0.7475961538461539 0.49759615384615397 0.5673076923076923 0.49759615384615397 0.5673076923076924 0.7235576923076923 0.7475961538461539 0.7235576923076923
4 0.1875 1.5749664364034472e-17 0.06971153846153846 8.537201244056068e-18 0.06971153846153846 0.1322115384615385 0.1875 0.1322115384615385
5 0.608173076923077 0.5000000000000001 0.3942307692307692 0.5 0.3942307692307693 0.84375 0.6081730769230771 0.84375
4 0.8269230769230769 0.6298076923076923 0.5961538461538463 0.6298076923076923 0.5961538461538463 0.9278846153846154 0.8269230769230769 0.9278846153846154
1 0.5096153846153846 0.03846153846153852 0.47115384615384615 0.03846153846153851 0.47115384615384615 0.14663461538461545 0.5096153846153846 0.14663461538461545
9 0.3293269230769231 0.009615384615384647 0.22596153846153846 0.00961538461538464 0.22596153846153846 0.17548076923076927 0.3293269230769231 0.1754807692307693
4 0.59375 0.06971153846153852 0.4879807692307692 0.06971153846153852 0.4879807692307692 0.1971153846153847 0.59375 0.1971153846153847
4 0.7163461538461539 0.17067307692307698 0.6009615384615384 0.17067307692307698 0.6009615384615384 0.31730769230769246 0.7163461538461539 0.31730769230769246
5 0.9807692307692307 0.1875000000000001 0.8317307692307693 0.18750000000000006 0.8317307692307693 0.36538461538461553 0.9807692307692307 0.36538461538461553
4 0.21394230769230774 0.21394230769230768 0.07451923076923081 0.21394230769230768 0.07451923076923081 0.38461538461538464 0.21394230769230776 0.38461538461538464
2 0.46875 0.23317307692307698 0.3389423076923077 0.23317307692307698 0.3389423076923077 0.3870192307692308 0.46875 0.3870192307692308
2 0.5120192307692307 0.3293269230769231 0.3605769230769231 0.3293269230769231 0.3605769230769231 0.4807692307692308 0.5120192307692307 0.4807692307692308
5 0.6201923076923077 0.36057692307692313 0.45913461538461536 0.3605769230769231 0.45913461538461536 0.5240384615384616 0.6201923076923077 0.5240384615384617
2 0.9831730769230769 0.32692307692307704 0.8173076923076923 0.32692307692307704 0.8173076923076923 0.5649038461538463 0.9831730769230769 0.5649038461538463
2 0.3677884615384616 0.34134615384615385 0.18990384615384623 0.34134615384615385 0.18990384615384623 0.59375 0.3677884615384617 0.59375