4 0.514423076923077 0.5432692307692307 0.4807692307692308 0.5432692307692307 0.48076923076923084 0.6033653846153846 0.5144230769230771 0.6033653846153846
4 0.4567307692307693 0.5576923076923077 0.40625 0.5576923076923077 0.40625000000000006 0.6177884615384616 0.4567307692307694 0.6177884615384616
5 0.5673076923076924 0.560096153846154 0.5168269230769232 0.5600961538461539 0.5168269230769232 0.6322115384615384 0.5673076923076924 0.6322115384615384
2 0.6947115384615384 0.5673076923076924 0.6274038461538461 0.5673076923076924 0.6274038461538461 0.6442307692307693 0.6947115384615384 0.6442307692307693
4 0.4951923076923078 0.5697115384615384 0.44711538461538475 0.5697115384615384 0.44711538461538475 0.6442307692307693 0.4951923076923078 0.6442307692307693
1 0.29807692307692313 0.5793269230769231 0.2548076923076924 0.5793269230769231 0.2548076923076924 0.6370192307692307 0.29807692307692313 0.6370192307692307
4 0.6490384615384616 0.5889423076923078 0.5841346153846155 0.5889423076923078 0.5841346153846155 0.6586538461538461 0.6490384615384616 0.6586538461538461
4 0.4375000000000001 0.5913461538461539 0.37259615384615397 0.5913461538461539 0.37259615384615397 0.6682692307692307 0.4375000000000001 0.6682692307692307
1 0.5961538461538463 0.6033653846153848 0.5697115384615385 0.6033653846153848 0.5697115384615385 0.65625 0.5961538461538463 0.65625
5 0.78125 0.5841346153846155 0.7043269230769231 0.5841346153846155 0.7043269230769231 0.6754807692307693 0.78125 0.6754807692307693
1 0.8245192307692307 0.6201923076923077 0.7956730769230769 0.6201923076923077 0.7956730769230769 0.6923076923076923 0.8245192307692307 0.6923076923076923
4 0.5024038461538463 0.6177884615384616 0.4375000000000001 0.6177884615384616 0.4375000000000001 0.7043269230769231 0.5024038461538463 0.7043269230769231
4 0.5793269230769232 0.6274038461538461 0.5216346153846155 0.6274038461538461 0.5216346153846155 0.7115384615384616 0.5793269230769232 0.7115384615384616
4 0.7475961538461539 0.6274038461538461 0.6682692307692307 0.6274038461538461 0.6682692307692307 0.7211538461538461 0.7475961538461539 0.7211538461538461
1 0.9014423076923077 0.6634615384615384 0.8581730769230769 0.6634615384615384 0.8581730769230769 0.7427884615384616 0.9014423076923077 0.7427884615384616
4 0.6850961538461539 0.6538461538461539 0.5985576923076924 0.6538461538461539 0.5985576923076924 0.7548076923076923 0.6850961538461539 0.7548076923076923
4 0.8870192307692307 0.6778846153846154 0.7860576923076923 0.6778846153846154 0.7860576923076923 0.7884615384615384 0.8870192307692307 0.7884615384615384
4 0.39182692307692324 0.6730769230769231 0.29807692307692313 0.6730769230769231 0.29807692307692313 0.7956730769230769 0.39182692307692324 0.7956730769230769
4 0.8293269230769231 0.6850961538461539 0.7139423076923077 0.6850961538461539 0.7139423076923077 0.8173076923076923 0.8293269230769231 0.8173076923076923
4 0.47836538461538475 0.6754807692307693 0.3870192307692309 0.6754807692307693 0.3870192307692309 0.8413461538461539 0.47836538461538475 0.8413461538461539
1 0.8605769230769231 0.71875 0.8173076923076923 0.71875 0.8173076923076923 0.8125 0.8605769230769231 0.8125
4 0.6370192307692307 0.7259615384615384 0.5384615384615385 0.7259615384615384 0.5384615384615385 0.8798076923076923 0.6370192307692307 0.8798076923076923
4 0.8245192307692307 0.7620192307692307 0.6706730769230769 0.7620192307692307 0.6706730769230769 0.9615384615384616 0.8245192307692307 0.9615384615384616
2 0.23076923076923087 0.7475961538461539 9.155412368625647e-17 0.7475961538461539 1.0686220867559837e-16 0.9975961538461539 0.2307692307692309 0.9975961538461539
4 1 0.8125 0.8149038461538461 0.8125 0.8149038461538461 1 1 1
4 0.43509615384615397 0.8197115384615384 0.3052884615384616 0.8197115384615384 0.3052884615384616 1 0.43509615384615397 1
4 0.5528846153846155 0.8413461538461539 0.4447115384615386 0.8413461538461539 0.4447115384615386 1 0.5528846153846155 1
4 0.7019230769230769 0.8918269230769231 0.5769230769230771 0.8918269230769231 0.5769230769230771 1 0.7019230769230769 1