2 0.9783653846153846 0.42067307692307704 0.7644230769230769 0.42067307692307704 0.7644230769230769 0.6298076923076923 0.9783653846153846 0.6298076923076923
4 0.6899038461538461 0.4711538461538462 0.4879807692307692 0.47115384615384615 0.4879807692307693 0.7259615384615384 0.6899038461538461 0.7259615384615384
4 0.5721153846153847 0.545673076923077 0.3293269230769231 0.5456730769230769 0.32932692307692313 0.8221153846153846 0.5721153846153848 0.8221153846153846
9 0.5456730769230769 0.01201923076923083 0.43990384615384615 0.012019230769230825 0.43990384615384615 0.1538461538461539 0.5456730769230769 0.1538461538461539
4 0.9519230769230769 0.6682692307692307 0.6875 0.6682692307692307 0.6875 0.9951923076923077 0.9519230769230769 0.9951923076923077
4 0.38461538461538464 0.050480769230769273 0.31009615384615385 0.05048076923076927 0.31009615384615385 0.16105769230769237 0.38461538461538464 0.16105769230769237
5 0.21634615384615385 0.0841346153846154 0.11538461538461539 0.08413461538461539 0.1153846153846154 0.20432692307692307 0.21634615384615385 0.20432692307692307
4 0.10817307692307694 0.10336538461538461 0.014423076923076936 0.10336538461538461 0.014423076923076943 0.1971153846153846 0.10817307692307696 0.1971153846153846
4 0.4423076923076923 0.10096153846153852 0.3581730769230769 0.10096153846153849 0.3581730769230769 0.2163461538461539 0.4423076923076923 0.2163461538461539
4 0.49759615384615385 0.14423076923076927 0.41346153846153844 0.14423076923076927 0.41346153846153844 0.2596153846153847 0.49759615384615385 0.2596153846153847
4 0.1322115384615385 0.1466346153846154 0.02884615384615386 0.1466346153846154 0.028846153846153872 0.28125 0.1322115384615385 0.28125
4 0.2884615384615385 0.17548076923076927 0.19471153846153846 0.17548076923076922 0.1947115384615385 0.2836538461538462 0.28846153846153855 0.2836538461538462
2 0.6033653846153846 0.1538461538461539 0.47115384615384615 0.1538461538461539 0.47115384615384615 0.32451923076923084 0.6033653846153846 0.3245192307692309
4 0.21153846153846156 0.22115384615384615 0.10576923076923081 0.22115384615384615 0.10576923076923081 0.3870192307692308 0.21153846153846162 0.3870192307692308
4 0.36778846153846156 0.23798076923076927 0.24519230769230768 0.23798076923076922 0.24519230769230774 0.37259615384615385 0.36778846153846156 0.37259615384615385
9 0.78125 0.2163461538461539 0.6274038461538461 0.2163461538461539 0.6274038461538461 0.47836538461538475 0.78125 0.47836538461538475
4 0.4230769230769231 0.2908653846153847 0.3052884615384616 0.2908653846153847 0.3052884615384616 0.44711538461538464 0.4230769230769231 0.44711538461538464
2 0.49038461538461536 0.3389423076923077 0.3293269230769231 0.3389423076923077 0.3293269230769231 0.53125 0.49038461538461536 0.53125