4 0.90625 0.48317307692307704 0.7668269230769231 0.48317307692307704 0.7668269230769231 0.6538461538461539 0.90625 0.6538461538461539
4 0.1346153846153847 0.49038461538461536 6.005479495818751e-17 0.49038461538461536 7.344936932386169e-17 0.7091346153846154 0.13461538461538472 0.7091346153846154
2 0.41346153846153855 0.5072115384615384 0.24038461538461545 0.5072115384615384 0.24038461538461545 0.7524038461538461 0.4134615384615386 0.7524038461538461
4 0.9735576923076923 0.574519230769231 0.8004807692307693 0.574519230769231 0.8004807692307693 0.7788461538461539 0.9735576923076923 0.7788461538461539
1 0.7235576923076923 0.05288461538461547 0.7067307692307693 0.05288461538461547 0.7067307692307693 0.12019230769230779 0.7235576923076923 0.12019230769230779
2 0.3677884615384617 0.7668269230769231 0.13221153846153857 0.7668269230769231 0.13221153846153857 1 0.3677884615384617 1
1 0.7475961538461539 0.06009615384615393 0.7259615384615384 0.06009615384615393 0.7259615384615384 0.12019230769230779 0.7475961538461539 0.12019230769230779
4 0.44711538461538464 0.0649038461538462 0.39663461538461536 0.0649038461538462 0.39663461538461536 0.1370192307692308 0.44711538461538464 0.13701923076923084
4 0.5 0.06730769230769237 0.4519230769230769 0.06730769230769236 0.4519230769230769 0.1346153846153847 0.5 0.1346153846153847
4 0.5697115384615384 0.06730769230769237 0.5168269230769231 0.06730769230769237 0.5168269230769231 0.1346153846153847 0.5697115384615384 0.1346153846153847
4 0.5913461538461539 0.12740384615384623 0.5408653846153846 0.12740384615384623 0.5408653846153846 0.2067307692307693 0.5913461538461539 0.2067307692307693
1 0.7548076923076923 0.1346153846153847 0.6923076923076923 0.1346153846153847 0.6923076923076923 0.2163461538461539 0.7548076923076923 0.2163461538461539
2 0.4110576923076923 0.15144230769230774 0.33653846153846156 0.15144230769230774 0.33653846153846156 0.22596153846153852 0.4110576923076923 0.22596153846153852
4 0.6322115384615384 0.15625000000000006 0.5721153846153846 0.15625000000000006 0.5721153846153846 0.22115384615384623 0.6322115384615384 0.22115384615384623
4 0.2668269230769231 0.14663461538461542 0.1875 0.14663461538461542 0.1875 0.23076923076923078 0.2668269230769231 0.23076923076923078
4 0.2620192307692308 0.19471153846153846 0.18509615384615385 0.19471153846153846 0.18509615384615388 0.30528846153846156 0.26201923076923084 0.30528846153846156
2 0.4182692307692308 0.23317307692307698 0.31009615384615385 0.23317307692307698 0.31009615384615385 0.3557692307692308 0.4182692307692308 0.3557692307692308
9 0.6658653846153846 0.20913461538461545 0.5360576923076923 0.20913461538461545 0.5360576923076923 0.4110576923076924 0.6658653846153846 0.41105769230769246
2 0.22355769230769235 0.21634615384615385 0.11778846153846158 0.21634615384615385 0.11778846153846159 0.4254807692307692 0.22355769230769237 0.4254807692307692
4 0.7355769230769231 0.3076923076923078 0.6442307692307693 0.3076923076923078 0.6442307692307693 0.4254807692307694 0.7355769230769231 0.4254807692307694
4 0.3942307692307692 0.34134615384615385 0.27644230769230776 0.34134615384615385 0.27644230769230776 0.49759615384615385 0.3942307692307692 0.49759615384615385
4 0.6682692307692307 0.358173076923077 0.5576923076923077 0.3581730769230769 0.5576923076923077 0.5168269230769231 0.6682692307692307 0.5168269230769232
2 0.5745192307692307 0.3533653846153847 0.4375 0.35336538461538464 0.4375 0.5408653846153847 0.5745192307692307 0.5408653846153848
8 0.8461538461538461 0.37259615384615397 0.6850961538461539 0.37259615384615397 0.6850961538461539 0.5649038461538463 0.8461538461538461 0.5649038461538463
4 0.18269230769230776 0.375 0.040865384615384664 0.375 0.04086538461538468 0.59375 0.18269230769230776 0.59375