8 1 0.3437500000000001 0.8100961538461539 0.3437500000000001 0.8100961538461539 0.71875 1 0.71875
4 0.22355769230769237 0.4735576923076923 5.799409120962226e-17 0.4735576923076923 7.845393557037732e-17 0.8076923076923077 0.22355769230769237 0.8076923076923077
9 0.9423076923076923 1.0686220867559837e-16 0.8028846153846154 9.83250074315423e-17 0.8028846153846154 0.14423076923076933 0.9423076923076923 0.14423076923076933
4 0.6394230769230769 0.01201923076923084 0.5264423076923077 0.012019230769230834 0.5264423076923077 0.13221153846153852 0.6394230769230769 0.13221153846153852
9 1 0.024038461538461654 0.9182692307692307 0.02403846153846165 0.9182692307692307 0.24038461538461553 1 0.24038461538461553
4 0.9302884615384616 0.052884615384615495 0.8557692307692307 0.05288461538461549 0.8557692307692307 0.22115384615384628 0.9302884615384616 0.22115384615384628
4 0.25240384615384615 0.06730769230769233 0.09134615384615384 0.06730769230769232 0.09134615384615387 0.21394230769230768 0.25240384615384615 0.21394230769230768
4 0.6538461538461539 0.08413461538461545 0.5504807692307693 0.08413461538461545 0.5504807692307693 0.23076923076923084 0.6538461538461539 0.23076923076923084
9 0.7692307692307693 0.11538461538461547 0.6009615384615384 0.11538461538461545 0.6009615384615384 0.3822115384615386 0.7692307692307693 0.3822115384615386
4 1 0.17548076923076936 0.9230769230769231 0.17548076923076936 0.9230769230769231 0.32211538461538475 1 0.32211538461538475
2 0.25961538461538464 0.19471153846153846 0.08173076923076926 0.19471153846153846 0.08173076923076926 0.40865384615384615 0.2596153846153847 0.40865384615384615
4 0.8149038461538461 0.24278846153846162 0.6610576923076923 0.24278846153846162 0.6610576923076923 0.41105769230769246 0.8149038461538461 0.41105769230769246
2 0.591346153846154 0.2908653846153847 0.34375 0.2908653846153847 0.34375000000000006 0.5793269230769231 0.591346153846154 0.5793269230769232
4 0.8173076923076923 9.332044118502667e-17 0.7067307692307693 8.654955743974083e-17 0.7067307692307693 0.0937500000000001 0.8173076923076923 0.0937500000000001
4 0.8293269230769231 0.36057692307692324 0.6490384615384616 0.36057692307692324 0.6490384615384616 0.591346153846154 0.8293269230769231 0.591346153846154