4 0.9519230769230769 0.42067307692307704 0.7716346153846154 0.42067307692307704 0.7716346153846154 0.5841346153846155 0.9519230769230769 0.5841346153846155
4 0.5649038461538463 0.3990384615384616 0.375 0.39903846153846156 0.37500000000000006 0.6225961538461539 0.5649038461538463 0.6225961538461539
2 0.37500000000000006 0.35096153846153844 0.1658653846153847 0.35096153846153844 0.1658653846153847 0.7572115384615384 0.3750000000000001 0.7572115384615384
4 0.9735576923076923 0.48317307692307704 0.8076923076923077 0.48317307692307704 0.8076923076923077 0.6995192307692307 0.9735576923076923 0.6995192307692307
4 0.1778846153846154 0.016826923076923093 0.09134615384615384 0.01682692307692309 0.09134615384615384 0.1153846153846154 0.1778846153846154 0.11538461538461542
2 1 0.49759615384615397 0.9206730769230769 0.49759615384615397 0.9206730769230769 0.8413461538461539 1 0.8413461538461539
4 0.8293269230769231 0.0312500000000001 0.75 0.0312500000000001 0.75 0.12740384615384626 0.8293269230769231 0.12740384615384626
2 0.4014423076923078 0.6658653846153846 0.1658653846153847 0.6658653846153846 0.16586538461538472 0.9927884615384616 0.4014423076923078 0.9927884615384616
4 1 0.8413461538461539 0.7451923076923077 0.8413461538461539 0.7451923076923077 1 1 1
4 0.34134615384615397 0.8629807692307693 0.06971153846153856 0.8629807692307693 0.06971153846153857 1 0.34134615384615397 1
9 0.34615384615384615 0.004807692307692344 0.24278846153846154 0.0048076923076923374 0.24278846153846154 0.19230769230769235 0.34615384615384615 0.19230769230769237
8 0.6995192307692307 0.014423076923077 0.5697115384615384 0.014423076923076992 0.5697115384615384 0.20913461538461545 0.6995192307692307 0.20913461538461545
4 0.8701923076923077 0.0625000000000001 0.7956730769230769 0.0625000000000001 0.7956730769230769 0.17548076923076933 0.8701923076923077 0.17548076923076936
4 0.16826923076923078 0.0576923076923077 0.0673076923076923 0.057692307692307696 0.06730769230769232 0.18028846153846154 0.16826923076923078 0.18028846153846154
4 0.9399038461538461 0.11298076923076933 0.8365384615384616 0.11298076923076933 0.8365384615384616 0.24278846153846165 0.9399038461538461 0.24278846153846168
4 0.15865384615384615 0.14903846153846156 0.052884615384615405 0.14903846153846154 0.05288461538461541 0.23317307692307693 0.15865384615384615 0.23317307692307693
2 0.3605769230769231 0.14663461538461542 0.2403846153846154 0.14663461538461542 0.24038461538461542 0.28125000000000006 0.3605769230769231 0.28125000000000006
4 0.6995192307692307 0.15865384615384623 0.5841346153846154 0.15865384615384623 0.5841346153846154 0.2716346153846155 0.6995192307692307 0.2716346153846155
4 0.15625000000000003 0.17548076923076922 0.04086538461538463 0.17548076923076922 0.040865384615384644 0.3317307692307692 0.15625000000000006 0.3317307692307692
4 1 0.185096153846154 0.9302884615384616 0.185096153846154 0.9302884615384616 0.32211538461538475 1 0.32211538461538475
4 0.71875 0.20913461538461545 0.6033653846153846 0.20913461538461545 0.6033653846153846 0.3437500000000001 0.71875 0.3437500000000001
2 0.8004807692307693 0.2379807692307693 0.6706730769230769 0.2379807692307693 0.6706730769230769 0.3750000000000001 0.8004807692307693 0.3750000000000001
4 0.3317307692307692 0.25000000000000006 0.1875 0.25 0.18750000000000003 0.3918269230769231 0.3317307692307692 0.3918269230769231
4 0.7980769230769231 0.3245192307692309 0.6923076923076923 0.3245192307692309 0.6923076923076923 0.48317307692307704 0.7980769230769231 0.48317307692307704
4 0.8870192307692307 0.32932692307692324 0.7379807692307693 0.32932692307692324 0.7379807692307693 0.528846153846154 0.8870192307692307 0.528846153846154