9 0.21153846153846154 1.7515981862804693e-17 0.07451923076923077 9.125973743646142e-18 0.07451923076923078 0.10817307692307694 0.21153846153846154 0.10817307692307696
2 0.9158653846153846 0.46634615384615397 0.5985576923076923 0.46634615384615397 0.5985576923076924 0.8629807692307693 0.9158653846153846 0.8629807692307693
4 0.4495192307692308 4.7984958716591e-17 0.33413461538461536 4.0919688721510124e-17 0.33413461538461536 0.1490384615384616 0.4495192307692308 0.14903846153846162
4 0.2644230769230769 0.026442307692307716 0.14423076923076922 0.02644230769230771 0.14423076923076925 0.16826923076923078 0.2644230769230769 0.16826923076923078
2 0.5841346153846154 0.028846153846153907 0.41346153846153844 0.028846153846153896 0.41346153846153844 0.2524038461538462 0.5841346153846154 0.2524038461538462
4 0.3557692307692308 0.09375000000000003 0.20192307692307693 0.09375000000000003 0.20192307692307693 0.26682692307692313 0.3557692307692308 0.26682692307692313
4 0.4519230769230769 0.1850961538461539 0.2956730769230769 0.1850961538461539 0.295673076923077 0.38221153846153844 0.4519230769230769 0.38221153846153844
1 0.6778846153846154 0.21875000000000006 0.6201923076923077 0.21875000000000006 0.6201923076923077 0.37259615384615397 0.6778846153846154 0.37259615384615397
2 0.9711538461538461 0.22596153846153857 0.7524038461538461 0.22596153846153852 0.7524038461538461 0.41105769230769246 0.9711538461538461 0.41105769230769246
4 0.53125 0.2692307692307693 0.37259615384615385 0.2692307692307693 0.37259615384615385 0.47115384615384615 0.53125 0.47115384615384615
2 0.6394230769230769 0.19471153846153852 0.4423076923076923 0.19471153846153852 0.4423076923076924 0.6538461538461539 0.6394230769230769 0.6538461538461539
4 1 0.3365384615384617 0.7884615384615384 0.3365384615384617 0.7884615384615384 0.6129807692307694 1 0.6129807692307694