4 0.6971153846153846 0.3798076923076924 0.5504807692307693 0.3798076923076923 0.5504807692307693 0.608173076923077 0.6971153846153846 0.6081730769230771
4 0.625 0.4038461538461539 0.4375 0.40384615384615385 0.43750000000000006 0.6514423076923077 0.625 0.6514423076923077
4 0.40144230769230776 0.4879807692307692 0.17788461538461545 0.4879807692307692 0.17788461538461545 0.71875 0.4014423076923078 0.71875
4 1 0.6081730769230771 0.8413461538461539 0.6081730769230771 0.8413461538461539 0.8581730769230769 1 0.8581730769230769
4 0.39182692307692324 0.6394230769230769 0.10576923076923084 0.6394230769230769 0.10576923076923085 0.9423076923076923 0.39182692307692324 0.9423076923076923
4 0.44471153846153844 0.024038461538461585 0.34134615384615385 0.02403846153846158 0.34134615384615385 0.15865384615384623 0.44471153846153844 0.15865384615384623
2 0.23076923076923078 0.01201923076923079 0.0889423076923077 0.012019230769230782 0.08894230769230771 0.25721153846153844 0.23076923076923078 0.25721153846153844
3 0.3870192307692308 0.06250000000000004 0.23557692307692307 0.06250000000000003 0.23557692307692307 0.2572115384615385 0.3870192307692308 0.25721153846153855
9 0.6081730769230769 0.20192307692307698 0.43028846153846156 0.20192307692307698 0.43028846153846156 0.4254807692307693 0.6081730769230769 0.4254807692307694
4 0.16105769230769235 0.2764423076923077 0.014423076923076957 0.2764423076923077 0.014423076923076967 0.46634615384615385 0.16105769230769237 0.46634615384615385
4 0.36778846153846156 0.27403846153846156 0.1971153846153846 0.27403846153846156 0.19711538461538464 0.4855769230769231 0.36778846153846156 0.4855769230769231
4 0.78125 0.32692307692307704 0.65625 0.32692307692307704 0.65625 0.4951923076923078 0.78125 0.4951923076923078