8 0.39182692307692313 0.3870192307692308 0.17307692307692316 0.3870192307692308 0.17307692307692316 0.71875 0.39182692307692324 0.71875
4 0.8677884615384616 0.47355769230769246 0.7091346153846154 0.47355769230769246 0.7091346153846154 0.6634615384615384 0.8677884615384616 0.6634615384615384
4 0.40865384615384615 0.01442307692307697 0.34615384615384615 0.014423076923076966 0.34615384615384615 0.11538461538461542 0.40865384615384615 0.11538461538461542
4 0.9567307692307693 0.5528846153846155 0.7932692307692307 0.5528846153846155 0.7932692307692307 0.75 0.9567307692307693 0.75
2 0.7620192307692307 0.5673076923076924 0.5673076923076924 0.5673076923076924 0.5673076923076924 0.8509615384615384 0.7620192307692307 0.8509615384615384
2 1 0.6129807692307694 0.8629807692307693 0.6129807692307694 0.8629807692307693 0.9110576923076923 1 0.9110576923076923
9 0.4086538461538463 0.6105769230769231 0.1658653846153847 0.6105769230769231 0.16586538461538472 1 0.4086538461538463 1
9 0.34615384615384615 0.028846153846153886 0.2620192307692308 0.02884615384615388 0.2620192307692308 0.15384615384615388 0.34615384615384615 0.1538461538461539
0 1 0.026442307692307807 0.8822115384615384 0.026442307692307803 0.8822115384615384 0.22355769230769246 1 0.22355769230769246
2 0.22115384615384615 0.10336538461538464 0.13221153846153846 0.10336538461538461 0.1322115384615385 0.21875 0.22115384615384615 0.21875
2 0.5336538461538461 0.108173076923077 0.43990384615384615 0.108173076923077 0.43990384615384615 0.2524038461538462 0.5336538461538461 0.2524038461538462
1 0.43990384615384615 0.1490384615384616 0.3918269230769231 0.14903846153846156 0.3918269230769231 0.2692307692307693 0.43990384615384615 0.2692307692307693
4 0.20432692307692307 0.16826923076923078 0.11538461538461542 0.16826923076923078 0.11538461538461542 0.27403846153846156 0.20432692307692307 0.27403846153846156
4 0.9182692307692307 0.18028846153846168 0.8485576923076923 0.18028846153846168 0.8485576923076923 0.28605769230769246 0.9182692307692307 0.28605769230769246
8 0.7259615384615384 0.11778846153846162 0.5961538461538461 0.1177884615384616 0.5961538461538461 0.3701923076923078 0.7259615384615384 0.3701923076923078
4 0.9807692307692307 0.20913461538461553 0.8918269230769231 0.20913461538461553 0.8918269230769231 0.3437500000000001 0.9807692307692307 0.3437500000000001
2 0.3485576923076923 0.21153846153846156 0.23557692307692307 0.21153846153846154 0.2355769230769231 0.37259615384615385 0.3485576923076923 0.37259615384615385
1 0.9278846153846154 0.24278846153846168 0.8677884615384616 0.24278846153846168 0.8677884615384616 0.40384615384615397 0.9278846153846154 0.40384615384615397
4 0.16586538461538464 0.25961538461538464 0.06009615384615388 0.25961538461538464 0.06009615384615389 0.4206730769230769 0.1658653846153847 0.4206730769230769
4 0.5336538461538461 0.2692307692307693 0.41586538461538464 0.2692307692307693 0.41586538461538464 0.41586538461538464 0.5336538461538461 0.41586538461538464
2 0.11778846153846159 0.2668269230769231 3.267687372724909e-17 0.2668269230769231 5.0045662465156266e-17 0.5504807692307693 0.1177884615384616 0.5504807692307693
9 0.8341346153846154 0.31730769230769246 0.6706730769230769 0.31730769230769246 0.6706730769230769 0.5625000000000001 0.8341346153846154 0.5625000000000001
4 0.5576923076923077 0.375 0.4254807692307692 0.375 0.4254807692307693 0.5769230769230769 0.5576923076923078 0.5769230769230769