2 0.5096153846153846 0.3269230769230769 0.46153846153846156 0.3269230769230769 0.46153846153846156 0.37259615384615385 0.5096153846153846 0.37259615384615385
9 0.7307692307692307 0.3365384615384617 0.6826923076923077 0.3365384615384617 0.6826923076923077 0.42067307692307704 0.7307692307692307 0.42067307692307704
8 0.29807692307692313 0.3485576923076923 0.2283653846153847 0.3485576923076923 0.2283653846153847 0.4495192307692308 0.29807692307692313 0.4495192307692308
2 0.6730769230769231 0.36538461538461553 0.6201923076923077 0.36538461538461553 0.6201923076923077 0.4687500000000001 0.6730769230769231 0.4687500000000001
5 0.3918269230769231 0.3942307692307692 0.33653846153846156 0.3942307692307692 0.33653846153846156 0.45913461538461536 0.3918269230769231 0.45913461538461536
2 0.5913461538461539 0.3798076923076924 0.5384615384615384 0.3798076923076923 0.5384615384615384 0.4975961538461539 0.5913461538461539 0.49759615384615397
4 0.71875 0.45432692307692324 0.6706730769230769 0.45432692307692324 0.6706730769230769 0.5240384615384617 0.71875 0.5240384615384617
5 0.18269230769230776 0.4639423076923077 0.10336538461538468 0.4639423076923077 0.10336538461538468 0.5552884615384616 0.18269230769230776 0.5552884615384616
2 0.2692307692307693 0.5360576923076923 0.18990384615384623 0.5360576923076923 0.18990384615384623 0.6153846153846154 0.2692307692307693 0.6153846153846154
2 0.6658653846153846 0.543269230769231 0.6009615384615384 0.543269230769231 0.6009615384615385 0.6346153846153846 0.6658653846153846 0.6346153846153846
2 0.49038461538461553 0.6346153846153846 0.4086538461538463 0.6346153846153846 0.4086538461538463 0.7644230769230769 0.49038461538461553 0.7644230769230769