4 0.49759615384615385 0.3269230769230769 0.4543269230769231 0.3269230769230769 0.4543269230769231 0.38461538461538464 0.49759615384615385 0.38461538461538464
5 0.4254807692307692 0.3557692307692308 0.37740384615384615 0.3557692307692308 0.37740384615384615 0.4110576923076923 0.4254807692307692 0.4110576923076923
2 0.41346153846153844 0.39903846153846156 0.36778846153846156 0.39903846153846156 0.36778846153846156 0.4807692307692308 0.41346153846153844 0.4807692307692308
2 0.5961538461538461 0.4158653846153847 0.5384615384615384 0.41586538461538464 0.5384615384615384 0.4903846153846155 0.5961538461538461 0.49038461538461553
8 0.8317307692307693 0.3990384615384617 0.6971153846153846 0.3990384615384617 0.6971153846153846 0.6274038461538461 0.8317307692307693 0.6274038461538461
2 0.4735576923076924 0.4951923076923077 0.41346153846153844 0.4951923076923077 0.41346153846153855 0.5673076923076923 0.47355769230769246 0.5673076923076923
2 1 0.49038461538461553 0.9278846153846154 0.49038461538461553 0.9278846153846154 0.6081730769230771 1 0.6081730769230771
2 0.9615384615384616 0.48317307692307704 0.8653846153846154 0.48317307692307704 0.8653846153846154 0.6322115384615384 0.9615384615384616 0.6322115384615384
4 0.5697115384615385 0.5216346153846154 0.5072115384615384 0.5216346153846154 0.5072115384615385 0.591346153846154 0.5697115384615385 0.591346153846154
2 0.9399038461538461 0.6129807692307694 0.8221153846153846 0.6129807692307694 0.8221153846153846 0.7932692307692307 0.9399038461538461 0.7932692307692307
2 0.7379807692307693 0.7355769230769231 0.605769230769231 0.7355769230769231 0.605769230769231 0.9495192307692307 0.7379807692307693 0.9495192307692307
4 0.8990384615384616 0.8533653846153846 0.7668269230769231 0.8533653846153846 0.7668269230769231 1 0.8990384615384616 1