4 0.3389423076923077 0.26682692307692313 0.3076923076923077 0.26682692307692313 0.3076923076923077 0.31009615384615385 0.3389423076923077 0.31009615384615385
2 0.33653846153846156 0.31009615384615385 0.29807692307692313 0.31009615384615385 0.29807692307692313 0.3629807692307692 0.33653846153846156 0.3629807692307692
2 0.49038461538461536 0.3269230769230769 0.44711538461538464 0.3269230769230769 0.44711538461538464 0.38221153846153844 0.49038461538461536 0.38221153846153844
4 0.4014423076923077 0.33653846153846156 0.3605769230769231 0.33653846153846156 0.3605769230769231 0.39903846153846156 0.4014423076923077 0.39903846153846156
2 0.36538461538461536 0.3557692307692308 0.3245192307692308 0.3557692307692308 0.3245192307692308 0.4182692307692308 0.36538461538461536 0.4182692307692308
2 0.6826923076923077 0.3629807692307694 0.6418269230769231 0.3629807692307694 0.6418269230769231 0.44711538461538475 0.6826923076923077 0.44711538461538475
4 0.4879807692307692 0.4326923076923077 0.44711538461538464 0.4326923076923077 0.44711538461538464 0.5096153846153846 0.4879807692307692 0.5096153846153846
2 0.4567307692307692 0.4230769230769231 0.3918269230769231 0.4230769230769231 0.3918269230769231 0.5408653846153846 0.4567307692307692 0.5408653846153846
4 0.7019230769230769 0.4759615384615386 0.6394230769230769 0.4759615384615386 0.6394230769230769 0.5793269230769232 0.7019230769230769 0.5793269230769232
8 0.5192307692307693 0.5480769230769231 0.2740384615384616 0.5480769230769231 0.2740384615384616 1 0.5192307692307694 1
2 1 0.7043269230769231 0.9158653846153846 0.7043269230769231 0.9158653846153846 0.9182692307692307 1 0.9182692307692307