4 0.6778846153846154 0.528846153846154 0.6370192307692307 0.528846153846154 0.6370192307692307 0.5985576923076924 0.6778846153846154 0.5985576923076924
2 0.875 0.6658653846153846 0.8485576923076923 0.6658653846153846 0.8485576923076923 0.7427884615384616 0.875 0.7427884615384616
4 0.9014423076923077 0.6971153846153846 0.8798076923076923 0.6971153846153846 0.8798076923076923 0.7524038461538461 0.9014423076923077 0.7524038461538461
4 0.9519230769230769 0.7235576923076923 0.9302884615384616 0.7235576923076923 0.9302884615384616 0.7788461538461539 0.9519230769230769 0.7788461538461539
1 0.9158653846153846 0.7451923076923077 0.9014423076923077 0.7451923076923077 0.9014423076923077 0.7932692307692307 0.9158653846153846 0.7932692307692307
8 0.8774038461538461 0.7475961538461539 0.8389423076923077 0.7475961538461539 0.8389423076923077 0.8461538461538461 0.8774038461538461 0.8461538461538461
9 0.7692307692307693 0.7235576923076923 0.6971153846153846 0.7235576923076923 0.6971153846153846 0.9038461538461539 0.7692307692307693 0.9038461538461539
1 0.9471153846153846 0.8293269230769231 0.9302884615384616 0.8293269230769231 0.9302884615384616 0.8966346153846154 0.9471153846153846 0.8966346153846154
4 0.9254807692307693 0.8798076923076923 0.8942307692307693 0.8798076923076923 0.8942307692307693 0.9615384615384616 0.9254807692307693 0.9615384615384616
4 0.5721153846153848 0.8557692307692307 0.4447115384615386 0.8557692307692307 0.4447115384615386 1 0.5721153846153848 1
4 0.13221153846153857 0.8846153846153846 1.0833413992457355e-16 0.8846153846153846 1.1539940991965444e-16 1 0.1322115384615386 1