2 0.5048076923076923 0.295673076923077 0.4639423076923077 0.295673076923077 0.4639423076923077 0.34134615384615385 0.5048076923076923 0.34134615384615385
2 0.5721153846153846 0.30769230769230776 0.5360576923076923 0.3076923076923077 0.5360576923076923 0.3677884615384616 0.5721153846153846 0.3677884615384617
4 0.5264423076923077 0.34134615384615385 0.49759615384615385 0.34134615384615385 0.49759615384615385 0.38461538461538464 0.5264423076923077 0.38461538461538464
2 0.47115384615384615 0.3269230769230769 0.4230769230769231 0.3269230769230769 0.4230769230769231 0.40625 0.47115384615384615 0.40625
2 0.6442307692307693 0.34855769230769246 0.6033653846153846 0.34855769230769246 0.6033653846153846 0.4134615384615386 0.6442307692307693 0.4134615384615386
4 0.5144230769230769 0.3605769230769231 0.47596153846153844 0.3605769230769231 0.47596153846153844 0.41346153846153844 0.5144230769230769 0.41346153846153844
2 0.6153846153846154 0.38942307692307704 0.5673076923076923 0.38942307692307704 0.5673076923076923 0.45192307692307704 0.6153846153846154 0.45192307692307704
2 0.23317307692307698 0.4014423076923077 0.15865384615384623 0.4014423076923077 0.15865384615384623 0.5168269230769231 0.23317307692307698 0.5168269230769231
4 0.7668269230769231 0.5144230769230771 0.7115384615384616 0.5144230769230771 0.7115384615384616 0.5793269230769232 0.7668269230769231 0.5793269230769232
2 0.5817307692307693 0.5024038461538463 0.5192307692307693 0.5024038461538461 0.5192307692307693 0.6105769230769231 0.5817307692307694 0.6105769230769232
4 0.27644230769230776 0.53125 0.20432692307692316 0.53125 0.20432692307692316 0.6081730769230769 0.27644230769230776 0.6081730769230769