8 0.3629807692307692 0.3173076923076923 0.3076923076923077 0.3173076923076923 0.3076923076923077 0.40625 0.3629807692307692 0.40625
5 0.4735576923076923 0.34375 0.42788461538461536 0.34375 0.42788461538461536 0.40865384615384615 0.4735576923076923 0.40865384615384615
5 0.32211538461538464 0.3918269230769231 0.26201923076923084 0.3918269230769231 0.26201923076923084 0.46634615384615385 0.32211538461538464 0.46634615384615385
9 0.6995192307692307 0.38942307692307704 0.6442307692307693 0.38942307692307704 0.6442307692307693 0.4927884615384617 0.6995192307692307 0.4927884615384617
2 0.5841346153846154 0.4038461538461539 0.5432692307692307 0.40384615384615385 0.5432692307692307 0.4783653846153847 0.5841346153846154 0.47836538461538475
2 0.41586538461538464 0.4230769230769231 0.35336538461538464 0.4230769230769231 0.35336538461538464 0.5024038461538461 0.41586538461538464 0.5024038461538461
2 0.6201923076923077 0.42307692307692324 0.5625 0.42307692307692324 0.5625 0.5504807692307694 0.6201923076923077 0.5504807692307694
2 0.5096153846153847 0.46634615384615385 0.43990384615384615 0.46634615384615385 0.4399038461538462 0.5985576923076923 0.5096153846153848 0.5985576923076923
4 0.6682692307692307 0.543269230769231 0.6129807692307693 0.543269230769231 0.6129807692307693 0.6346153846153846 0.6682692307692307 0.6346153846153846
2 0.5865384615384617 0.6947115384615384 0.49759615384615397 0.6947115384615384 0.49759615384615397 0.8245192307692307 0.5865384615384617 0.8245192307692307
2 0.3125000000000001 0.8894230769230769 0.1682692307692309 0.8894230769230769 0.1682692307692309 1 0.3125000000000001 1