4 0.18750000000000006 0.3004807692307692 0.15144230769230774 0.3004807692307692 0.15144230769230774 0.34615384615384615 0.18750000000000006 0.34615384615384615
4 0.31971153846153844 0.3125 0.2860576923076924 0.3125 0.2860576923076924 0.3581730769230769 0.31971153846153844 0.3581730769230769
4 0.3701923076923077 0.3125 0.3389423076923077 0.3125 0.3389423076923077 0.3605769230769231 0.3701923076923077 0.3605769230769231
2 0.5048076923076923 0.35096153846153844 0.46634615384615385 0.35096153846153844 0.46634615384615385 0.4110576923076923 0.5048076923076923 0.4110576923076923
2 0.8365384615384616 0.4062500000000001 0.7644230769230769 0.4062500000000001 0.7644230769230769 0.49759615384615397 0.8365384615384616 0.49759615384615397
2 0.7884615384615384 0.41105769230769246 0.7355769230769231 0.41105769230769246 0.7355769230769231 0.5144230769230771 0.7884615384615384 0.5144230769230771
5 0.5120192307692307 0.43028846153846156 0.44471153846153844 0.43028846153846156 0.44471153846153844 0.5 0.5120192307692307 0.5
2 0.6899038461538461 0.45432692307692324 0.6225961538461539 0.45432692307692324 0.6225961538461539 0.5625000000000001 0.6899038461538461 0.5625000000000001
2 0.4927884615384616 0.4879807692307692 0.4230769230769231 0.4879807692307692 0.42307692307692313 0.5745192307692307 0.4927884615384617 0.5745192307692307
2 0.5793269230769232 0.6105769230769231 0.49038461538461553 0.6105769230769231 0.49038461538461553 0.7283653846153846 0.5793269230769232 0.7283653846153846
4 0.8028846153846154 0.7524038461538461 0.6995192307692307 0.7524038461538461 0.6995192307692307 0.8774038461538461 0.8028846153846154 0.8774038461538461