2 0.7379807692307693 0.2836538461538462 0.6971153846153846 0.2836538461538462 0.6971153846153846 0.3701923076923078 0.7379807692307693 0.3701923076923078
2 0.6826923076923077 0.28846153846153855 0.6442307692307693 0.28846153846153855 0.6442307692307693 0.3701923076923078 0.6826923076923077 0.3701923076923078
2 0.5120192307692307 0.31009615384615385 0.46634615384615385 0.31009615384615385 0.46634615384615385 0.3701923076923077 0.5120192307692307 0.3701923076923077
4 0.7788461538461539 0.34134615384615397 0.7475961538461539 0.34134615384615397 0.7475961538461539 0.3870192307692309 0.7788461538461539 0.3870192307692309
2 0.75 0.39182692307692324 0.7091346153846154 0.39182692307692324 0.7091346153846154 0.45432692307692324 0.75 0.45432692307692324
2 0.34134615384615385 0.41346153846153844 0.2788461538461539 0.41346153846153844 0.2788461538461539 0.4831730769230769 0.34134615384615385 0.4831730769230769
2 0.6538461538461539 0.4182692307692309 0.6009615384615384 0.4182692307692309 0.6009615384615384 0.49759615384615397 0.6538461538461539 0.49759615384615397
4 0.41346153846153844 0.4326923076923077 0.3629807692307692 0.4326923076923077 0.3629807692307692 0.49278846153846156 0.41346153846153844 0.49278846153846156
8 0.09375000000000007 0.4206730769230769 5.151759371413145e-17 0.4206730769230769 6.020198808308503e-17 0.5625 0.09375000000000007 0.5625
5 0.08173076923076932 0.5625 6.888638245203861e-17 0.5625 7.727639057119716e-17 0.6995192307692307 0.08173076923076933 0.6995192307692307
2 0.5024038461538463 0.8317307692307693 0.39663461538461553 0.8317307692307693 0.39663461538461553 0.9927884615384616 0.5024038461538463 0.9927884615384616
4 0.6418269230769231 0.84375 0.543269230769231 0.84375 0.543269230769231 0.9951923076923077 0.6418269230769231 0.9951923076923077