2 0.5721153846153846 0.295673076923077 0.5288461538461539 0.295673076923077 0.5288461538461539 0.37019230769230776 0.5721153846153846 0.3701923076923078
2 0.45913461538461536 0.31971153846153844 0.41586538461538464 0.31971153846153844 0.41586538461538464 0.37740384615384615 0.45913461538461536 0.37740384615384615
2 0.6634615384615384 0.34134615384615397 0.6225961538461539 0.34134615384615397 0.6225961538461539 0.39182692307692324 0.6634615384615384 0.39182692307692324
2 0.5144230769230769 0.35096153846153844 0.4735576923076923 0.35096153846153844 0.4735576923076923 0.4110576923076923 0.5144230769230769 0.4110576923076923
4 0.4639423076923077 0.39903846153846156 0.4230769230769231 0.39903846153846156 0.4230769230769231 0.44471153846153844 0.4639423076923077 0.44471153846153844
2 0.38461538461538464 0.37740384615384615 0.3317307692307692 0.37740384615384615 0.3317307692307692 0.4639423076923077 0.38461538461538464 0.4639423076923077
2 0.6466346153846154 0.4134615384615386 0.5961538461538461 0.4134615384615386 0.5961538461538461 0.5048076923076924 0.6466346153846154 0.5048076923076924
4 0.7932692307692307 0.4375000000000001 0.7475961538461539 0.4375000000000001 0.7475961538461539 0.4927884615384617 0.7932692307692307 0.4927884615384617
2 0.09375000000000007 0.45913461538461536 0.0024038461538462104 0.45913461538461536 0.002403846153846219 0.6033653846153846 0.09375000000000007 0.6033653846153846
4 0.35817307692307704 0.8221153846153846 0.2716346153846155 0.8221153846153846 0.2716346153846155 0.9519230769230769 0.35817307692307704 0.9519230769230769
2 0.45432692307692324 0.8100961538461539 0.32932692307692324 0.8100961538461539 0.32932692307692324 1 0.45432692307692324 1