8 0.31971153846153844 0.24278846153846156 0.2692307692307692 0.24278846153846154 0.2692307692307693 0.3245192307692308 0.31971153846153844 0.3245192307692308
8 0.4879807692307692 0.2596153846153847 0.4375 0.2596153846153847 0.4375 0.35096153846153844 0.4879807692307692 0.35096153846153844
8 0.37740384615384615 0.26201923076923084 0.3293269230769231 0.26201923076923084 0.3293269230769231 0.36778846153846156 0.37740384615384615 0.36778846153846156
2 0.4326923076923077 0.28846153846153855 0.39903846153846156 0.28846153846153855 0.39903846153846156 0.34375 0.4326923076923077 0.34375
2 0.5841346153846154 0.2908653846153847 0.5408653846153846 0.2908653846153847 0.5408653846153846 0.35576923076923084 0.5841346153846154 0.3557692307692309
4 0.17788461538461545 0.32211538461538464 0.1418269230769231 0.32211538461538464 0.1418269230769231 0.3870192307692308 0.17788461538461545 0.3870192307692308
8 0.4375 0.3173076923076923 0.36778846153846156 0.3173076923076923 0.36778846153846156 0.43509615384615385 0.4375 0.43509615384615385
4 0.5865384615384616 0.38701923076923084 0.5384615384615384 0.3870192307692308 0.5384615384615384 0.46875000000000006 0.5865384615384616 0.4687500000000001
4 0.45432692307692313 0.47836538461538464 0.39663461538461536 0.47836538461538464 0.3966346153846155 0.5600961538461539 0.45432692307692324 0.5600961538461539
4 0.5745192307692308 0.514423076923077 0.49759615384615385 0.5144230769230769 0.4975961538461539 0.5961538461538463 0.574519230769231 0.5961538461538463
4 0.41105769230769246 0.6346153846153846 0.32692307692307704 0.6346153846153846 0.32692307692307704 0.7524038461538461 0.41105769230769246 0.7524038461538461