4 0.35817307692307704 0.5865384615384616 0.32211538461538475 0.5865384615384616 0.32211538461538475 0.6466346153846154 0.35817307692307704 0.6466346153846154
8 0.545673076923077 0.5528846153846154 0.4567307692307692 0.5528846153846154 0.4567307692307693 0.7235576923076923 0.5456730769230771 0.7235576923076923
4 0.42067307692307704 0.6153846153846154 0.38461538461538475 0.6153846153846154 0.38461538461538475 0.6682692307692307 0.42067307692307704 0.6682692307692307
4 0.32211538461538475 0.6394230769230769 0.28125000000000006 0.6394230769230769 0.28125000000000006 0.6995192307692307 0.32211538461538475 0.6995192307692307
4 0.3870192307692309 0.6418269230769231 0.34855769230769246 0.6418269230769231 0.34855769230769246 0.7067307692307693 0.3870192307692309 0.7067307692307693
2 0.45913461538461553 0.6370192307692307 0.41105769230769246 0.6370192307692307 0.41105769230769246 0.7259615384615384 0.45913461538461553 0.7259615384615384
2 0.11298076923076932 0.6442307692307693 0.06009615384615393 0.6442307692307693 0.06009615384615393 0.7331730769230769 0.11298076923076933 0.7331730769230769
2 0.33413461538461553 0.6899038461538461 0.2788461538461539 0.6899038461538461 0.2788461538461539 0.7788461538461539 0.33413461538461553 0.7788461538461539
2 0.5168269230769232 0.6730769230769231 0.44711538461538475 0.6730769230769231 0.44711538461538475 0.8149038461538461 0.5168269230769232 0.8149038461538461
2 0.4326923076923078 0.7091346153846154 0.3701923076923078 0.7091346153846154 0.3701923076923078 0.8173076923076923 0.4326923076923078 0.8173076923076923
4 0.1754807692307693 0.7235576923076923 0.11298076923076933 0.7235576923076923 0.11298076923076933 0.8293269230769231 0.1754807692307693 0.8293269230769231
8 0.6923076923076923 0.6658653846153846 0.5384615384615385 0.6658653846153846 0.5384615384615385 0.9206730769230769 0.6923076923076923 0.9206730769230769
4 0.5625000000000001 0.7932692307692307 0.4879807692307694 0.7932692307692307 0.4879807692307694 0.9158653846153846 0.5625000000000001 0.9158653846153846
2 0.49759615384615397 0.8173076923076923 0.41586538461538475 0.8173076923076923 0.41586538461538475 0.96875 0.49759615384615397 0.96875
5 0.4062500000000001 0.84375 0.3052884615384617 0.84375 0.3052884615384617 1 0.4062500000000001 1