9 0.6105769230769232 0.6442307692307693 0.560096153846154 0.6442307692307693 0.560096153846154 0.7524038461538461 0.6105769230769232 0.7524038461538461
2 0.4375000000000001 0.6514423076923077 0.3870192307692309 0.6514423076923077 0.3870192307692309 0.7548076923076923 0.4375000000000001 0.7548076923076923
4 0.543269230769231 0.7091346153846154 0.49038461538461553 0.7091346153846154 0.49038461538461553 0.7860576923076923 0.543269230769231 0.7860576923076923
2 0.6009615384615385 0.7139423076923077 0.5360576923076924 0.7139423076923077 0.5360576923076924 0.8533653846153846 0.6009615384615385 0.8533653846153846
8 0.3028846153846155 0.6706730769230769 0.21394230769230776 0.6706730769230769 0.2139423076923078 0.9038461538461539 0.30288461538461553 0.9038461538461539
2 0.6899038461538461 0.7259615384615384 0.625 0.7259615384615384 0.625 0.8533653846153846 0.6899038461538461 0.8533653846153846
5 0.8605769230769231 0.7451923076923077 0.7956730769230769 0.7451923076923077 0.7956730769230769 0.84375 0.8605769230769231 0.84375
2 0.4182692307692309 0.7764423076923077 0.3509615384615386 0.7764423076923077 0.3509615384615386 0.875 0.4182692307692309 0.875
4 0.9903846153846154 0.8028846153846154 0.9206730769230769 0.8028846153846154 0.9206730769230769 0.8846153846153846 0.9903846153846154 0.8846153846153846
4 0.7572115384615384 0.8221153846153846 0.6754807692307693 0.8221153846153846 0.6754807692307693 0.9278846153846154 0.7572115384615384 0.9278846153846154
2 0.6346153846153846 0.8173076923076923 0.560096153846154 0.8173076923076923 0.560096153846154 0.9399038461538461 0.6346153846153846 0.9399038461538461
4 0.41105769230769246 0.8605769230769231 0.35336538461538475 0.8605769230769231 0.35336538461538475 0.9278846153846154 0.41105769230769246 0.9278846153846154
2 1 0.8653846153846154 0.9278846153846154 0.8653846153846154 0.9278846153846154 0.9807692307692307 1 0.9807692307692307
4 0.8173076923076923 0.9110576923076923 0.7355769230769231 0.9110576923076923 0.7355769230769231 1 0.8173076923076923 1