8 0.7211538461538461 0.4326923076923078 0.6658653846153846 0.4326923076923078 0.6658653846153846 0.543269230769231 0.7211538461538461 0.543269230769231
4 0.3004807692307693 0.5552884615384616 0.26201923076923084 0.5552884615384616 0.26201923076923084 0.6033653846153846 0.3004807692307693 0.6033653846153846
2 0.483173076923077 0.5384615384615384 0.4206730769230769 0.5384615384615384 0.420673076923077 0.6201923076923077 0.48317307692307704 0.6201923076923077
2 0.17788461538461545 0.5673076923076923 0.12740384615384623 0.5673076923076923 0.12740384615384623 0.6682692307692307 0.17788461538461545 0.6682692307692307
4 0.6634615384615384 0.5841346153846155 0.6153846153846154 0.5841346153846155 0.6153846153846154 0.6538461538461539 0.6634615384615384 0.6538461538461539
8 0.06490384615384623 0.5480769230769231 6.712006495326839e-17 0.5480769230769231 7.75707768209922e-17 0.71875 0.06490384615384624 0.71875
2 0.5889423076923078 0.608173076923077 0.528846153846154 0.6081730769230769 0.528846153846154 0.71875 0.5889423076923078 0.71875
2 0.13701923076923087 0.6298076923076923 0.07932692307692314 0.6298076923076923 0.07932692307692316 0.7355769230769231 0.13701923076923087 0.7355769230769231
4 0.49038461538461553 0.6514423076923077 0.4326923076923078 0.6514423076923077 0.4326923076923078 0.7283653846153846 0.49038461538461553 0.7283653846153846
4 0.6081730769230771 0.6850961538461539 0.5480769230769232 0.6850961538461539 0.5480769230769232 0.7668269230769231 0.6081730769230771 0.7668269230769231
2 0.12259615384615394 0.6706730769230769 0.06009615384615393 0.6706730769230769 0.06009615384615394 0.8052884615384616 0.12259615384615395 0.8052884615384616
9 0.8149038461538461 0.6850961538461539 0.7355769230769231 0.6850961538461539 0.7355769230769231 0.8221153846153846 0.8149038461538461 0.8221153846153846
2 0.625 0.7307692307692307 0.543269230769231 0.7307692307692307 0.543269230769231 0.8605769230769231 0.625 0.8605769230769231
2 0.23076923076923087 0.7908653846153846 0.16346153846153852 0.7908653846153846 0.16346153846153857 0.8966346153846154 0.2307692307692309 0.8966346153846154
2 0.3004807692307694 0.8677884615384616 0.2043269230769232 0.8677884615384616 0.2043269230769232 1 0.3004807692307694 1