2 0.49278846153846156 0.2788461538461539 0.4519230769230769 0.2788461538461539 0.4519230769230769 0.37740384615384615 0.49278846153846156 0.37740384615384615
2 0.3605769230769231 0.34375 0.3052884615384616 0.34375 0.3052884615384616 0.43028846153846156 0.3605769230769231 0.43028846153846156
2 0.40865384615384615 0.40384615384615385 0.3581730769230769 0.40384615384615385 0.3581730769230769 0.4951923076923077 0.40865384615384615 0.4951923076923077
2 0.7211538461538461 0.41105769230769246 0.6394230769230769 0.41105769230769246 0.6394230769230769 0.5336538461538463 0.7211538461538461 0.5336538461538463
2 0.90625 0.42788461538461553 0.8365384615384616 0.42788461538461553 0.8365384615384616 0.543269230769231 0.90625 0.543269230769231
8 0.9879807692307693 0.3822115384615386 0.8918269230769231 0.3822115384615386 0.8918269230769231 0.6418269230769231 0.9879807692307693 0.6418269230769231
4 0.295673076923077 0.46875 0.2379807692307693 0.46875 0.2379807692307693 0.5625 0.295673076923077 0.5625
4 0.23076923076923084 0.5865384615384616 0.14663461538461545 0.5865384615384616 0.14663461538461547 0.7091346153846154 0.23076923076923084 0.7091346153846154
2 0.35576923076923084 0.5456730769230769 0.2548076923076924 0.5456730769230769 0.2548076923076924 0.7596153846153846 0.3557692307692309 0.7596153846153846
4 0.4879807692307694 0.6802884615384616 0.4062500000000001 0.6802884615384616 0.4062500000000001 0.8317307692307693 0.4879807692307694 0.8317307692307693
4 0.9903846153846154 0.7283653846153846 0.8677884615384616 0.7283653846153846 0.8677884615384616 0.8990384615384616 0.9903846153846154 0.8990384615384616