5 0.7644230769230769 0.5240384615384617 0.7115384615384616 0.5240384615384617 0.7115384615384616 0.6081730769230771 0.7644230769230769 0.6081730769230771
4 0.528846153846154 0.5625 0.46634615384615397 0.5625 0.46634615384615397 0.6346153846153846 0.528846153846154 0.6346153846153846
2 0.29326923076923084 0.5673076923076923 0.21394230769230776 0.5673076923076923 0.21394230769230776 0.6466346153846154 0.29326923076923084 0.6466346153846154
5 0.35817307692307704 0.5625 0.2836538461538462 0.5625 0.2836538461538462 0.6514423076923077 0.35817307692307704 0.6514423076923077
2 0.576923076923077 0.5504807692307693 0.5144230769230769 0.5504807692307693 0.514423076923077 0.6682692307692307 0.5769230769230771 0.6682692307692307
4 0.11538461538461545 0.625 0.052884615384615453 0.625 0.05288461538461546 0.6947115384615384 0.11538461538461545 0.6947115384615384
4 0.46634615384615397 0.6274038461538461 0.39663461538461553 0.6274038461538461 0.39663461538461553 0.7235576923076923 0.46634615384615397 0.7235576923076923
9 0.19951923076923084 0.6538461538461539 0.108173076923077 0.6538461538461539 0.10817307692307701 0.7475961538461539 0.19951923076923084 0.7475961538461539
2 0.6682692307692307 0.6730769230769231 0.5865384615384617 0.6730769230769231 0.5865384615384617 0.7980769230769231 0.6682692307692307 0.7980769230769231
4 0.18990384615384623 0.7283653846153846 0.09134615384615395 0.7283653846153846 0.09134615384615395 0.8173076923076923 0.18990384615384623 0.8173076923076923
4 0.44711538461538475 0.7548076923076923 0.3629807692307694 0.7548076923076923 0.3629807692307694 0.8822115384615384 0.44711538461538475 0.8822115384615384
9 0.15865384615384626 0.8052884615384616 0.016826923076923177 0.8052884615384616 0.016826923076923184 0.9543269230769231 0.15865384615384628 0.9543269230769231