2 0.22115384615384623 0.5216346153846154 0.18028846153846162 0.5216346153846154 0.18028846153846162 0.6033653846153846 0.22115384615384623 0.6033653846153846
2 0.3221153846153847 0.5360576923076923 0.28125000000000006 0.5360576923076923 0.28125000000000006 0.6081730769230769 0.32211538461538475 0.6081730769230769
4 0.14663461538461545 0.5480769230769231 0.10096153846153853 0.5480769230769231 0.10096153846153853 0.6009615384615384 0.14663461538461545 0.6009615384615384
5 0.5240384615384616 0.5456730769230769 0.47836538461538464 0.5456730769230769 0.4783653846153847 0.6201923076923077 0.5240384615384617 0.6201923076923077
8 0.7668269230769231 0.5240384615384617 0.6850961538461539 0.5240384615384617 0.6850961538461539 0.6875 0.7668269230769231 0.6875
8 0.06971153846153853 0.5336538461538461 6.535374745449818e-17 0.5336538461538461 7.668761807160709e-17 0.71875 0.06971153846153855 0.71875
2 0.19951923076923084 0.6899038461538461 0.14663461538461545 0.6899038461538461 0.14663461538461547 0.7740384615384616 0.19951923076923084 0.7740384615384616
4 0.5240384615384617 0.6995192307692307 0.46634615384615397 0.6995192307692307 0.46634615384615397 0.78125 0.5240384615384617 0.78125
8 0.14423076923076933 0.65625 0.05769230769230778 0.65625 0.057692307692307786 0.8485576923076923 0.14423076923076933 0.8485576923076923
2 0.8918269230769231 0.7139423076923077 0.8173076923076923 0.7139423076923077 0.8173076923076923 0.8533653846153846 0.8918269230769231 0.8533653846153846
2 0.2451923076923078 0.7932692307692307 0.17307692307692316 0.7932692307692307 0.17307692307692318 0.8966346153846154 0.24519230769230782 0.8966346153846154
4 0.27163461538461553 0.8870192307692307 0.19230769230769246 0.8870192307692307 0.19230769230769246 0.9807692307692307 0.27163461538461553 0.9807692307692307