4 0.46153846153846156 0.43990384615384615 0.4254807692307692 0.43990384615384615 0.4254807692307692 0.4855769230769231 0.46153846153846156 0.4855769230769231
1 0.2860576923076924 0.43990384615384615 0.26682692307692313 0.43990384615384615 0.26682692307692313 0.49278846153846156 0.2860576923076924 0.49278846153846156
1 0.37740384615384615 0.4495192307692308 0.3557692307692308 0.4495192307692308 0.3557692307692308 0.4855769230769231 0.37740384615384615 0.4855769230769231
4 0.78125 0.4807692307692309 0.7427884615384616 0.4807692307692309 0.7427884615384616 0.5384615384615385 0.78125 0.5384615384615385
2 0.19230769230769237 0.49278846153846156 0.15625000000000006 0.49278846153846156 0.15625000000000006 0.5408653846153846 0.19230769230769237 0.5408653846153846
2 0.7019230769230769 0.5697115384615385 0.6442307692307693 0.5697115384615385 0.6442307692307693 0.65625 0.7019230769230769 0.65625
9 0.875 0.6129807692307694 0.8245192307692307 0.6129807692307694 0.8245192307692307 0.7211538461538461 0.875 0.7211538461538461
2 0.6754807692307693 0.6370192307692307 0.6274038461538461 0.6370192307692307 0.6274038461538461 0.7331730769230769 0.6754807692307693 0.7331730769230769
2 0.9975961538461539 0.6778846153846154 0.9326923076923077 0.6778846153846154 0.9326923076923077 0.7644230769230769 0.9975961538461539 0.7644230769230769
2 0.65625 0.8028846153846154 0.5865384615384617 0.8028846153846154 0.5865384615384617 0.9375 0.65625 0.9375
1 1 0.8389423076923077 0.9615384615384616 0.8389423076923077 0.9615384615384616 0.9182692307692307 1 0.9182692307692307
4 0.7331730769230769 0.8365384615384616 0.6754807692307693 0.8365384615384616 0.6754807692307693 0.9639423076923077 0.7331730769230769 0.9639423076923077