4 0.25000000000000006 0.5432692307692307 0.20192307692307698 0.5432692307692307 0.20192307692307698 0.6129807692307693 0.25000000000000006 0.6129807692307693
8 0.18269230769230776 0.5216346153846154 0.1129807692307693 0.5216346153846154 0.1129807692307693 0.6394230769230769 0.18269230769230776 0.6394230769230769
4 0.3149038461538463 0.5769230769230769 0.2692307692307693 0.5769230769230769 0.2692307692307693 0.6370192307692307 0.3149038461538463 0.6370192307692307
2 0.2067307692307693 0.6057692307692307 0.14663461538461545 0.6057692307692307 0.14663461538461545 0.6899038461538461 0.2067307692307693 0.6899038461538461
2 0.6322115384615384 0.6225961538461539 0.5841346153846155 0.6225961538461539 0.5841346153846155 0.7067307692307693 0.6322115384615384 0.7067307692307693
4 0.7764423076923077 0.6346153846153846 0.7307692307692307 0.6346153846153846 0.7307692307692307 0.7091346153846154 0.7764423076923077 0.7091346153846154
4 0.3052884615384616 0.6610576923076923 0.2548076923076924 0.6610576923076923 0.2548076923076924 0.7331730769230769 0.3052884615384616 0.7331730769230769
4 0.5192307692307694 0.6826923076923077 0.4567307692307694 0.6826923076923077 0.4567307692307694 0.7524038461538461 0.5192307692307694 0.7524038461538461
2 0.8798076923076923 0.6682692307692307 0.8100961538461539 0.6682692307692307 0.8100961538461539 0.8245192307692307 0.8798076923076923 0.8245192307692307
8 0.1562500000000001 0.6610576923076923 0.050480769230769315 0.6610576923076923 0.050480769230769336 0.9134615384615384 0.15625000000000014 0.9134615384615384
4 0.3365384615384617 0.7668269230769231 0.2716346153846155 0.7668269230769231 0.2716346153846155 0.8533653846153846 0.3365384615384617 0.8533653846153846
4 0.7475961538461539 0.8701923076923077 0.6490384615384616 0.8701923076923077 0.6490384615384616 0.9975961538461539 0.7475961538461539 0.9975961538461539
4 0.9038461538461539 0.8725961538461539 0.8052884615384616 0.8725961538461539 0.8052884615384616 1 0.9038461538461539 1