5 0.5072115384615385 0.6466346153846154 0.45913461538461553 0.6466346153846154 0.45913461538461553 0.71875 0.5072115384615385 0.71875
4 0.4062500000000001 0.6634615384615384 0.35817307692307704 0.6634615384615384 0.35817307692307704 0.7403846153846154 0.4062500000000001 0.7403846153846154
5 0.6081730769230771 0.6706730769230769 0.5625000000000001 0.6706730769230769 0.5625000000000001 0.75 0.6081730769230771 0.75
2 0.574519230769231 0.6658653846153846 0.5144230769230771 0.6658653846153846 0.5144230769230771 0.8028846153846154 0.574519230769231 0.8028846153846154
2 0.4687500000000001 0.7115384615384616 0.4086538461538463 0.7115384615384616 0.4086538461538463 0.8365384615384616 0.4687500000000001 0.8365384615384616
9 0.6875 0.7331730769230769 0.6177884615384616 0.7331730769230769 0.6177884615384616 0.8293269230769231 0.6875 0.8293269230769231
2 0.8533653846153846 0.7548076923076923 0.7932692307692307 0.7548076923076923 0.7932692307692307 0.84375 0.8533653846153846 0.84375
4 0.605769230769231 0.7932692307692307 0.5408653846153848 0.7932692307692307 0.5408653846153848 0.8846153846153846 0.605769230769231 0.8846153846153846
8 0.32692307692307704 0.7235576923076923 0.21394230769230776 0.7235576923076923 0.2139423076923078 0.9615384615384616 0.32692307692307704 0.9615384615384616
4 0.7307692307692307 0.8197115384615384 0.6658653846153846 0.8197115384615384 0.6658653846153846 0.9158653846153846 0.7307692307692307 0.9158653846153846
2 0.6778846153846154 0.8028846153846154 0.5961538461538463 0.8028846153846154 0.5961538461538463 0.9783653846153846 0.6778846153846154 0.9783653846153846
2 0.5168269230769232 0.8389423076923077 0.44711538461538475 0.8389423076923077 0.44711538461538475 0.9663461538461539 0.5168269230769232 0.9663461538461539
2 0.8004807692307693 0.8317307692307693 0.7283653846153846 0.8317307692307693 0.7283653846153846 0.9807692307692307 0.8004807692307693 0.9807692307692307
2 1 0.8557692307692307 0.9206730769230769 0.8557692307692307 0.9206730769230769 0.9759615384615384 1 0.9759615384615384
2 0.47355769230769246 0.8870192307692307 0.3942307692307694 0.8870192307692307 0.3942307692307694 0.9879807692307693 0.47355769230769246 0.9879807692307693