4 0.6081730769230769 0.45192307692307704 0.5769230769230769 0.45192307692307704 0.5769230769230769 0.5096153846153848 0.6081730769230769 0.5096153846153848
9 0.41346153846153844 0.4831730769230769 0.37740384615384615 0.4831730769230769 0.37740384615384615 0.5528846153846154 0.41346153846153844 0.5528846153846154
4 0.6538461538461539 0.4927884615384617 0.6201923076923077 0.4927884615384617 0.6201923076923077 0.5528846153846155 0.6538461538461539 0.5528846153846155
4 0.7764423076923077 0.5240384615384617 0.7403846153846154 0.5240384615384617 0.7403846153846154 0.5961538461538463 0.7764423076923077 0.5961538461538463
8 0.16346153846153852 0.5336538461538461 0.0865384615384616 0.5336538461538461 0.0865384615384616 0.6658653846153846 0.16346153846153852 0.6658653846153846
4 0.6177884615384616 0.6177884615384616 0.5793269230769232 0.6177884615384616 0.5793269230769232 0.6947115384615384 0.6177884615384616 0.6947115384615384
4 0.8557692307692307 0.6370192307692307 0.8052884615384616 0.6370192307692307 0.8052884615384616 0.71875 0.8557692307692307 0.71875
4 0.7235576923076923 0.6586538461538461 0.6802884615384616 0.6586538461538461 0.6802884615384616 0.7403846153846154 0.7235576923076923 0.7403846153846154
4 0.16346153846153852 0.6802884615384616 0.09615384615384623 0.6802884615384616 0.09615384615384624 0.7692307692307693 0.16346153846153852 0.7692307692307693
8 1 0.6778846153846154 0.8629807692307693 0.6778846153846154 0.8629807692307693 1 1 1
2 0.6586538461538461 0.8341346153846154 0.5961538461538463 0.8341346153846154 0.5961538461538463 0.9783653846153846 0.6586538461538461 0.9783653846153846
2 0.3317307692307694 0.8774038461538461 0.24038461538461553 0.8774038461538461 0.24038461538461553 1 0.3317307692307694 1