2 0.5288461538461539 0.24278846153846162 0.49278846153846156 0.24278846153846162 0.49278846153846156 0.28125000000000006 0.5288461538461539 0.28125000000000006
4 0.7788461538461539 0.2836538461538462 0.7451923076923077 0.2836538461538462 0.7451923076923077 0.3365384615384617 0.7788461538461539 0.3365384615384617
2 0.8173076923076923 0.2836538461538462 0.7860576923076923 0.2836538461538462 0.7860576923076923 0.3389423076923078 0.8173076923076923 0.3389423076923078
4 0.4254807692307692 0.3004807692307693 0.37740384615384615 0.3004807692307693 0.37740384615384615 0.34375 0.4254807692307692 0.34375
8 0.4543269230769231 0.32211538461538464 0.4014423076923077 0.32211538461538464 0.4014423076923077 0.37740384615384615 0.4543269230769231 0.37740384615384615
1 0.38221153846153844 0.34134615384615385 0.3605769230769231 0.34134615384615385 0.3605769230769231 0.3870192307692308 0.38221153846153844 0.3870192307692308
2 0.6899038461538461 0.3389423076923078 0.6490384615384616 0.3389423076923078 0.6490384615384616 0.4134615384615386 0.6899038461538461 0.4134615384615386
4 0.4375 0.40384615384615385 0.3870192307692308 0.40384615384615385 0.3870192307692308 0.46634615384615385 0.4375 0.46634615384615385
4 0.28846153846153855 0.4423076923076923 0.23076923076923084 0.4423076923076923 0.23076923076923084 0.5120192307692307 0.28846153846153855 0.5120192307692307
9 0.5865384615384616 0.4350961538461539 0.5048076923076923 0.43509615384615385 0.5048076923076923 0.5480769230769231 0.5865384615384616 0.5480769230769232
4 0.33653846153846156 0.46153846153846156 0.264423076923077 0.46153846153846156 0.264423076923077 0.53125 0.33653846153846156 0.53125
4 0.6706730769230769 0.47836538461538475 0.6129807692307693 0.47836538461538475 0.6129807692307693 0.5817307692307694 0.6706730769230769 0.5817307692307694
2 0.6875 0.6682692307692307 0.6033653846153848 0.6682692307692307 0.6033653846153848 0.8389423076923077 0.6875 0.8389423076923077
2 0.2908653846153847 0.7019230769230769 0.14423076923076933 0.7019230769230769 0.14423076923076933 0.8822115384615384 0.29086538461538475 0.8822115384615384