8 0.8100961538461539 0.1971153846153847 0.7163461538461539 0.1971153846153847 0.7163461538461539 0.3509615384615386 0.8100961538461539 0.3509615384615386
2 0.8725961538461539 0.2500000000000001 0.8149038461538461 0.25000000000000006 0.8149038461538461 0.3750000000000001 0.8725961538461539 0.3750000000000001
2 0.29326923076923084 0.31009615384615385 0.22355769230769237 0.31009615384615385 0.22355769230769237 0.43509615384615385 0.29326923076923084 0.43509615384615385
2 0.7043269230769231 0.29807692307692313 0.6370192307692307 0.29807692307692313 0.6370192307692307 0.45192307692307704 0.7043269230769231 0.45192307692307704
4 0.7860576923076923 0.35817307692307704 0.7163461538461539 0.35817307692307704 0.7163461538461539 0.44711538461538475 0.7860576923076923 0.44711538461538475
2 0.3389423076923077 0.35096153846153844 0.2524038461538462 0.35096153846153844 0.2524038461538462 0.5096153846153846 0.3389423076923077 0.5096153846153846
4 0.90625 0.38942307692307704 0.8389423076923077 0.38942307692307704 0.8389423076923077 0.5024038461538463 0.90625 0.5024038461538463
2 0.4110576923076923 0.4423076923076923 0.3317307692307692 0.4423076923076923 0.3317307692307692 0.5504807692307693 0.4110576923076923 0.5504807692307693
4 0.5000000000000001 0.49278846153846156 0.43028846153846156 0.49278846153846156 0.4302884615384616 0.59375 0.5000000000000001 0.59375
4 0.9038461538461539 0.5480769230769232 0.8173076923076923 0.5480769230769232 0.8173076923076923 0.6778846153846154 0.9038461538461539 0.6778846153846154
4 0.17067307692307698 0.5841346153846154 0.0865384615384616 0.5841346153846154 0.0865384615384616 0.6850961538461539 0.17067307692307698 0.6850961538461539
9 0.8221153846153846 0.6346153846153846 0.7139423076923077 0.6346153846153846 0.7139423076923077 0.84375 0.8221153846153846 0.84375
5 1 0.7596153846153846 0.9134615384615384 0.7596153846153846 0.9134615384615384 0.9975961538461539 1 0.9975961538461539