8 0.3798076923076923 0.2524038461538462 0.2860576923076923 0.2524038461538462 0.28605769230769235 0.40384615384615385 0.3798076923076923 0.40384615384615385
4 0.295673076923077 0.3293269230769231 0.23317307692307698 0.3293269230769231 0.23317307692307698 0.3918269230769231 0.295673076923077 0.3918269230769231
4 0.75 0.33413461538461553 0.6971153846153846 0.33413461538461553 0.6971153846153846 0.4062500000000001 0.75 0.4062500000000001
2 0.9543269230769231 0.3317307692307694 0.8894230769230769 0.3317307692307694 0.8894230769230769 0.45192307692307704 0.9543269230769231 0.45192307692307704
4 0.6947115384615384 0.3822115384615386 0.6370192307692307 0.3822115384615386 0.6370192307692307 0.4639423076923078 0.6947115384615384 0.4639423076923078
4 0.295673076923077 0.40384615384615385 0.24519230769230776 0.40384615384615385 0.24519230769230776 0.47596153846153844 0.295673076923077 0.47596153846153844
9 0.8317307692307693 0.40384615384615397 0.7548076923076923 0.40384615384615397 0.7548076923076923 0.543269230769231 0.8317307692307693 0.543269230769231
2 0.75 0.4927884615384617 0.6706730769230769 0.4927884615384617 0.6706730769230769 0.6274038461538461 0.75 0.6274038461538461
9 0.2692307692307693 0.53125 0.18750000000000006 0.53125 0.18750000000000006 0.6658653846153846 0.2692307692307693 0.6658653846153846
4 0.3846153846153847 0.5576923076923077 0.3052884615384616 0.5576923076923077 0.3052884615384616 0.6682692307692307 0.38461538461538475 0.6682692307692307
4 0.1033653846153847 0.6370192307692307 0.009615384615384692 0.6370192307692307 0.009615384615384701 0.78125 0.10336538461538472 0.78125
2 0.32211538461538475 0.7163461538461539 0.21394230769230776 0.7163461538461539 0.2139423076923078 0.8942307692307693 0.32211538461538475 0.8942307692307693
4 0.9903846153846154 0.7475961538461539 0.875 0.7475961538461539 0.875 0.9302884615384616 0.9903846153846154 0.9302884615384616