8 0.7019230769230769 0.45432692307692324 0.6538461538461539 0.45432692307692324 0.6538461538461539 0.5817307692307694 0.7019230769230769 0.5817307692307694
2 0.6009615384615385 0.5024038461538463 0.5625 0.5024038461538463 0.5625000000000001 0.5625000000000001 0.6009615384615385 0.5625000000000001
9 0.5432692307692308 0.5072115384615384 0.5 0.5072115384615384 0.5000000000000001 0.5841346153846154 0.543269230769231 0.5841346153846154
4 0.18750000000000006 0.5841346153846154 0.13701923076923084 0.5841346153846154 0.13701923076923084 0.6490384615384616 0.18750000000000006 0.6490384615384616
2 0.4687500000000001 0.5769230769230769 0.42067307692307704 0.5769230769230769 0.42067307692307704 0.6730769230769231 0.4687500000000001 0.6730769230769231
8 0.14182692307692316 0.5528846153846154 0.06490384615384623 0.5528846153846154 0.06490384615384623 0.7019230769230769 0.14182692307692318 0.7019230769230769
5 0.3125000000000001 0.6009615384615384 0.26201923076923084 0.6009615384615384 0.26201923076923084 0.6778846153846154 0.3125000000000001 0.6778846153846154
2 0.5649038461538463 0.6057692307692308 0.5096153846153848 0.6057692307692307 0.5096153846153848 0.7067307692307693 0.5649038461538463 0.7067307692307693
2 0.6875 0.6586538461538461 0.6201923076923077 0.6586538461538461 0.6201923076923077 0.7572115384615384 0.6875 0.7572115384615384
8 0.9639423076923077 0.6322115384615384 0.8774038461538461 0.6322115384615384 0.8774038461538461 0.7956730769230769 0.9639423076923077 0.7956730769230769
2 0.6009615384615385 0.6875 0.5336538461538463 0.6875 0.5336538461538463 0.8004807692307693 0.6009615384615385 0.8004807692307693
4 0.13942307692307704 0.71875 0.06730769230769239 0.71875 0.0673076923076924 0.8125 0.13942307692307704 0.8125
5 0.875 0.7235576923076923 0.8100961538461539 0.7235576923076923 0.8100961538461539 0.8461538461538461 0.875 0.8461538461538461
2 0.2620192307692309 0.7596153846153846 0.18750000000000006 0.7596153846153846 0.1875000000000001 0.9278846153846154 0.2620192307692309 0.9278846153846154
2 0.7620192307692307 0.7860576923076923 0.6730769230769231 0.7860576923076923 0.6730769230769231 0.9254807692307693 0.7620192307692307 0.9254807692307693
2 0.3125000000000001 0.8293269230769231 0.23076923076923084 0.8293269230769231 0.23076923076923087 1 0.3125000000000001 1
2 0.9399038461538461 0.8918269230769231 0.8293269230769231 0.8918269230769231 0.8293269230769231 1 0.9399038461538461 1