2 0.8725961538461539 0.2740384615384616 0.8365384615384616 0.2740384615384616 0.8365384615384616 0.34855769230769246 0.8725961538461539 0.34855769230769246
2 0.7788461538461539 0.295673076923077 0.7475961538461539 0.295673076923077 0.7475961538461539 0.3629807692307694 0.7788461538461539 0.3629807692307694
9 0.7307692307692307 0.31009615384615397 0.6875 0.31009615384615397 0.6875 0.38461538461538475 0.7307692307692307 0.38461538461538475
2 0.8293269230769231 0.35336538461538475 0.7956730769230769 0.35336538461538475 0.7956730769230769 0.4399038461538463 0.8293269230769231 0.4399038461538463
4 0.5072115384615384 0.4110576923076923 0.4543269230769231 0.4110576923076923 0.4543269230769231 0.4735576923076923 0.5072115384615384 0.4735576923076923
2 0.33653846153846156 0.4879807692307692 0.2524038461538462 0.4879807692307692 0.2524038461538462 0.5504807692307693 0.33653846153846156 0.5504807692307693
4 0.6586538461538461 0.48317307692307704 0.5961538461538461 0.48317307692307704 0.5961538461538463 0.5697115384615385 0.6586538461538461 0.5697115384615385
4 0.8557692307692307 0.5024038461538463 0.7884615384615384 0.5024038461538463 0.7884615384615384 0.6225961538461539 0.8557692307692307 0.6225961538461539
9 0.38701923076923084 0.5264423076923077 0.3076923076923077 0.5264423076923077 0.30769230769230776 0.6274038461538461 0.3870192307692309 0.6274038461538461
9 0.29807692307692313 0.5432692307692307 0.19471153846153852 0.5432692307692307 0.19471153846153852 0.6370192307692307 0.29807692307692313 0.6370192307692307
2 0.4134615384615386 0.6490384615384616 0.3052884615384616 0.6490384615384616 0.3052884615384616 0.8028846153846154 0.4134615384615386 0.8028846153846154
4 0.38461538461538475 0.8221153846153846 0.24278846153846162 0.8221153846153846 0.24278846153846165 0.9951923076923077 0.38461538461538475 0.9951923076923077
4 0.5961538461538463 0.8365384615384616 0.4711538461538463 0.8365384615384616 0.4711538461538463 1 0.5961538461538463 1