2 0.31009615384615397 0.6057692307692307 0.25721153846153855 0.6057692307692307 0.25721153846153855 0.6923076923076923 0.31009615384615397 0.6923076923076923
8 0.26201923076923084 0.5697115384615384 0.18990384615384623 0.5697115384615384 0.18990384615384623 0.7548076923076923 0.26201923076923084 0.7548076923076923
2 0.5072115384615385 0.6466346153846154 0.4567307692307694 0.6466346153846154 0.4567307692307694 0.7331730769230769 0.5072115384615385 0.7331730769230769
4 0.6225961538461539 0.6802884615384616 0.5576923076923078 0.6802884615384616 0.5576923076923078 0.7596153846153846 0.6225961538461539 0.7596153846153846
4 0.42788461538461553 0.7067307692307693 0.3629807692307694 0.7067307692307693 0.3629807692307694 0.7932692307692307 0.42788461538461553 0.7932692307692307
4 0.36057692307692324 0.7235576923076923 0.3052884615384616 0.7235576923076923 0.3052884615384616 0.8076923076923077 0.36057692307692324 0.8076923076923077
4 0.47836538461538475 0.7596153846153846 0.42307692307692324 0.7596153846153846 0.42307692307692324 0.8389423076923077 0.47836538461538475 0.8389423076923077
5 0.7091346153846154 0.7764423076923077 0.6466346153846154 0.7764423076923077 0.6466346153846154 0.8725961538461539 0.7091346153846154 0.8725961538461539
2 0.8918269230769231 0.7836538461538461 0.8317307692307693 0.7836538461538461 0.8317307692307693 0.8725961538461539 0.8918269230769231 0.8725961538461539
4 0.42788461538461553 0.7764423076923077 0.3629807692307694 0.7764423076923077 0.3629807692307694 0.8942307692307693 0.42788461538461553 0.8942307692307693
9 0.6177884615384616 0.78125 0.5552884615384617 0.78125 0.5552884615384617 0.8966346153846154 0.6177884615384616 0.8966346153846154
2 1 0.7836538461538461 0.9375 0.7836538461538461 0.9375 0.8966346153846154 1 0.8966346153846154
2 0.7548076923076923 0.8317307692307693 0.6706730769230769 0.8317307692307693 0.6706730769230769 0.9350961538461539 0.7548076923076923 0.9350961538461539
4 0.5552884615384617 0.84375 0.48317307692307704 0.84375 0.48317307692307704 0.9375 0.5552884615384617 0.9375
4 0.4711538461538463 0.8918269230769231 0.40384615384615397 0.8918269230769231 0.40384615384615397 0.9879807692307693 0.4711538461538463 0.9879807692307693