4 0.6370192307692307 0.4927884615384616 0.5528846153846154 0.49278846153846156 0.5528846153846154 0.5961538461538463 0.6370192307692307 0.5961538461538463
4 0.7211538461538461 0.4879807692307694 0.6466346153846154 0.4879807692307694 0.6466346153846154 0.605769230769231 0.7211538461538461 0.605769230769231
4 0.6346153846153846 0.49519230769230776 0.5552884615384616 0.4951923076923077 0.5552884615384616 0.5985576923076924 0.6346153846153846 0.5985576923076924
2 0.8581730769230769 0.47836538461538475 0.7908653846153846 0.47836538461538475 0.7908653846153846 0.6514423076923077 0.8581730769230769 0.6514423076923077
2 0.23317307692307698 0.4855769230769231 0.0865384615384616 0.4855769230769231 0.0865384615384616 0.6442307692307693 0.23317307692307698 0.6442307692307693
4 0.7836538461538461 0.512019230769231 0.7115384615384616 0.512019230769231 0.7115384615384616 0.625 0.7836538461538461 0.625
4 0.65625 0.5456730769230771 0.5841346153846154 0.5456730769230771 0.5841346153846154 0.6923076923076923 0.65625 0.6923076923076923
4 0.7091346153846154 0.6201923076923077 0.6177884615384616 0.6201923076923077 0.6177884615384616 0.8221153846153846 0.7091346153846154 0.8221153846153846
2 0.5961538461538463 0.591346153846154 0.4687500000000001 0.5913461538461539 0.4687500000000001 0.8846153846153846 0.5961538461538463 0.8846153846153846
0 0.5216346153846154 0.5456730769230769 0.2163461538461539 0.5456730769230769 0.21634615384615394 1 0.5216346153846155 1
4 0.1875000000000001 0.7644230769230769 9.361482743482171e-17 0.7644230769230769 1.0803975367477851e-16 1 0.18750000000000014 1
2 0.8173076923076923 0.8004807692307693 0.6754807692307693 0.8004807692307693 0.6754807692307693 1 0.8173076923076923 1