8 0.53125 0.2283653846153847 0.43028846153846156 0.2283653846153847 0.43028846153846156 0.3293269230769231 0.53125 0.3293269230769231
4 0.5817307692307693 0.31250000000000006 0.5336538461538461 0.3125 0.5336538461538461 0.3629807692307693 0.5817307692307693 0.3629807692307694
9 0.6442307692307693 0.3076923076923078 0.6009615384615384 0.3076923076923078 0.6009615384615384 0.3750000000000001 0.6442307692307693 0.3750000000000001
5 0.46153846153846156 0.3269230769230769 0.41346153846153844 0.3269230769230769 0.41346153846153844 0.3918269230769231 0.46153846153846156 0.3918269230769231
4 0.40865384615384615 0.3317307692307692 0.36778846153846156 0.3317307692307692 0.36778846153846156 0.39663461538461536 0.40865384615384615 0.39663461538461536
2 0.7548076923076923 0.3149038461538463 0.7139423076923077 0.3149038461538463 0.7139423076923077 0.4182692307692309 0.7548076923076923 0.4182692307692309
4 0.264423076923077 0.43028846153846156 0.20432692307692316 0.43028846153846156 0.20432692307692316 0.49278846153846156 0.264423076923077 0.49278846153846156
2 0.40384615384615385 0.43028846153846156 0.33653846153846156 0.43028846153846156 0.33653846153846156 0.49759615384615385 0.40384615384615385 0.49759615384615385
4 0.5504807692307693 0.4879807692307692 0.4855769230769231 0.4879807692307692 0.48557692307692313 0.5721153846153846 0.5504807692307694 0.5721153846153846
4 0.389423076923077 0.5 0.3269230769230769 0.5 0.326923076923077 0.5673076923076923 0.38942307692307704 0.5673076923076923
4 0.6177884615384616 0.5024038461538463 0.5552884615384616 0.5024038461538461 0.5552884615384616 0.6105769230769231 0.6177884615384616 0.6105769230769232
4 0.43269230769230776 0.5432692307692307 0.36538461538461536 0.5432692307692307 0.3653846153846155 0.6490384615384616 0.4326923076923078 0.6490384615384616
4 0.5697115384615385 0.6394230769230769 0.49038461538461553 0.6394230769230769 0.49038461538461553 0.78125 0.5697115384615385 0.78125
5 0.2980769230769232 0.7908653846153846 0.12019230769230779 0.7908653846153846 0.1201923076923078 1 0.29807692307692324 1