8 0.2596153846153847 0.5432692307692307 0.18028846153846162 0.5432692307692307 0.18028846153846162 0.6971153846153846 0.2596153846153847 0.6971153846153846
2 0.32932692307692324 0.59375 0.27644230769230776 0.59375 0.27644230769230776 0.6875 0.32932692307692324 0.6875
2 0.5817307692307694 0.6129807692307693 0.528846153846154 0.6129807692307693 0.528846153846154 0.7307692307692307 0.5817307692307694 0.7307692307692307
2 0.6586538461538461 0.6298076923076923 0.605769230769231 0.6298076923076923 0.605769230769231 0.7283653846153846 0.6586538461538461 0.7283653846153846
4 0.8653846153846154 0.6658653846153846 0.8100961538461539 0.6658653846153846 0.8100961538461539 0.7283653846153846 0.8653846153846154 0.7283653846153846
2 0.31730769230769246 0.6610576923076923 0.25721153846153855 0.6610576923076923 0.25721153846153855 0.7355769230769231 0.31730769230769246 0.7355769230769231
8 0.5336538461538463 0.6370192307692307 0.45192307692307704 0.6370192307692307 0.45192307692307704 0.7908653846153846 0.5336538461538463 0.7908653846153846
4 0.7451923076923077 0.7235576923076923 0.6826923076923077 0.7235576923076923 0.6826923076923077 0.8028846153846154 0.7451923076923077 0.8028846153846154
5 0.28125000000000006 0.7403846153846154 0.21394230769230776 0.7403846153846154 0.21394230769230776 0.8197115384615384 0.28125000000000006 0.8197115384615384
4 1 0.7403846153846154 0.9423076923076923 0.7403846153846154 0.9423076923076923 0.8221153846153846 1 0.8221153846153846
4 0.7043269230769231 0.7620192307692307 0.6394230769230769 0.7620192307692307 0.6394230769230769 0.8485576923076923 0.7043269230769231 0.8485576923076923
2 0.6370192307692307 0.7644230769230769 0.560096153846154 0.7644230769230769 0.560096153846154 0.8942307692307693 0.6370192307692307 0.8942307692307693
2 0.9182692307692307 0.7956730769230769 0.8245192307692307 0.7956730769230769 0.8245192307692307 0.9423076923076923 0.9182692307692307 0.9423076923076923
2 0.7980769230769231 0.8317307692307693 0.7091346153846154 0.8317307692307693 0.7091346153846154 0.9615384615384616 0.7980769230769231 0.9615384615384616
2 0.6706730769230769 0.8413461538461539 0.5793269230769232 0.8413461538461539 0.5793269230769232 0.9855769230769231 0.6706730769230769 0.9855769230769231