9 0.29326923076923084 0.5384615384615384 0.2163461538461539 0.5384615384615384 0.2163461538461539 0.6153846153846154 0.29326923076923084 0.6153846153846154
9 0.34375000000000006 0.5408653846153846 0.2788461538461539 0.5408653846153846 0.2788461538461539 0.6153846153846154 0.3437500000000001 0.6153846153846154
9 0.3774038461538463 0.5865384615384616 0.295673076923077 0.5865384615384616 0.295673076923077 0.6923076923076923 0.3774038461538463 0.6923076923076923
2 0.24038461538461545 0.5793269230769231 0.15865384615384623 0.5793269230769231 0.15865384615384623 0.7091346153846154 0.24038461538461545 0.7091346153846154
2 0.625 0.5937500000000001 0.5649038461538463 0.5937500000000001 0.5649038461538463 0.7139423076923077 0.625 0.7139423076923077
5 0.14903846153846162 0.6298076923076923 0.0721153846153847 0.6298076923076923 0.0721153846153847 0.71875 0.14903846153846165 0.71875
2 0.10576923076923087 0.7139423076923077 0.007211538461538549 0.7139423076923077 0.007211538461538556 0.8125 0.10576923076923087 0.8125
4 0.5625000000000001 0.75 0.4807692307692309 0.75 0.4807692307692309 0.8557692307692307 0.5625000000000001 0.8557692307692307
4 0.3629807692307694 0.7427884615384616 0.2716346153846155 0.7427884615384616 0.2716346153846155 0.875 0.3629807692307694 0.875
4 0.10576923076923087 0.8004807692307693 0.004807692307692406 0.8004807692307693 0.004807692307692412 0.9086538461538461 0.10576923076923087 0.9086538461538461
2 0.17788461538461547 0.8149038461538461 0.0625000000000001 0.8149038461538461 0.06250000000000011 0.9326923076923077 0.17788461538461553 0.9326923076923077
4 0.36057692307692324 0.8894230769230769 0.2692307692307694 0.8894230769230769 0.2692307692307694 1 0.36057692307692324 1