2 0.3413461538461539 0.53125 0.3028846153846155 0.53125 0.3028846153846155 0.5961538461538461 0.34134615384615397 0.5961538461538461
4 0.3870192307692309 0.5625 0.3437500000000001 0.5625 0.3437500000000001 0.6298076923076923 0.3870192307692309 0.6298076923076923
8 0.8269230769230769 0.5480769230769232 0.7620192307692307 0.5480769230769232 0.7620192307692307 0.6586538461538461 0.8269230769230769 0.6586538461538461
8 0.9879807692307693 0.5817307692307694 0.8894230769230769 0.5817307692307694 0.8894230769230769 0.7211538461538461 0.9879807692307693 0.7211538461538461
2 0.8365384615384616 0.6105769230769232 0.7572115384615384 0.6105769230769232 0.7572115384615384 0.7475961538461539 0.8365384615384616 0.7475961538461539
2 0.42307692307692324 0.6394230769230769 0.3774038461538463 0.6394230769230769 0.3774038461538463 0.7283653846153846 0.42307692307692324 0.7283653846153846
2 0.9302884615384616 0.6177884615384616 0.8461538461538461 0.6177884615384616 0.8461538461538461 0.7716346153846154 0.9302884615384616 0.7716346153846154
8 0.28846153846153855 0.6033653846153846 0.18028846153846162 0.6033653846153846 0.18028846153846162 0.8028846153846154 0.28846153846153855 0.8028846153846154
5 0.34855769230769246 0.7067307692307693 0.2860576923076924 0.7067307692307693 0.2860576923076924 0.7956730769230769 0.34855769230769246 0.7956730769230769
8 0.16826923076923087 0.6706730769230769 0.050480769230769315 0.6706730769230769 0.05048076923076932 0.8822115384615384 0.1682692307692309 0.8822115384615384
2 1 0.7692307692307693 0.8966346153846154 0.7692307692307693 0.8966346153846154 0.9326923076923077 1 0.9326923076923077