8 0.19951923076923084 0.4951923076923077 0.12980769230769237 0.4951923076923077 0.12980769230769237 0.6201923076923077 0.19951923076923084 0.6201923076923077
8 0.7860576923076923 0.5000000000000001 0.7043269230769231 0.5000000000000001 0.7043269230769231 0.6899038461538461 0.7860576923076923 0.6899038461538461
4 0.2475961538461539 0.5793269230769231 0.20913461538461545 0.5793269230769231 0.20913461538461545 0.6418269230769231 0.2475961538461539 0.6418269230769231
8 0.7235576923076923 0.5528846153846155 0.6274038461538461 0.5528846153846155 0.6274038461538461 0.7043269230769231 0.7235576923076923 0.7043269230769231
2 0.3052884615384616 0.6057692307692307 0.2548076923076924 0.6057692307692307 0.2548076923076924 0.6899038461538461 0.3052884615384616 0.6899038461538461
2 0.6923076923076923 0.6586538461538461 0.6274038461538461 0.6586538461538461 0.6274038461538461 0.7451923076923077 0.6923076923076923 0.7451923076923077
8 0.15144230769230776 0.65625 0.08894230769230776 0.65625 0.08894230769230778 0.7668269230769231 0.1514423076923078 0.7668269230769231
4 0.6274038461538461 0.6754807692307693 0.574519230769231 0.6754807692307693 0.574519230769231 0.7668269230769231 0.6274038461538461 0.7668269230769231
2 0.5576923076923078 0.6850961538461539 0.4879807692307694 0.6850961538461539 0.4879807692307694 0.8245192307692307 0.5576923076923078 0.8245192307692307
2 0.7115384615384616 0.7379807692307693 0.6346153846153846 0.7379807692307693 0.6346153846153846 0.8485576923076923 0.7115384615384616 0.8485576923076923
2 0.6394230769230769 0.7620192307692307 0.560096153846154 0.7620192307692307 0.560096153846154 0.875 0.6394230769230769 0.875
5 0.3750000000000001 0.8173076923076923 0.29326923076923084 0.8173076923076923 0.2932692307692309 0.9182692307692307 0.3750000000000001 0.9182692307692307
8 0.20673076923076933 0.7668269230769231 0.06730769230769239 0.7668269230769231 0.06730769230769242 1 0.20673076923076936 1
9 0.44230769230769246 0.8990384615384616 0.3317307692307694 0.8990384615384616 0.3317307692307694 1 0.44230769230769246 1