8 0.7860576923076923 0.4759615384615386 0.7163461538461539 0.4759615384615386 0.7163461538461539 0.5697115384615385 0.7860576923076923 0.5697115384615385
2 0.3365384615384616 0.5336538461538461 0.3028846153846155 0.5336538461538461 0.3028846153846155 0.5889423076923077 0.3365384615384617 0.5889423076923077
8 0.9975961538461539 0.48317307692307704 0.8317307692307693 0.48317307692307704 0.8317307692307693 0.6730769230769231 0.9975961538461539 0.6730769230769231
4 0.7644230769230769 0.5528846153846155 0.7115384615384616 0.5528846153846155 0.7115384615384616 0.6009615384615385 0.7644230769230769 0.6009615384615385
4 0.42788461538461553 0.5625 0.3870192307692309 0.5625 0.3870192307692309 0.6225961538461539 0.42788461538461553 0.6225961538461539
4 0.3125000000000001 0.5721153846153846 0.264423076923077 0.5721153846153846 0.264423076923077 0.6370192307692307 0.3125000000000001 0.6370192307692307
5 0.37259615384615397 0.5841346153846154 0.32692307692307704 0.5841346153846154 0.32692307692307704 0.6514423076923077 0.37259615384615397 0.6514423076923077
2 0.8509615384615384 0.5937500000000001 0.78125 0.5937500000000001 0.78125 0.6802884615384616 0.8509615384615384 0.6802884615384616
4 0.41586538461538475 0.7355769230769231 0.36057692307692324 0.7355769230769231 0.36057692307692324 0.8341346153846154 0.41586538461538475 0.8341346153846154
2 0.9807692307692307 0.7211538461538461 0.8677884615384616 0.7211538461538461 0.8677884615384616 0.8990384615384616 0.9807692307692307 0.8990384615384616
8 0.17548076923076933 0.6274038461538461 7.683481119650461e-17 0.6274038461538461 9.964974555561997e-17 1 0.17548076923076936 1
2 0.3317307692307694 0.7548076923076923 0.2475961538461539 0.7548076923076923 0.24759615384615394 0.8725961538461539 0.3317307692307694 0.8725961538461539