9 0.71875 0.2548076923076924 0.6875 0.2548076923076924 0.6875 0.3125000000000001 0.71875 0.3125000000000001
2 0.6778846153846154 0.27644230769230776 0.6370192307692307 0.27644230769230776 0.6370192307692307 0.3389423076923078 0.6778846153846154 0.3389423076923078
2 0.49759615384615385 0.3076923076923077 0.4567307692307692 0.3076923076923077 0.4567307692307692 0.3581730769230769 0.49759615384615385 0.3581730769230769
8 0.43990384615384615 0.29326923076923084 0.36778846153846156 0.29326923076923084 0.36778846153846156 0.37740384615384615 0.43990384615384615 0.37740384615384615
8 0.7788461538461539 0.3076923076923078 0.7043269230769231 0.3076923076923078 0.7043269230769231 0.4639423076923078 0.7788461538461539 0.4639423076923078
4 0.6514423076923077 0.35336538461538475 0.5961538461538461 0.35336538461538475 0.5961538461538461 0.42307692307692324 0.6514423076923077 0.42307692307692324
1 0.36778846153846156 0.3581730769230769 0.34615384615384615 0.3581730769230769 0.34615384615384615 0.4206730769230769 0.36778846153846156 0.4206730769230769
4 0.5 0.3918269230769231 0.44711538461538464 0.3918269230769231 0.44711538461538464 0.44471153846153844 0.5 0.44471153846153844
4 0.5745192307692307 0.40144230769230776 0.5168269230769231 0.4014423076923077 0.5168269230769231 0.4711538461538462 0.5745192307692307 0.4711538461538463
4 0.375 0.4110576923076923 0.3125 0.4110576923076923 0.3125 0.4831730769230769 0.375 0.4831730769230769
4 0.4182692307692308 0.4206730769230769 0.36538461538461536 0.4206730769230769 0.36538461538461536 0.4855769230769231 0.4182692307692308 0.4855769230769231
8 0.1442307692307693 0.43990384615384615 5.387268371249174e-17 0.43990384615384615 6.491216807980562e-17 0.6201923076923077 0.1442307692307693 0.6201923076923077
4 0.605769230769231 0.6033653846153847 0.5144230769230771 0.6033653846153846 0.5144230769230771 0.7572115384615384 0.605769230769231 0.7572115384615384
2 0.08653846153846162 0.6418269230769231 7.860112869527482e-17 0.6418269230769231 8.522481931566317e-17 0.75 0.08653846153846165 0.75
4 0.4495192307692309 0.6634615384615384 0.36057692307692324 0.6634615384615384 0.36057692307692324 0.8028846153846154 0.4495192307692309 0.8028846153846154
4 0.3125000000000001 0.6995192307692307 0.18990384615384623 0.6995192307692307 0.18990384615384626 0.8533653846153846 0.3125000000000001 0.8533653846153846