8 0.2475961538461539 0.5600961538461539 0.18990384615384623 0.5600961538461539 0.18990384615384623 0.6658653846153846 0.2475961538461539 0.6658653846153846
8 0.3990384615384617 0.6057692307692307 0.32692307692307704 0.6057692307692307 0.32692307692307704 0.7620192307692307 0.3990384615384617 0.7620192307692307
4 0.24519230769230776 0.6442307692307693 0.19951923076923084 0.6442307692307693 0.19951923076923084 0.7307692307692307 0.24519230769230776 0.7307692307692307
5 0.6009615384615385 0.6923076923076923 0.5480769230769232 0.6923076923076923 0.5480769230769232 0.7644230769230769 0.6009615384615385 0.7644230769230769
4 0.5336538461538463 0.6971153846153846 0.48317307692307704 0.6971153846153846 0.48317307692307704 0.7692307692307693 0.5336538461538463 0.7692307692307693
2 0.3557692307692309 0.7019230769230769 0.3004807692307693 0.7019230769230769 0.3004807692307693 0.7980769230769231 0.3557692307692309 0.7980769230769231
1 0.03365384615384625 0.7163461538461539 0.007211538461538549 0.7163461538461539 0.007211538461538555 0.8052884615384616 0.033653846153846256 0.8052884615384616
4 0.36538461538461553 0.7548076923076923 0.3052884615384616 0.7548076923076923 0.3052884615384616 0.8317307692307693 0.36538461538461553 0.8317307692307693
4 0.6706730769230769 0.7572115384615384 0.6081730769230771 0.7572115384615384 0.6081730769230771 0.8293269230769231 0.6706730769230769 0.8293269230769231
2 0.5961538461538463 0.7644230769230769 0.5408653846153848 0.7644230769230769 0.5408653846153848 0.8653846153846154 0.5961538461538463 0.8653846153846154
4 0.2740384615384616 0.7764423076923077 0.21875000000000006 0.7764423076923077 0.2187500000000001 0.8605769230769231 0.2740384615384617 0.8605769230769231
4 0.7259615384615384 0.8100961538461539 0.6538461538461539 0.8100961538461539 0.6538461538461539 0.8990384615384616 0.7259615384615384 0.8990384615384616
4 0.39182692307692324 0.8125 0.32932692307692324 0.8125 0.32932692307692324 0.8990384615384616 0.39182692307692324 0.8990384615384616
4 0.28605769230769246 0.8461538461538461 0.2307692307692309 0.8461538461538461 0.2307692307692309 0.9230769230769231 0.28605769230769246 0.9230769230769231
4 0.9735576923076923 0.8557692307692307 0.9086538461538461 0.8557692307692307 0.9086538461538461 0.9591346153846154 0.9735576923076923 0.9591346153846154
4 0.6514423076923077 0.8629807692307693 0.5889423076923078 0.8629807692307693 0.5889423076923078 0.9543269230769231 0.6514423076923077 0.9543269230769231
4 0.7788461538461539 0.8846153846153846 0.7043269230769231 0.8846153846153846 0.7043269230769231 0.9855769230769231 0.7788461538461539 0.9855769230769231