8 0.90625 0.2548076923076924 0.6826923076923077 0.2548076923076924 0.6826923076923077 0.6754807692307693 0.90625 0.6754807692307693
5 0.30769230769230776 0.4495192307692308 0.1850961538461539 0.4495192307692308 0.1850961538461539 0.6057692307692307 0.3076923076923078 0.6057692307692307
4 1 0.5096153846153848 0.8774038461538461 0.5096153846153848 0.8774038461538461 0.6899038461538461 1 0.6899038461538461
2 0.5721153846153847 0.5192307692307693 0.4543269230769231 0.5192307692307693 0.45432692307692313 0.6802884615384616 0.5721153846153848 0.6802884615384616
4 0.7043269230769231 0.6009615384615385 0.5841346153846155 0.6009615384615385 0.5841346153846155 0.75 0.7043269230769231 0.75
2 0.7668269230769231 0.5649038461538463 0.6442307692307693 0.5649038461538463 0.6442307692307693 0.8004807692307693 0.7668269230769231 0.8004807692307693
4 0.32211538461538475 0.6009615384615384 0.18028846153846162 0.6009615384615384 0.18028846153846162 0.8100961538461539 0.32211538461538475 0.8100961538461539
5 0.17548076923076933 0.6346153846153846 0.0408653846153847 0.6346153846153846 0.040865384615384706 0.8461538461538461 0.17548076923076936 0.8461538461538461
4 0.5576923076923078 0.6682692307692307 0.4399038461538463 0.6682692307692307 0.4399038461538463 0.84375 0.5576923076923078 0.84375
4 0.4759615384615386 0.7091346153846154 0.3774038461538463 0.7091346153846154 0.3774038461538463 0.8894230769230769 0.4759615384615386 0.8894230769230769
8 0.41105769230769246 0.6658653846153846 0.2716346153846155 0.6658653846153846 0.2716346153846155 0.9399038461538461 0.41105769230769246 0.9399038461538461
5 0.6514423076923077 0.7403846153846154 0.528846153846154 0.7403846153846154 0.528846153846154 0.9399038461538461 0.6514423076923077 0.9399038461538461
2 0.34134615384615397 0.8461538461538461 0.18269230769230782 0.8461538461538461 0.18269230769230782 1 0.34134615384615397 1