8 0.40625 0.4423076923076923 0.3701923076923077 0.4423076923076923 0.3701923076923077 0.5216346153846154 0.40625 0.5216346153846154
8 0.36778846153846156 0.4423076923076923 0.3245192307692308 0.4423076923076923 0.3245192307692308 0.5528846153846154 0.36778846153846156 0.5528846153846154
8 0.8149038461538461 0.4447115384615386 0.7307692307692307 0.4447115384615386 0.7307692307692307 0.5552884615384617 0.8149038461538461 0.5552884615384617
4 0.43509615384615385 0.4831730769230769 0.40865384615384615 0.4831730769230769 0.40865384615384615 0.5240384615384616 0.43509615384615385 0.5240384615384616
2 0.6730769230769231 0.5024038461538463 0.6370192307692307 0.5024038461538463 0.6370192307692307 0.5576923076923078 0.6730769230769231 0.5576923076923078
2 0.3365384615384616 0.5168269230769231 0.295673076923077 0.5168269230769231 0.295673076923077 0.5889423076923077 0.3365384615384617 0.5889423076923077
8 0.29326923076923084 0.5024038461538461 0.2163461538461539 0.5024038461538461 0.2163461538461539 0.6322115384615384 0.29326923076923084 0.6322115384615384
2 0.8028846153846154 0.5625000000000001 0.7451923076923077 0.5625000000000001 0.7451923076923077 0.6274038461538461 0.8028846153846154 0.6274038461538461
8 0.9639423076923077 0.5336538461538463 0.8028846153846154 0.5336538461538463 0.8028846153846154 0.7067307692307693 0.9639423076923077 0.7067307692307693
2 0.4375000000000001 0.5865384615384616 0.3822115384615386 0.5865384615384616 0.3822115384615386 0.7019230769230769 0.4375000000000001 0.7019230769230769
4 0.7860576923076923 0.6009615384615385 0.7283653846153846 0.6009615384615385 0.7283653846153846 0.6875 0.7860576923076923 0.6875
2 0.35817307692307704 0.6514423076923077 0.3076923076923078 0.6514423076923077 0.3076923076923078 0.7355769230769231 0.35817307692307704 0.7355769230769231
2 0.2716346153846155 0.6947115384615384 0.20432692307692316 0.6947115384615384 0.20432692307692316 0.7908653846153846 0.2716346153846155 0.7908653846153846
4 0.18750000000000014 0.8581730769230769 0.09615384615384626 0.8581730769230769 0.09615384615384627 0.9903846153846154 0.18750000000000014 0.9903846153846154