2 0.7115384615384616 0.5889423076923078 0.6658653846153846 0.5889423076923078 0.6658653846153846 0.6634615384615384 0.7115384615384616 0.6634615384615384
5 0.7692307692307693 0.5889423076923078 0.71875 0.5889423076923078 0.71875 0.6634615384615384 0.7692307692307693 0.6634615384615384
2 0.36538461538461553 0.6081730769230769 0.295673076923077 0.6081730769230769 0.295673076923077 0.7091346153846154 0.36538461538461553 0.7091346153846154
2 0.2596153846153847 0.6418269230769231 0.19230769230769237 0.6418269230769231 0.19230769230769237 0.7043269230769231 0.2596153846153847 0.7043269230769231
2 0.20192307692307698 0.6658653846153846 0.12019230769230776 0.6658653846153846 0.12019230769230778 0.7451923076923077 0.20192307692307698 0.7451923076923077
4 0.2163461538461539 0.7067307692307693 0.13701923076923087 0.7067307692307693 0.13701923076923087 0.7884615384615384 0.2163461538461539 0.7884615384615384
4 0.7980769230769231 0.7139423076923077 0.7379807692307693 0.7139423076923077 0.7379807692307693 0.7908653846153846 0.7980769230769231 0.7908653846153846
4 0.7091346153846154 0.7331730769230769 0.6442307692307693 0.7331730769230769 0.6442307692307693 0.8173076923076923 0.7091346153846154 0.8173076923076923
4 0.6322115384615384 0.7283653846153846 0.560096153846154 0.7283653846153846 0.560096153846154 0.8317307692307693 0.6322115384615384 0.8317307692307693
4 0.528846153846154 0.7596153846153846 0.45913461538461553 0.7596153846153846 0.45913461538461553 0.8677884615384616 0.528846153846154 0.8677884615384616
2 0.18990384615384626 0.8052884615384616 0.08894230769230779 0.8052884615384616 0.08894230769230779 0.9326923076923077 0.18990384615384628 0.9326923076923077
5 0.4134615384615386 0.8125 0.32932692307692324 0.8125 0.32932692307692324 0.9326923076923077 0.4134615384615386 0.9326923076923077
4 0.06971153846153857 0.8485576923076923 1.03918346177648e-16 0.8485576923076923 1.1098361617272888e-16 0.9639423076923077 0.06971153846153857 0.9639423076923077