8 0.20913461538461545 0.3701923076923077 0.1538461538461539 0.3701923076923077 0.1538461538461539 0.45913461538461536 0.20913461538461545 0.45913461538461536
8 0.09375000000000006 0.39663461538461536 0.01923076923076928 0.39663461538461536 0.01923076923076929 0.5240384615384616 0.09375000000000007 0.5240384615384616
4 0.23557692307692316 0.47836538461538464 0.19951923076923084 0.47836538461538464 0.19951923076923084 0.5264423076923077 0.23557692307692316 0.5264423076923077
5 0.1538461538461539 0.49038461538461536 0.10576923076923084 0.49038461538461536 0.10576923076923084 0.5504807692307693 0.1538461538461539 0.5504807692307693
2 0.20192307692307698 0.49278846153846156 0.15625000000000006 0.49278846153846156 0.15625000000000006 0.5504807692307693 0.20192307692307698 0.5504807692307693
4 0.09375000000000007 0.49278846153846156 0.04326923076923084 0.49278846153846156 0.04326923076923084 0.5528846153846154 0.09375000000000007 0.5528846153846154
2 0.6418269230769231 0.5000000000000001 0.6033653846153846 0.5000000000000001 0.6033653846153847 0.5649038461538463 0.6418269230769231 0.5649038461538463
2 0.5408653846153847 0.5168269230769231 0.5 0.5168269230769231 0.5000000000000001 0.5769230769230769 0.5408653846153848 0.5769230769230769
8 0.7548076923076923 0.5072115384615385 0.6778846153846154 0.5072115384615385 0.6778846153846154 0.6682692307692307 0.7548076923076923 0.6682692307692307
2 0.5576923076923078 0.5961538461538461 0.5072115384615385 0.5961538461538461 0.5072115384615385 0.6634615384615384 0.5576923076923078 0.6634615384615384
2 0.6730769230769231 0.6370192307692307 0.6129807692307694 0.6370192307692307 0.6129807692307694 0.7836538461538461 0.6730769230769231 0.7836538461538461
2 0.5793269230769232 0.7163461538461539 0.5216346153846155 0.7163461538461539 0.5216346153846155 0.8100961538461539 0.5793269230769232 0.8100961538461539
2 0.8413461538461539 0.75 0.7596153846153846 0.75 0.7596153846153846 0.9471153846153846 0.8413461538461539 0.9471153846153846