8 0.4543269230769231 0.40625 0.4206730769230769 0.40625 0.4206730769230769 0.47115384615384615 0.4543269230769231 0.47115384615384615
8 0.6081730769230769 0.4134615384615386 0.5697115384615384 0.4134615384615386 0.5697115384615384 0.4927884615384617 0.6081730769230769 0.4927884615384617
4 0.6466346153846154 0.4375000000000001 0.6129807692307693 0.4375000000000001 0.6129807692307693 0.4879807692307694 0.6466346153846154 0.4879807692307694
8 0.26682692307692313 0.4543269230769231 0.20192307692307698 0.4543269230769231 0.20192307692307698 0.5625 0.26682692307692313 0.5625
2 0.44711538461538464 0.4831730769230769 0.41346153846153844 0.4831730769230769 0.41346153846153844 0.5528846153846154 0.44711538461538464 0.5528846153846154
4 0.40865384615384615 0.4951923076923077 0.36538461538461536 0.4951923076923077 0.36538461538461536 0.5504807692307693 0.40865384615384615 0.5504807692307693
2 0.1754807692307693 0.49759615384615385 0.14182692307692316 0.49759615384615385 0.14182692307692316 0.5576923076923077 0.1754807692307693 0.5576923076923077
4 0.35336538461538475 0.5625 0.31009615384615397 0.5625 0.31009615384615397 0.6225961538461539 0.35336538461538475 0.6225961538461539
4 0.13942307692307698 0.5865384615384616 0.10096153846153853 0.5865384615384616 0.10096153846153853 0.6514423076923077 0.13942307692307698 0.6514423076923077
2 0.1754807692307693 0.5745192307692307 0.1346153846153847 0.5745192307692307 0.1346153846153847 0.6610576923076923 0.1754807692307693 0.6610576923076923
4 0.23557692307692316 0.5961538461538461 0.18750000000000006 0.5961538461538461 0.18750000000000006 0.6658653846153846 0.23557692307692316 0.6658653846153846
2 0.4254807692307694 0.5913461538461539 0.3822115384615386 0.5913461538461539 0.3822115384615386 0.6682692307692307 0.4254807692307694 0.6682692307692307
4 0.9014423076923077 0.6322115384615384 0.8509615384615384 0.6322115384615384 0.8509615384615384 0.7235576923076923 0.9014423076923077 0.7235576923076923
2 0.3629807692307694 0.6418269230769231 0.3052884615384616 0.6418269230769231 0.3052884615384616 0.7524038461538461 0.3629807692307694 0.7524038461538461
2 0.9927884615384616 0.6610576923076923 0.9302884615384616 0.6610576923076923 0.9302884615384616 0.7644230769230769 0.9927884615384616 0.7644230769230769
4 0.71875 0.7908653846153846 0.6586538461538461 0.7908653846153846 0.6586538461538461 0.8942307692307693 0.71875 0.8942307692307693
4 0.9927884615384616 0.7956730769230769 0.9206730769230769 0.7956730769230769 0.9206730769230769 0.9110576923076923 0.9927884615384616 0.9110576923076923
2 0.6778846153846154 0.8341346153846154 0.6105769230769232 0.8341346153846154 0.6105769230769232 1 0.6778846153846154 1