2 0.3317307692307692 0.3173076923076923 0.29807692307692313 0.3173076923076923 0.29807692307692313 0.3605769230769231 0.3317307692307692 0.3605769230769231
4 0.295673076923077 0.31971153846153844 0.264423076923077 0.31971153846153844 0.264423076923077 0.37259615384615385 0.295673076923077 0.37259615384615385
4 0.4639423076923077 0.3269230769230769 0.4326923076923077 0.3269230769230769 0.4326923076923077 0.37740384615384615 0.4639423076923077 0.37740384615384615
2 0.43509615384615385 0.33653846153846156 0.3942307692307692 0.33653846153846156 0.3942307692307692 0.3894230769230769 0.43509615384615385 0.3894230769230769
5 0.32211538461538464 0.35336538461538464 0.2836538461538462 0.35336538461538464 0.2836538461538462 0.40384615384615385 0.32211538461538464 0.40384615384615385
4 0.2788461538461539 0.3605769230769231 0.24278846153846162 0.3605769230769231 0.24278846153846162 0.4110576923076923 0.2788461538461539 0.4110576923076923
2 0.3942307692307692 0.3581730769230769 0.3485576923076923 0.3581730769230769 0.3485576923076923 0.4206730769230769 0.3942307692307692 0.4206730769230769
8 0.6730769230769231 0.34134615384615397 0.6057692307692307 0.34134615384615397 0.6057692307692307 0.4399038461538463 0.6730769230769231 0.4399038461538463
4 0.06250000000000006 0.38461538461538464 0.01442307692307697 0.38461538461538464 0.014423076923076974 0.4567307692307692 0.06250000000000006 0.4567307692307692
4 0.5913461538461539 0.3990384615384616 0.5408653846153846 0.39903846153846156 0.5408653846153846 0.45432692307692313 0.5913461538461539 0.45432692307692324
4 0.4375 0.4206730769230769 0.3894230769230769 0.4206730769230769 0.3894230769230769 0.4735576923076923 0.4375 0.4735576923076923
2 0.38221153846153844 0.41586538461538464 0.3269230769230769 0.41586538461538464 0.3269230769230769 0.4951923076923077 0.38221153846153844 0.4951923076923077
4 0.7548076923076923 0.4447115384615386 0.6875 0.4447115384615386 0.6875 0.5192307692307694 0.7548076923076923 0.5192307692307694
4 0.6346153846153846 0.45192307692307704 0.5649038461538461 0.45192307692307704 0.5649038461538461 0.5192307692307694 0.6346153846153846 0.5192307692307694
2 0.8605769230769231 0.47836538461538475 0.7524038461538461 0.47836538461538475 0.7524038461538461 0.6201923076923077 0.8605769230769231 0.6201923076923077
4 0.5793269230769231 0.5360576923076924 0.5048076923076923 0.5360576923076923 0.5048076923076924 0.6225961538461539 0.5793269230769232 0.6225961538461539
4 0.9158653846153846 0.6009615384615385 0.7980769230769231 0.6009615384615385 0.7980769230769231 0.7307692307692307 0.9158653846153846 0.7307692307692307
4 0.6538461538461539 0.6995192307692307 0.5312500000000001 0.6995192307692307 0.5312500000000001 0.8581730769230769 0.6538461538461539 0.8581730769230769