8 0.07451923076923085 0.5288461538461539 0.004807692307692372 0.5288461538461539 0.004807692307692382 0.6778846153846154 0.07451923076923085 0.6778846153846154
5 0.4495192307692309 0.6442307692307693 0.39663461538461553 0.6442307692307693 0.39663461538461553 0.7211538461538461 0.4495192307692309 0.7211538461538461
2 0.32932692307692324 0.6586538461538461 0.27644230769230776 0.6586538461538461 0.27644230769230776 0.7355769230769231 0.32932692307692324 0.7355769230769231
8 0.27644230769230776 0.65625 0.20913461538461545 0.65625 0.20913461538461545 0.7692307692307693 0.27644230769230776 0.7692307692307693
2 0.6105769230769232 0.6875 0.5576923076923078 0.6875 0.5576923076923078 0.7548076923076923 0.6105769230769232 0.7548076923076923
2 0.2596153846153847 0.6995192307692307 0.19230769230769237 0.6995192307692307 0.19230769230769237 0.7980769230769231 0.2596153846153847 0.7980769230769231
2 0.39663461538461553 0.71875 0.3317307692307694 0.71875 0.3317307692307694 0.8173076923076923 0.39663461538461553 0.8173076923076923
4 0.44711538461538475 0.7403846153846154 0.3942307692307694 0.7403846153846154 0.3942307692307694 0.8004807692307693 0.44711538461538475 0.8004807692307693
2 0.5673076923076924 0.7283653846153846 0.49759615384615397 0.7283653846153846 0.49759615384615397 0.8365384615384616 0.5673076923076924 0.8365384615384616
4 0.6658653846153846 0.7427884615384616 0.5985576923076924 0.7427884615384616 0.5985576923076924 0.8245192307692307 0.6658653846153846 0.8245192307692307
4 0.3870192307692309 0.7692307692307693 0.3125000000000001 0.7692307692307693 0.3125000000000001 0.8677884615384616 0.3870192307692309 0.8677884615384616
8 0.6634615384615384 0.8004807692307693 0.5000000000000001 0.8004807692307693 0.5000000000000001 1 0.6634615384615384 1
2 0.8509615384615384 0.9038461538461539 0.7572115384615384 0.9038461538461539 0.7572115384615384 1 0.8509615384615384 1