2 0.4423076923076924 0.5552884615384616 0.4014423076923077 0.5552884615384616 0.40144230769230776 0.6466346153846154 0.44230769230769246 0.6466346153846154
4 0.3125000000000001 0.5817307692307693 0.2740384615384616 0.5817307692307693 0.2740384615384616 0.6322115384615384 0.3125000000000001 0.6322115384615384
2 0.5360576923076924 0.6514423076923077 0.4879807692307694 0.6514423076923077 0.4879807692307694 0.7163461538461539 0.5360576923076924 0.7163461538461539
8 0.90625 0.6153846153846154 0.8341346153846154 0.6153846153846154 0.8341346153846154 0.7572115384615384 0.90625 0.7572115384615384
4 0.18990384615384623 0.6514423076923077 0.14182692307692316 0.6514423076923077 0.14182692307692316 0.7211538461538461 0.18990384615384623 0.7211538461538461
2 0.3389423076923078 0.6802884615384616 0.28846153846153855 0.6802884615384616 0.28846153846153855 0.7860576923076923 0.3389423076923078 0.7860576923076923
8 0.8197115384615384 0.6730769230769231 0.75 0.6730769230769231 0.75 0.8125 0.8197115384615384 0.8125
4 0.6129807692307694 0.7115384615384616 0.5625000000000001 0.7115384615384616 0.5625000000000001 0.7740384615384616 0.6129807692307694 0.7740384615384616
8 0.7067307692307693 0.6923076923076923 0.6370192307692307 0.6923076923076923 0.6370192307692307 0.8677884615384616 0.7067307692307693 0.8677884615384616
4 0.5576923076923078 0.7980769230769231 0.4951923076923078 0.7980769230769231 0.4951923076923078 0.8918269230769231 0.5576923076923078 0.8918269230769231
8 0.8004807692307693 0.78125 0.7115384615384616 0.78125 0.7115384615384616 0.9350961538461539 0.8004807692307693 0.9350961538461539