8 0.3461538461538462 0.53125 0.2692307692307693 0.53125 0.2692307692307693 0.6418269230769231 0.3461538461538463 0.6418269230769231
1 0.2716346153846155 0.59375 0.24519230769230776 0.59375 0.24519230769230776 0.6514423076923077 0.2716346153846155 0.6514423076923077
1 0.8389423076923077 0.6081730769230771 0.8076923076923077 0.6081730769230771 0.8076923076923077 0.6730769230769231 0.8389423076923077 0.6730769230769231
9 0.39182692307692324 0.6322115384615384 0.34134615384615397 0.6322115384615384 0.34134615384615397 0.6995192307692307 0.39182692307692324 0.6995192307692307
4 0.5480769230769232 0.6586538461538461 0.48557692307692324 0.6586538461538461 0.48557692307692324 0.7307692307692307 0.5480769230769232 0.7307692307692307
2 0.21394230769230776 0.6610576923076923 0.13701923076923084 0.6610576923076923 0.13701923076923087 0.7524038461538461 0.21394230769230776 0.7524038461538461
4 0.8076923076923077 0.6971153846153846 0.7524038461538461 0.6971153846153846 0.7524038461538461 0.7740384615384616 0.8076923076923077 0.7740384615384616
4 0.4014423076923078 0.7067307692307693 0.33413461538461553 0.7067307692307693 0.33413461538461553 0.7716346153846154 0.4014423076923078 0.7716346153846154
4 0.5985576923076924 0.7355769230769231 0.5480769230769232 0.7355769230769231 0.5480769230769232 0.8341346153846154 0.5985576923076924 0.8341346153846154
9 0.4951923076923078 0.8028846153846154 0.42788461538461553 0.8028846153846154 0.42788461538461553 0.90625 0.4951923076923078 0.90625
4 0.6538461538461539 0.8149038461538461 0.5985576923076924 0.8149038461538461 0.5985576923076924 0.8990384615384616 0.6538461538461539 0.8990384615384616
2 0.33413461538461553 0.8389423076923077 0.23317307692307707 0.8389423076923077 0.23317307692307707 1 0.33413461538461553 1
4 0.12259615384615397 0.9038461538461539 0.009615384615384727 0.9038461538461539 0.009615384615384732 1 0.12259615384615398 1