2 0.5336538461538463 0.5745192307692307 0.48557692307692324 0.5745192307692307 0.48557692307692324 0.6394230769230769 0.5336538461538463 0.6394230769230769
8 0.7956730769230769 0.5240384615384617 0.7115384615384616 0.5240384615384617 0.7115384615384616 0.7019230769230769 0.7956730769230769 0.7019230769230769
4 0.6105769230769232 0.5985576923076924 0.560096153846154 0.5985576923076924 0.560096153846154 0.6586538461538461 0.6105769230769232 0.6586538461538461
2 0.23076923076923084 0.5961538461538461 0.17307692307692316 0.5961538461538461 0.17307692307692316 0.6802884615384616 0.23076923076923084 0.6802884615384616
4 0.12500000000000008 0.6394230769230769 0.076923076923077 0.6394230769230769 0.07692307692307701 0.7043269230769231 0.1250000000000001 0.7043269230769231
2 0.7427884615384616 0.6201923076923077 0.6754807692307693 0.6201923076923077 0.6754807692307693 0.7403846153846154 0.7427884615384616 0.7403846153846154
4 0.21875000000000006 0.6802884615384616 0.15865384615384623 0.6802884615384616 0.15865384615384623 0.7620192307692307 0.21875000000000006 0.7620192307692307
4 0.5697115384615385 0.6923076923076923 0.4927884615384617 0.6923076923076923 0.4927884615384617 0.7956730769230769 0.5697115384615385 0.7956730769230769
2 0.2668269230769232 0.8004807692307693 0.17788461538461545 0.8004807692307693 0.17788461538461547 0.9543269230769231 0.26682692307692324 0.9543269230769231
4 0.14182692307692318 0.8557692307692307 0.07211538461538472 0.8557692307692307 0.07211538461538472 0.96875 0.14182692307692318 0.96875
2 0.9975961538461539 0.8533653846153846 0.8870192307692307 0.8533653846153846 0.8870192307692307 0.9951923076923077 0.9975961538461539 0.9951923076923077