8 0.27644230769230776 0.4206730769230769 0.21875000000000006 0.4206730769230769 0.21875000000000006 0.5192307692307693 0.27644230769230776 0.5192307692307693
8 0.32211538461538464 0.4543269230769231 0.27644230769230776 0.4543269230769231 0.27644230769230776 0.5408653846153846 0.32211538461538464 0.5408653846153846
2 0.2692307692307693 0.5024038461538461 0.23317307692307698 0.5024038461538461 0.23317307692307698 0.5528846153846154 0.2692307692307693 0.5528846153846154
4 0.20913461538461545 0.5096153846153846 0.16105769230769237 0.5096153846153846 0.16105769230769237 0.5649038461538461 0.20913461538461545 0.5649038461538461
8 0.12500000000000006 0.5072115384615384 0.05769230769230776 0.5072115384615384 0.05769230769230777 0.6346153846153846 0.12500000000000006 0.6346153846153846
2 0.19471153846153852 0.6057692307692307 0.14903846153846162 0.6057692307692307 0.14903846153846162 0.6658653846153846 0.19471153846153852 0.6658653846153846
8 0.14663461538461547 0.5721153846153846 0.076923076923077 0.5721153846153846 0.07692307692307701 0.7235576923076923 0.14663461538461547 0.7235576923076923
5 0.560096153846154 0.6177884615384616 0.5000000000000001 0.6177884615384616 0.5000000000000001 0.7043269230769231 0.560096153846154 0.7043269230769231
8 0.8629807692307693 0.5576923076923078 0.7403846153846154 0.5576923076923078 0.7403846153846154 0.7788461538461539 0.8629807692307693 0.7788461538461539
2 0.2067307692307693 0.6682692307692307 0.15625000000000006 0.6682692307692307 0.15625000000000006 0.7475961538461539 0.2067307692307693 0.7475961538461539
4 0.22355769230769237 0.7235576923076923 0.16346153846153852 0.7235576923076923 0.16346153846153852 0.8076923076923077 0.22355769230769237 0.8076923076923077
2 0.34134615384615397 0.7139423076923077 0.27644230769230776 0.7139423076923077 0.2764423076923078 0.8461538461538461 0.34134615384615397 0.8461538461538461
2 0.3990384615384617 0.8629807692307693 0.32211538461538475 0.8629807692307693 0.32211538461538475 0.9807692307692307 0.3990384615384617 0.9807692307692307