2 0.3245192307692309 0.5817307692307693 0.2788461538461539 0.5817307692307693 0.2788461538461539 0.6442307692307693 0.3245192307692309 0.6442307692307693
8 0.9663461538461539 0.5649038461538463 0.8990384615384616 0.5649038461538463 0.8990384615384616 0.7307692307692307 0.9663461538461539 0.7307692307692307
2 0.25721153846153855 0.5985576923076923 0.19471153846153852 0.5985576923076923 0.19471153846153852 0.7163461538461539 0.25721153846153855 0.7163461538461539
2 0.5096153846153848 0.6225961538461539 0.45913461538461553 0.6225961538461539 0.45913461538461553 0.7355769230769231 0.5096153846153848 0.7355769230769231
4 0.5673076923076924 0.6538461538461539 0.5168269230769232 0.6538461538461539 0.5168269230769232 0.7067307692307693 0.5673076923076924 0.7067307692307693
4 0.7283653846153846 0.65625 0.6826923076923077 0.65625 0.6826923076923077 0.7403846153846154 0.7283653846153846 0.7403846153846154
2 0.8822115384615384 0.6514423076923077 0.8389423076923077 0.6514423076923077 0.8389423076923077 0.7668269230769231 0.8822115384615384 0.7668269230769231
4 0.6009615384615385 0.6850961538461539 0.5480769230769232 0.6850961538461539 0.5480769230769232 0.7572115384615384 0.6009615384615385 0.7572115384615384
9 0.8365384615384616 0.6850961538461539 0.78125 0.6850961538461539 0.78125 0.7740384615384616 0.8365384615384616 0.7740384615384616
2 0.6706730769230769 0.7379807692307693 0.6081730769230771 0.7379807692307693 0.6081730769230771 0.8197115384615384 0.6706730769230769 0.8197115384615384
4 1 0.7572115384615384 0.9471153846153846 0.7572115384615384 0.9471153846153846 0.8413461538461539 1 0.8413461538461539
4 0.28846153846153855 0.7668269230769231 0.22115384615384623 0.7668269230769231 0.22115384615384626 0.8557692307692307 0.2884615384615386 0.8557692307692307
2 0.7019230769230769 0.7740384615384616 0.625 0.7740384615384616 0.625 0.8701923076923077 0.7019230769230769 0.8701923076923077
4 0.32211538461538475 0.8293269230769231 0.2548076923076924 0.8293269230769231 0.2548076923076924 0.9110576923076923 0.32211538461538475 0.9110576923076923
8 0.6225961538461539 0.8052884615384616 0.49759615384615397 0.8052884615384616 0.49759615384615397 1 0.6225961538461539 1
4 0.44230769230769246 0.8725961538461539 0.3629807692307694 0.8725961538461539 0.3629807692307694 0.96875 0.44230769230769246 0.96875
4 0.6899038461538461 0.8846153846153846 0.6153846153846154 0.8846153846153846 0.6153846153846154 1 0.6899038461538461 1