8 0.3557692307692308 0.28605769230769235 0.2548076923076924 0.2860576923076923 0.2548076923076924 0.4495192307692308 0.3557692307692308 0.4495192307692308
5 0.4375 0.3605769230769231 0.39903846153846156 0.3605769230769231 0.39903846153846156 0.4182692307692308 0.4375 0.4182692307692308
8 0.9615384615384616 0.3125000000000001 0.8293269230769231 0.3125000000000001 0.8293269230769231 0.4687500000000001 0.9615384615384616 0.4687500000000001
8 0.6201923076923077 0.358173076923077 0.5552884615384616 0.3581730769230769 0.5552884615384616 0.46875000000000006 0.6201923076923077 0.4687500000000001
8 0.7235576923076923 0.39182692307692324 0.6274038461538461 0.39182692307692324 0.6274038461538461 0.543269230769231 0.7235576923076923 0.543269230769231
2 0.3485576923076923 0.43028846153846156 0.29326923076923084 0.43028846153846156 0.29326923076923084 0.53125 0.3485576923076923 0.53125
5 0.9591346153846154 0.44711538461538475 0.8918269230769231 0.44711538461538475 0.8918269230769231 0.5408653846153848 0.9591346153846154 0.5408653846153848
5 0.3966346153846155 0.46634615384615385 0.34375 0.46634615384615385 0.34375000000000006 0.5625 0.39663461538461553 0.5625
4 0.5937500000000001 0.47596153846153855 0.5408653846153846 0.47596153846153844 0.5408653846153847 0.5625000000000001 0.5937500000000001 0.5625000000000001
5 0.19951923076923084 0.5360576923076923 0.10096153846153853 0.5360576923076923 0.10096153846153853 0.6826923076923077 0.19951923076923084 0.6826923076923077
2 0.6274038461538461 0.5985576923076924 0.5408653846153848 0.5985576923076923 0.5408653846153848 0.8509615384615384 0.6274038461538461 0.8509615384615384
2 0.1923076923076924 0.7043269230769231 0.009615384615384701 0.7043269230769231 0.009615384615384718 0.9903846153846154 0.19230769230769246 0.9903846153846154