8 0.16346153846153852 0.4543269230769231 0.10096153846153853 0.4543269230769231 0.10096153846153853 0.5528846153846154 0.16346153846153852 0.5528846153846154
2 0.3533653846153847 0.4879807692307692 0.3052884615384616 0.4879807692307692 0.3052884615384616 0.5913461538461539 0.35336538461538475 0.5913461538461539
4 0.2740384615384616 0.5432692307692307 0.22355769230769237 0.5432692307692307 0.22355769230769237 0.6081730769230769 0.2740384615384616 0.6081730769230769
2 0.4711538461538462 0.5480769230769231 0.43509615384615385 0.5480769230769231 0.4350961538461539 0.6057692307692307 0.4711538461538463 0.6057692307692307
2 0.1658653846153847 0.5504807692307693 0.12259615384615391 0.5504807692307693 0.12259615384615391 0.6225961538461539 0.1658653846153847 0.6225961538461539
2 0.47836538461538475 0.6105769230769231 0.42788461538461553 0.6105769230769231 0.42788461538461553 0.6971153846153846 0.47836538461538475 0.6971153846153846
8 0.7692307692307693 0.6081730769230771 0.6802884615384616 0.6081730769230771 0.6802884615384616 0.7427884615384616 0.7692307692307693 0.7427884615384616
2 0.5480769230769232 0.6706730769230769 0.4807692307692309 0.6706730769230769 0.4807692307692309 0.7932692307692307 0.5480769230769232 0.7932692307692307
5 0.6634615384615384 0.7163461538461539 0.5985576923076924 0.7163461538461539 0.5985576923076924 0.8076923076923077 0.6634615384615384 0.8076923076923077
8 1 0.6923076923076923 0.8557692307692307 0.6923076923076923 0.8557692307692307 0.8894230769230769 1 0.8894230769230769
5 0.7884615384615384 0.7355769230769231 0.7091346153846154 0.7355769230769231 0.7091346153846154 0.8533653846153846 0.7884615384615384 0.8533653846153846
2 0.7019230769230769 0.7524038461538461 0.6225961538461539 0.7524038461538461 0.6225961538461539 0.875 0.7019230769230769 0.875
2 0.35817307692307704 0.7908653846153846 0.28125000000000006 0.7908653846153846 0.2812500000000001 0.9086538461538461 0.35817307692307704 0.9086538461538461
8 0.17788461538461547 0.7596153846153846 0.06971153846153855 0.7596153846153846 0.06971153846153856 1 0.17788461538461553 1
4 0.2884615384615386 0.8774038461538461 0.21394230769230782 0.8774038461538461 0.21394230769230782 0.9927884615384616 0.2884615384615386 0.9927884615384616