2 0.8269230769230769 0.6346153846153846 0.7716346153846154 0.6346153846153846 0.7716346153846154 0.7067307692307693 0.8269230769230769 0.7067307692307693
8 0.512019230769231 0.6298076923076923 0.4302884615384617 0.6298076923076923 0.4302884615384617 0.7596153846153846 0.512019230769231 0.7596153846153846
8 0.31009615384615397 0.6346153846153846 0.23557692307692316 0.6346153846153846 0.23557692307692316 0.7692307692307693 0.31009615384615397 0.7692307692307693
5 0.5889423076923078 0.6634615384615384 0.5360576923076924 0.6634615384615384 0.5360576923076924 0.7427884615384616 0.5889423076923078 0.7427884615384616
4 0.21153846153846162 0.6826923076923077 0.15144230769230776 0.6826923076923077 0.15144230769230776 0.7668269230769231 0.21153846153846162 0.7668269230769231
4 0.9326923076923077 0.6899038461538461 0.8774038461538461 0.6899038461538461 0.8774038461538461 0.7740384615384616 0.9326923076923077 0.7740384615384616
4 0.6947115384615384 0.6995192307692307 0.6346153846153846 0.6995192307692307 0.6346153846153846 0.7668269230769231 0.6947115384615384 0.7668269230769231
4 0.6394230769230769 0.7259615384615384 0.5817307692307694 0.7259615384615384 0.5817307692307694 0.8125 0.6394230769230769 0.8125
2 0.26923076923076933 0.7211538461538461 0.19471153846153852 0.7211538461538461 0.19471153846153857 0.8533653846153846 0.2692307692307694 0.8533653846153846
2 0.7524038461538461 0.71875 0.6658653846153846 0.71875 0.6658653846153846 0.9014423076923077 0.7524038461538461 0.9014423076923077
5 0.8341346153846154 0.7692307692307693 0.7620192307692307 0.7692307692307693 0.7620192307692307 0.8942307692307693 0.8341346153846154 0.8942307692307693