8 0.16346153846153852 0.4182692307692308 0.08413461538461542 0.4182692307692308 0.08413461538461543 0.5528846153846154 0.16346153846153852 0.5528846153846154
8 0.28125000000000006 0.4855769230769231 0.23557692307692316 0.4855769230769231 0.23557692307692316 0.5721153846153846 0.28125000000000006 0.5721153846153846
4 0.3197115384615386 0.5697115384615384 0.27644230769230776 0.5697115384615384 0.27644230769230776 0.6201923076923077 0.3197115384615386 0.6201923076923077
8 0.6754807692307693 0.5576923076923078 0.6081730769230769 0.5576923076923078 0.608173076923077 0.6442307692307693 0.6754807692307693 0.6442307692307693
8 0.14903846153846162 0.5649038461538461 0.09615384615384623 0.5649038461538461 0.09615384615384623 0.6802884615384616 0.14903846153846162 0.6802884615384616
8 0.7884615384615384 0.5625000000000001 0.7211538461538461 0.5625000000000001 0.7211538461538461 0.6875 0.7884615384615384 0.6875
2 0.6009615384615385 0.5937500000000001 0.5552884615384617 0.59375 0.5552884615384617 0.6634615384615384 0.6009615384615385 0.6634615384615384
4 0.5552884615384617 0.6153846153846154 0.49038461538461553 0.6153846153846154 0.49038461538461553 0.6802884615384616 0.5552884615384617 0.6802884615384616
8 0.65625 0.6201923076923077 0.5793269230769232 0.6201923076923077 0.5793269230769232 0.7211538461538461 0.65625 0.7211538461538461
2 0.3245192307692309 0.6634615384615384 0.26201923076923084 0.6634615384615384 0.26201923076923084 0.7548076923076923 0.3245192307692309 0.7548076923076923
8 0.11538461538461547 0.6682692307692307 0.03125000000000008 0.6682692307692307 0.0312500000000001 0.84375 0.11538461538461549 0.84375
4 0.2716346153846155 0.8004807692307693 0.19471153846153852 0.8004807692307693 0.19471153846153857 0.9230769230769231 0.27163461538461553 0.9230769230769231
2 0.8365384615384616 0.8245192307692307 0.7235576923076923 0.8245192307692307 0.7235576923076923 0.9519230769230769 0.8365384615384616 0.9519230769230769