9 0.8269230769230769 0.2548076923076924 0.8004807692307693 0.2548076923076924 0.8004807692307693 0.3052884615384616 0.8269230769230769 0.3052884615384616
5 0.7788461538461539 0.2692307692307693 0.75 0.2692307692307693 0.75 0.3197115384615386 0.7788461538461539 0.3197115384615386
4 0.6634615384615384 0.2860576923076924 0.6298076923076923 0.2860576923076924 0.6298076923076923 0.3389423076923078 0.6634615384615384 0.3389423076923078
9 0.6947115384615384 0.2788461538461539 0.6610576923076923 0.2788461538461539 0.6610576923076923 0.3461538461538463 0.6947115384615384 0.3461538461538463
1 0.9206730769230769 0.29086538461538475 0.9038461538461539 0.29086538461538475 0.9038461538461539 0.3389423076923078 0.9206730769230769 0.3389423076923078
2 0.6009615384615384 0.29807692307692313 0.5600961538461539 0.29807692307692313 0.5600961538461539 0.35817307692307704 0.6009615384615384 0.35817307692307704
4 0.9014423076923077 0.31009615384615397 0.8653846153846154 0.31009615384615397 0.8653846153846154 0.3822115384615386 0.9014423076923077 0.3822115384615386
9 0.47115384615384615 0.32211538461538464 0.40625 0.32211538461538464 0.40625 0.3870192307692308 0.47115384615384615 0.3870192307692308
9 0.5625 0.3413461538461539 0.5 0.34134615384615385 0.5 0.4086538461538462 0.5625 0.4086538461538463
4 0.7307692307692307 0.34855769230769246 0.6754807692307693 0.34855769230769246 0.6754807692307693 0.4134615384615386 0.7307692307692307 0.4134615384615386
4 0.46153846153846156 0.38221153846153844 0.40865384615384615 0.38221153846153844 0.40865384615384615 0.43028846153846156 0.46153846153846156 0.43028846153846156
2 0.8028846153846154 0.42307692307692324 0.7451923076923077 0.42307692307692324 0.7451923076923077 0.528846153846154 0.8028846153846154 0.528846153846154
4 0.5240384615384616 0.44471153846153844 0.4639423076923077 0.44471153846153844 0.4639423076923077 0.5336538461538461 0.5240384615384616 0.5336538461538461
4 0.4110576923076924 0.49759615384615385 0.35096153846153844 0.49759615384615385 0.35096153846153855 0.5793269230769231 0.41105769230769246 0.5793269230769231
2 0.6105769230769231 0.5000000000000001 0.5408653846153846 0.5 0.5408653846153847 0.6057692307692308 0.6105769230769232 0.605769230769231
4 0.6730769230769231 0.5576923076923078 0.5889423076923077 0.5576923076923078 0.5889423076923077 0.6706730769230769 0.6730769230769231 0.6706730769230769
9 0.4086538461538463 0.6442307692307693 0.26201923076923084 0.6442307692307693 0.2620192307692309 0.8557692307692307 0.4086538461538463 0.8557692307692307
2 0.6634615384615384 0.7139423076923077 0.5480769230769232 0.7139423076923077 0.5480769230769232 0.8918269230769231 0.6634615384615384 0.8918269230769231