5 0.3846153846153847 0.5528846153846154 0.33413461538461536 0.5528846153846154 0.3341346153846155 0.6153846153846154 0.38461538461538475 0.6153846153846154
9 0.6658653846153846 0.5576923076923078 0.6274038461538461 0.5576923076923078 0.6274038461538461 0.6129807692307694 0.6658653846153846 0.6129807692307694
2 0.4879807692307694 0.5673076923076923 0.4302884615384617 0.5673076923076923 0.4302884615384617 0.6394230769230769 0.4879807692307694 0.6394230769230769
4 0.7163461538461539 0.5769230769230771 0.6706730769230769 0.5769230769230771 0.6706730769230769 0.6394230769230769 0.7163461538461539 0.6394230769230769
2 0.5889423076923078 0.5793269230769231 0.5336538461538463 0.5793269230769231 0.5336538461538463 0.6730769230769231 0.5889423076923078 0.6730769230769231
4 0.8269230769230769 0.5985576923076924 0.7788461538461539 0.5985576923076924 0.7788461538461539 0.6610576923076923 0.8269230769230769 0.6610576923076923
4 0.7403846153846154 0.6177884615384616 0.6875 0.6177884615384616 0.6875 0.6995192307692307 0.7403846153846154 0.6995192307692307
8 0.2379807692307693 0.6009615384615384 0.11057692307692314 0.6009615384615384 0.11057692307692316 0.7620192307692307 0.2379807692307693 0.7620192307692307
2 0.6682692307692307 0.6466346153846154 0.605769230769231 0.6466346153846154 0.605769230769231 0.7451923076923077 0.6682692307692307 0.7451923076923077
4 0.7427884615384616 0.6899038461538461 0.6730769230769231 0.6899038461538461 0.6730769230769231 0.8004807692307693 0.7427884615384616 0.8004807692307693
1 0.09134615384615395 0.7115384615384616 0.05769230769230778 0.7115384615384616 0.057692307692307786 0.7908653846153846 0.09134615384615395 0.7908653846153846
4 0.3437500000000001 0.7668269230769231 0.25721153846153855 0.7668269230769231 0.25721153846153855 0.8509615384615384 0.3437500000000001 0.8509615384615384
4 0.3990384615384617 0.8365384615384616 0.3149038461538463 0.8365384615384616 0.3149038461538463 0.9495192307692307 0.3990384615384617 0.9495192307692307
2 0.6153846153846154 0.8557692307692307 0.5384615384615385 0.8557692307692307 0.5384615384615385 0.9855769230769231 0.6153846153846154 0.9855769230769231
4 0.4326923076923078 0.8966346153846154 0.35336538461538475 0.8966346153846154 0.35336538461538475 1 0.4326923076923078 1