8 0.2692307692307693 0.4543269230769231 0.20432692307692316 0.4543269230769231 0.20432692307692316 0.5745192307692307 0.2692307692307693 0.5745192307692307
2 0.3413461538461539 0.5072115384615384 0.29807692307692313 0.5072115384615384 0.29807692307692313 0.5913461538461539 0.34134615384615397 0.5913461538461539
4 0.2692307692307693 0.5480769230769231 0.22115384615384623 0.5480769230769231 0.22115384615384623 0.6081730769230769 0.2692307692307693 0.6081730769230769
2 0.3197115384615386 0.5985576923076923 0.2596153846153847 0.5985576923076923 0.2596153846153847 0.6754807692307693 0.3197115384615386 0.6754807692307693
4 0.23076923076923084 0.6177884615384616 0.18269230769230776 0.6177884615384616 0.18269230769230776 0.6875 0.23076923076923084 0.6875
4 0.29326923076923084 0.65625 0.24278846153846162 0.65625 0.24278846153846162 0.7211538461538461 0.29326923076923084 0.7211538461538461
2 0.6610576923076923 0.7067307692307693 0.5865384615384617 0.7067307692307693 0.5865384615384617 0.8100961538461539 0.6610576923076923 0.8100961538461539
4 0.22115384615384623 0.7235576923076923 0.15865384615384623 0.7235576923076923 0.15865384615384623 0.7980769230769231 0.22115384615384623 0.7980769230769231
2 0.24278846153846165 0.7932692307692307 0.16105769230769237 0.7932692307692307 0.1610576923076924 0.9182692307692307 0.24278846153846168 0.9182692307692307
9 0.1514423076923078 0.8149038461538461 0.06971153846153856 0.8149038461538461 0.06971153846153857 0.9350961538461539 0.1514423076923078 0.9350961538461539
4 0.3774038461538463 0.8293269230769231 0.295673076923077 0.8293269230769231 0.29567307692307704 0.9350961538461539 0.3774038461538463 0.9350961538461539