8 0.2836538461538462 0.5144230769230769 0.22115384615384623 0.5144230769230769 0.22115384615384623 0.6418269230769231 0.2836538461538462 0.6418269230769231
2 0.3317307692307694 0.59375 0.2836538461538462 0.59375 0.2836538461538462 0.6610576923076923 0.3317307692307694 0.6610576923076923
8 0.4807692307692309 0.5697115384615384 0.41105769230769246 0.5697115384615384 0.41105769230769246 0.7091346153846154 0.4807692307692309 0.7091346153846154
4 0.5961538461538463 0.6153846153846154 0.543269230769231 0.6153846153846154 0.543269230769231 0.6682692307692307 0.5961538461538463 0.6682692307692307
5 0.3125000000000001 0.6490384615384616 0.2548076923076924 0.6490384615384616 0.2548076923076924 0.71875 0.3125000000000001 0.71875
2 0.6730769230769231 0.6490384615384616 0.6129807692307694 0.6490384615384616 0.6129807692307694 0.7596153846153846 0.6730769230769231 0.7596153846153846
2 0.5240384615384617 0.6778846153846154 0.4759615384615386 0.6778846153846154 0.4759615384615386 0.7668269230769231 0.5240384615384617 0.7668269230769231
2 0.6153846153846154 0.6899038461538461 0.5576923076923078 0.6899038461538461 0.5576923076923078 0.7740384615384616 0.6153846153846154 0.7740384615384616
2 0.5625000000000001 0.7163461538461539 0.49038461538461553 0.7163461538461539 0.49038461538461553 0.8052884615384616 0.5625000000000001 0.8052884615384616
4 0.7211538461538461 0.7211538461538461 0.65625 0.7211538461538461 0.65625 0.8125 0.7211538461538461 0.8125
4 0.9278846153846154 0.7451923076923077 0.8557692307692307 0.7451923076923077 0.8557692307692307 0.8221153846153846 0.9278846153846154 0.8221153846153846
8 0.1562500000000001 0.6947115384615384 8.507762619076564e-17 0.6947115384615384 1.0377115305275048e-16 1 0.15625000000000014 1
4 0.7740384615384616 0.8413461538461539 0.6875 0.8413461538461539 0.6875 0.9663461538461539 0.7740384615384616 0.9663461538461539