8 0.3677884615384616 0.5072115384615384 0.3028846153846155 0.5072115384615384 0.3028846153846155 0.6538461538461539 0.3677884615384617 0.6538461538461539
9 0.264423076923077 0.5721153846153846 0.2067307692307693 0.5721153846153846 0.2067307692307693 0.6658653846153846 0.264423076923077 0.6658653846153846
5 0.4326923076923078 0.6009615384615384 0.3822115384615386 0.6009615384615384 0.3822115384615386 0.6802884615384616 0.4326923076923078 0.6802884615384616
2 0.6346153846153846 0.6081730769230771 0.574519230769231 0.6081730769230771 0.574519230769231 0.7379807692307693 0.6346153846153846 0.7379807692307693
2 0.27644230769230776 0.6490384615384616 0.20432692307692316 0.6490384615384616 0.20432692307692316 0.7379807692307693 0.27644230769230776 0.7379807692307693
2 0.5793269230769232 0.6274038461538461 0.5192307692307694 0.6274038461538461 0.5192307692307694 0.7836538461538461 0.5793269230769232 0.7836538461538461
4 0.6875 0.7067307692307693 0.6201923076923077 0.7067307692307693 0.6201923076923077 0.7980769230769231 0.6875 0.7980769230769231
8 0.3750000000000001 0.7043269230769231 0.2596153846153847 0.7043269230769231 0.2596153846153847 0.9375 0.3750000000000001 0.9375
4 0.6346153846153846 0.78125 0.5673076923076924 0.78125 0.5673076923076924 0.8846153846153846 0.6346153846153846 0.8846153846153846
8 0.5264423076923078 0.7644230769230769 0.41586538461538475 0.7644230769230769 0.41586538461538475 0.9471153846153846 0.5264423076923078 0.9471153846153846
2 0.8485576923076923 0.8413461538461539 0.7620192307692307 0.8413461538461539 0.7620192307692307 0.9711538461538461 0.8485576923076923 0.9711538461538461