4 0.7836538461538461 0.3437500000000001 0.7259615384615384 0.3437500000000001 0.7259615384615384 0.4375000000000001 0.7836538461538461 0.4375000000000001
9 0.7067307692307693 0.34134615384615397 0.6274038461538461 0.34134615384615397 0.6274038461538461 0.45913461538461553 0.7067307692307693 0.45913461538461553
2 0.25721153846153855 0.36778846153846156 0.20192307692307698 0.36778846153846156 0.20192307692307698 0.44711538461538464 0.25721153846153855 0.44711538461538464
2 0.4326923076923077 0.3870192307692308 0.3701923076923077 0.3870192307692308 0.3701923076923077 0.4807692307692308 0.4326923076923077 0.4807692307692308
2 0.5168269230769231 0.3918269230769231 0.44711538461538464 0.3918269230769231 0.44711538461538464 0.49278846153846156 0.5168269230769231 0.49278846153846156
5 0.84375 0.42307692307692324 0.7692307692307693 0.42307692307692324 0.7692307692307693 0.5697115384615385 0.84375 0.5697115384615385
4 0.7259615384615384 0.48317307692307704 0.6490384615384616 0.48317307692307704 0.6490384615384616 0.5961538461538463 0.7259615384615384 0.5961538461538463
4 0.24278846153846162 0.49038461538461536 0.1538461538461539 0.49038461538461536 0.1538461538461539 0.6033653846153846 0.24278846153846162 0.6033653846153846
2 0.11778846153846162 0.5240384615384616 0.016826923076923142 0.5240384615384616 0.016826923076923152 0.7403846153846154 0.11778846153846165 0.7403846153846154
4 0.8100961538461539 0.6394230769230769 0.7115384615384616 0.6394230769230769 0.7115384615384616 0.8052884615384616 0.8100961538461539 0.8052884615384616
2 0.20913461538461547 0.6105769230769231 0.10336538461538468 0.6105769230769231 0.1033653846153847 0.8413461538461539 0.20913461538461553 0.8413461538461539
4 1 0.7259615384615384 0.8725961538461539 0.7259615384615384 0.8725961538461539 0.9230769230769231 1 0.9230769230769231
2 0.29086538461538475 0.8509615384615384 0.17067307692307707 0.8509615384615384 0.17067307692307707 1 0.29086538461538475 1