8 0.40144230769230776 0.4807692307692308 0.33653846153846156 0.4807692307692308 0.3365384615384616 0.6105769230769231 0.4014423076923078 0.6105769230769231
4 0.4615384615384617 0.5697115384615384 0.41105769230769246 0.5697115384615384 0.41105769230769246 0.6370192307692307 0.4615384615384617 0.6370192307692307
2 0.3076923076923078 0.5721153846153846 0.2524038461538462 0.5721153846153846 0.2524038461538462 0.6658653846153846 0.3076923076923078 0.6658653846153846
4 0.5817307692307694 0.6129807692307693 0.5336538461538463 0.6129807692307693 0.5336538461538463 0.6730769230769231 0.5817307692307694 0.6730769230769231
9 0.5240384615384617 0.5889423076923077 0.4711538461538463 0.5889423076923077 0.4711538461538463 0.6995192307692307 0.5240384615384617 0.6995192307692307
1 0.05528846153846163 0.6418269230769231 0.02644230769230777 0.6418269230769231 0.026442307692307772 0.7283653846153846 0.05528846153846163 0.7283653846153846
5 0.8413461538461539 0.6730769230769231 0.7740384615384616 0.6730769230769231 0.7740384615384616 0.7740384615384616 0.8413461538461539 0.7740384615384616
4 0.6658653846153846 0.6826923076923077 0.605769230769231 0.6826923076923077 0.605769230769231 0.7644230769230769 0.6658653846153846 0.7644230769230769
4 0.5168269230769232 0.7211538461538461 0.4615384615384617 0.7211538461538461 0.4615384615384617 0.8100961538461539 0.5168269230769232 0.8100961538461539
8 0.3437500000000001 0.6947115384615384 0.2475961538461539 0.6947115384615384 0.24759615384615394 0.8870192307692307 0.3437500000000001 0.8870192307692307
8 0.49038461538461553 0.7163461538461539 0.35336538461538475 0.7163461538461539 0.35336538461538475 0.9927884615384616 0.49038461538461553 0.9927884615384616