4 0.5024038461538461 0.3269230769230769 0.4519230769230769 0.3269230769230769 0.4519230769230769 0.39903846153846156 0.5024038461538461 0.39903846153846156
4 0.6442307692307693 0.35336538461538475 0.59375 0.35336538461538475 0.59375 0.4254807692307694 0.6442307692307693 0.4254807692307694
0 0.7067307692307693 0.3317307692307694 0.6298076923076923 0.3317307692307694 0.6298076923076923 0.48317307692307704 0.7067307692307693 0.48317307692307704
2 0.39903846153846156 0.3605769230769231 0.3389423076923077 0.3605769230769231 0.3389423076923077 0.46153846153846156 0.39903846153846156 0.46153846153846156
8 0.8004807692307693 0.35336538461538475 0.7019230769230769 0.35336538461538475 0.7019230769230769 0.5817307692307694 0.8004807692307693 0.5817307692307694
2 0.21394230769230776 0.4182692307692308 0.11778846153846158 0.4182692307692308 0.11778846153846159 0.5240384615384616 0.21394230769230776 0.5240384615384616
4 0.7019230769230769 0.45192307692307704 0.6514423076923077 0.45192307692307704 0.6514423076923077 0.5216346153846155 0.7019230769230769 0.5216346153846155
2 0.5360576923076923 0.44711538461538464 0.46875 0.44711538461538464 0.46875 0.5384615384615384 0.5360576923076923 0.5384615384615384
2 0.24519230769230776 0.4831730769230769 0.16346153846153852 0.4831730769230769 0.16346153846153852 0.5697115384615384 0.24519230769230776 0.5697115384615384
2 0.483173076923077 0.5240384615384616 0.4110576923076923 0.5240384615384616 0.4110576923076924 0.6129807692307693 0.48317307692307704 0.6129807692307693
4 0.22115384615384623 0.5432692307692307 0.13701923076923084 0.5432692307692307 0.13701923076923084 0.6466346153846154 0.22115384615384623 0.6466346153846154
0 0.6009615384615385 0.5649038461538463 0.4182692307692309 0.5649038461538461 0.4182692307692309 0.9134615384615384 0.6009615384615385 0.9134615384615384
2 0.3317307692307694 0.8221153846153846 0.19951923076923084 0.8221153846153846 0.19951923076923087 1 0.3317307692307694 1