8 0.7644230769230769 0.5240384615384617 0.6754807692307693 0.5240384615384617 0.6754807692307693 0.6682692307692307 0.7644230769230769 0.6682692307692307
2 0.6514423076923077 0.5721153846153848 0.6009615384615385 0.5721153846153848 0.6009615384615385 0.6490384615384616 0.6514423076923077 0.6490384615384616
5 0.2283653846153847 0.5841346153846154 0.18269230769230776 0.5841346153846154 0.18269230769230776 0.6586538461538461 0.2283653846153847 0.6586538461538461
2 0.528846153846154 0.5889423076923077 0.48317307692307704 0.5889423076923077 0.48317307692307704 0.6538461538461539 0.528846153846154 0.6538461538461539
8 0.07932692307692314 0.5673076923076923 0.024038461538461606 0.5673076923076923 0.024038461538461616 0.6802884615384616 0.07932692307692314 0.6802884615384616
4 0.31730769230769246 0.6105769230769231 0.2716346153846155 0.6105769230769231 0.2716346153846155 0.6706730769230769 0.31730769230769246 0.6706730769230769
2 0.29807692307692313 0.6610576923076923 0.25000000000000006 0.6610576923076923 0.25000000000000006 0.7235576923076923 0.29807692307692313 0.7235576923076923
2 0.6298076923076923 0.6418269230769231 0.5528846153846155 0.6418269230769231 0.5528846153846155 0.7620192307692307 0.6298076923076923 0.7620192307692307
4 0.20913461538461545 0.6826923076923077 0.15144230769230776 0.6826923076923077 0.15144230769230776 0.7596153846153846 0.20913461538461545 0.7596153846153846
8 0.8966346153846154 0.6370192307692307 0.7884615384615384 0.6370192307692307 0.7884615384615384 0.84375 0.8966346153846154 0.84375
5 0.3052884615384616 0.6995192307692307 0.24519230769230776 0.6995192307692307 0.24519230769230776 0.7860576923076923 0.3052884615384616 0.7860576923076923
2 0.12019230769230779 0.7235576923076923 0.05528846153846163 0.7235576923076923 0.055288461538461633 0.8341346153846154 0.12019230769230779 0.8341346153846154
4 0.23557692307692316 0.7475961538461539 0.17307692307692316 0.7475961538461539 0.17307692307692316 0.8317307692307693 0.23557692307692316 0.8317307692307693
2 0.3509615384615386 0.7524038461538461 0.2788461538461539 0.7524038461538461 0.27884615384615397 0.8533653846153846 0.3509615384615386 0.8533653846153846
2 0.7019230769230769 0.7451923076923077 0.6009615384615385 0.7451923076923077 0.6009615384615385 0.9519230769230769 0.7019230769230769 0.9519230769230769
4 0.2548076923076924 0.8076923076923077 0.18269230769230776 0.8076923076923077 0.1826923076923078 0.8990384615384616 0.25480769230769246 0.8990384615384616
4 0.9471153846153846 0.8293269230769231 0.8533653846153846 0.8293269230769231 0.8533653846153846 0.96875 0.9471153846153846 0.96875
4 0.8653846153846154 0.875 0.7788461538461539 0.875 0.7788461538461539 1 0.8653846153846154 1
2 0.44230769230769246 0.8918269230769231 0.3461538461538463 0.8918269230769231 0.3461538461538463 1 0.44230769230769246 1
4 0.2932692307692309 0.90625 0.216346153846154 0.90625 0.216346153846154 1 0.2932692307692309 1
4 0.153846153846154 0.9278846153846154 0.06490384615384627 0.9278846153846154 0.06490384615384627 1 0.153846153846154 1