8 0.5625 0.31250000000000006 0.5168269230769231 0.3125 0.5168269230769231 0.3725961538461539 0.5625 0.37259615384615397
4 0.4807692307692308 0.3389423076923077 0.44711538461538464 0.3389423076923077 0.44711538461538464 0.3894230769230769 0.4807692307692308 0.3894230769230769
4 0.45913461538461536 0.34615384615384615 0.41346153846153844 0.34615384615384615 0.41346153846153844 0.3918269230769231 0.45913461538461536 0.3918269230769231
4 0.07932692307692311 0.34615384615384615 0.03605769230769235 0.34615384615384615 0.03605769230769235 0.4110576923076923 0.07932692307692311 0.4110576923076923
4 0.5649038461538461 0.358173076923077 0.5240384615384616 0.3581730769230769 0.5240384615384616 0.40625000000000006 0.5649038461538461 0.4062500000000001
2 0.3918269230769231 0.3701923076923077 0.34615384615384615 0.3701923076923077 0.34615384615384615 0.4206730769230769 0.3918269230769231 0.4206730769230769
4 0.34375 0.36778846153846156 0.3004807692307693 0.36778846153846156 0.3004807692307693 0.4326923076923077 0.34375 0.4326923076923077
2 0.6153846153846154 0.3774038461538462 0.5552884615384616 0.37740384615384615 0.5552884615384616 0.4783653846153847 0.6153846153846154 0.47836538461538475
4 0.5600961538461539 0.4086538461538462 0.5096153846153846 0.40865384615384615 0.5096153846153846 0.4783653846153847 0.5600961538461539 0.47836538461538475
9 0.7115384615384616 0.3942307692307694 0.6346153846153846 0.3942307692307694 0.6346153846153846 0.49759615384615397 0.7115384615384616 0.49759615384615397
5 0.05288461538461545 0.4206730769230769 0.002403846153846205 0.4206730769230769 0.00240384615384621 0.49278846153846156 0.052884615384615453 0.49278846153846156
5 0.4014423076923077 0.43028846153846156 0.34375 0.43028846153846156 0.34375 0.49038461538461536 0.4014423076923077 0.49038461538461536
4 0.35336538461538464 0.45913461538461536 0.3004807692307693 0.45913461538461536 0.3004807692307693 0.5384615384615384 0.35336538461538464 0.5384615384615384
2 0.5168269230769231 0.45913461538461536 0.4423076923076923 0.45913461538461536 0.4423076923076923 0.5432692307692307 0.5168269230769231 0.5432692307692307
2 0.528846153846154 0.5552884615384616 0.43509615384615385 0.5552884615384616 0.4350961538461539 0.6826923076923077 0.528846153846154 0.6826923076923077
4 0.6274038461538461 0.5817307692307693 0.5384615384615385 0.5817307692307693 0.5384615384615385 0.6899038461538461 0.6274038461538461 0.6899038461538461
4 0.9038461538461539 0.5865384615384617 0.7860576923076923 0.5865384615384617 0.7860576923076923 0.7259615384615384 0.9038461538461539 0.7259615384615384