2 0.3028846153846155 0.6057692307692307 0.264423076923077 0.6057692307692307 0.264423076923077 0.6778846153846154 0.3028846153846155 0.6778846153846154
2 0.3822115384615386 0.6177884615384616 0.3389423076923078 0.6177884615384616 0.3389423076923078 0.6971153846153846 0.3822115384615386 0.6971153846153846
2 0.4615384615384617 0.6081730769230769 0.4014423076923078 0.6081730769230769 0.4014423076923078 0.7259615384615384 0.4615384615384617 0.7259615384615384
5 0.33413461538461553 0.6923076923076923 0.2836538461538462 0.6923076923076923 0.2836538461538462 0.7836538461538461 0.33413461538461553 0.7836538461538461
2 0.4134615384615386 0.6971153846153846 0.3629807692307694 0.6971153846153846 0.3629807692307694 0.78125 0.4134615384615386 0.78125
4 0.5721153846153848 0.6971153846153846 0.5144230769230771 0.6971153846153846 0.5144230769230771 0.7836538461538461 0.5721153846153848 0.7836538461538461
4 0.49759615384615397 0.7091346153846154 0.44230769230769246 0.7091346153846154 0.44230769230769246 0.8004807692307693 0.49759615384615397 0.8004807692307693
4 0.1610576923076924 0.7740384615384616 0.08894230769230779 0.7740384615384616 0.08894230769230779 0.8629807692307693 0.16105769230769246 0.8629807692307693
4 0.4615384615384617 0.78125 0.39182692307692324 0.78125 0.39182692307692324 0.8846153846153846 0.4615384615384617 0.8846153846153846
2 0.36538461538461553 0.7884615384615384 0.29807692307692313 0.7884615384615384 0.2980769230769232 0.9158653846153846 0.36538461538461553 0.9158653846153846
4 0.5769230769230771 0.7980769230769231 0.49759615384615397 0.7980769230769231 0.49759615384615397 0.9302884615384616 0.5769230769230771 0.9302884615384616