2 0.560096153846154 0.608173076923077 0.5168269230769232 0.6081730769230769 0.5168269230769232 0.6923076923076923 0.560096153846154 0.6923076923076923
2 0.5024038461538463 0.6033653846153846 0.4495192307692309 0.6033653846153846 0.4495192307692309 0.7091346153846154 0.5024038461538463 0.7091346153846154
2 0.32692307692307704 0.6346153846153846 0.2692307692307693 0.6346153846153846 0.2692307692307693 0.7115384615384616 0.32692307692307704 0.7115384615384616
8 0.2740384615384616 0.5865384615384616 0.19230769230769237 0.5865384615384616 0.19230769230769237 0.78125 0.2740384615384616 0.78125
5 0.6105769230769232 0.6658653846153846 0.543269230769231 0.6658653846153846 0.543269230769231 0.7403846153846154 0.6105769230769232 0.7403846153846154
2 0.5336538461538463 0.6586538461538461 0.4759615384615386 0.6586538461538461 0.4759615384615386 0.7524038461538461 0.5336538461538463 0.7524038461538461
4 0.6466346153846154 0.7115384615384616 0.5865384615384617 0.7115384615384616 0.5865384615384617 0.7956730769230769 0.6466346153846154 0.7956730769230769
2 0.8389423076923077 0.7259615384615384 0.7692307692307693 0.7259615384615384 0.7692307692307693 0.8341346153846154 0.8389423076923077 0.8341346153846154
2 0.96875 0.7379807692307693 0.9014423076923077 0.7379807692307693 0.9014423076923077 0.8389423076923077 0.96875 0.8389423076923077
4 0.45192307692307704 0.7524038461538461 0.38942307692307704 0.7524038461538461 0.38942307692307704 0.8245192307692307 0.45192307692307704 0.8245192307692307
4 0.3822115384615386 0.7668269230769231 0.31730769230769246 0.7668269230769231 0.31730769230769246 0.8557692307692307 0.3822115384615386 0.8557692307692307
2 0.5000000000000001 0.7836538461538461 0.4447115384615386 0.7836538461538461 0.4447115384615386 0.8798076923076923 0.5000000000000001 0.8798076923076923
4 0.4759615384615386 0.8317307692307693 0.39663461538461553 0.8317307692307693 0.39663461538461553 0.9423076923076923 0.4759615384615386 0.9423076923076923
5 0.7668269230769231 0.8341346153846154 0.6754807692307693 0.8341346153846154 0.6754807692307693 0.9399038461538461 0.7668269230769231 0.9399038461538461
9 0.6730769230769231 0.8509615384615384 0.591346153846154 0.8509615384615384 0.591346153846154 0.9615384615384616 0.6730769230769231 0.9615384615384616
2 0.8125 0.8918269230769231 0.71875 0.8918269230769231 0.71875 1 0.8125 1
4 0.6201923076923077 0.9038461538461539 0.543269230769231 0.9038461538461539 0.543269230769231 1 0.6201923076923077 1