8 0.4639423076923078 0.6057692307692307 0.3822115384615386 0.6057692307692307 0.3822115384615386 0.7716346153846154 0.4639423076923078 0.7716346153846154
4 0.3509615384615386 0.6538461538461539 0.29326923076923084 0.6538461538461539 0.29326923076923084 0.7331730769230769 0.3509615384615386 0.7331730769230769
2 0.5769230769230771 0.6610576923076923 0.5216346153846155 0.6610576923076923 0.5216346153846155 0.7692307692307693 0.5769230769230771 0.7692307692307693
2 0.4879807692307694 0.6826923076923077 0.42067307692307704 0.6826923076923077 0.42067307692307704 0.8149038461538461 0.4879807692307694 0.8149038461538461
4 0.5649038461538463 0.71875 0.5024038461538463 0.71875 0.5024038461538463 0.7932692307692307 0.5649038461538463 0.7932692307692307
2 0.2836538461538462 0.7139423076923077 0.2163461538461539 0.7139423076923077 0.2163461538461539 0.8125 0.2836538461538462 0.8125
9 0.6850961538461539 0.7259615384615384 0.6081730769230771 0.7259615384615384 0.6081730769230771 0.8269230769230769 0.6850961538461539 0.8269230769230769
4 0.41586538461538475 0.75 0.35336538461538475 0.75 0.35336538461538475 0.8389423076923077 0.41586538461538475 0.8389423076923077
2 0.8629807692307693 0.7596153846153846 0.8004807692307693 0.7596153846153846 0.8004807692307693 0.8533653846153846 0.8629807692307693 0.8533653846153846
2 0.9663461538461539 0.8125 0.8990384615384616 0.8125 0.8990384615384616 0.9471153846153846 0.9663461538461539 0.9471153846153846
5 0.6730769230769231 0.8317307692307693 0.5961538461538463 0.8317307692307693 0.5961538461538463 0.96875 0.6730769230769231 0.96875
4 0.5528846153846155 0.8485576923076923 0.4687500000000001 0.8485576923076923 0.4687500000000001 0.9543269230769231 0.5528846153846155 0.9543269230769231