8 0.4254807692307694 0.5600961538461539 0.35817307692307704 0.5600961538461539 0.35817307692307704 0.7043269230769231 0.4254807692307694 0.7043269230769231
9 0.5769230769230771 0.6225961538461539 0.5192307692307694 0.6225961538461539 0.5192307692307694 0.71875 0.5769230769230771 0.71875
2 0.4879807692307694 0.6177884615384616 0.4375000000000001 0.6177884615384616 0.4375000000000001 0.7259615384615384 0.4879807692307694 0.7259615384615384
2 0.2596153846153847 0.6370192307692307 0.2067307692307693 0.6370192307692307 0.2067307692307693 0.7091346153846154 0.2596153846153847 0.7091346153846154
4 0.3629807692307694 0.6586538461538461 0.3052884615384616 0.6586538461538461 0.3052884615384616 0.7283653846153846 0.3629807692307694 0.7283653846153846
5 0.5649038461538463 0.6995192307692307 0.49759615384615397 0.6995192307692307 0.49759615384615397 0.8004807692307693 0.5649038461538463 0.8004807692307693
4 0.4639423076923078 0.7139423076923077 0.3990384615384617 0.7139423076923077 0.3990384615384617 0.7980769230769231 0.4639423076923078 0.7980769230769231
5 0.8461538461538461 0.7451923076923077 0.7836538461538461 0.7451923076923077 0.7836538461538461 0.8389423076923077 0.8461538461538461 0.8389423076923077
5 0.6826923076923077 0.7355769230769231 0.6274038461538461 0.7355769230769231 0.6274038461538461 0.8509615384615384 0.6826923076923077 0.8509615384615384
2 0.6394230769230769 0.7427884615384616 0.5697115384615385 0.7427884615384616 0.5697115384615385 0.90625 0.6394230769230769 0.90625
4 0.9567307692307693 0.7836538461538461 0.9014423076923077 0.7836538461538461 0.9014423076923077 0.8701923076923077 0.9567307692307693 0.8701923076923077
2 0.512019230769231 0.7788461538461539 0.44230769230769246 0.7788461538461539 0.44230769230769246 0.9326923076923077 0.512019230769231 0.9326923076923077
9 0.7932692307692307 0.8245192307692307 0.6995192307692307 0.8245192307692307 0.6995192307692307 0.9519230769230769 0.7932692307692307 0.9519230769230769
4 0.3990384615384617 0.8533653846153846 0.3317307692307694 0.8533653846153846 0.3317307692307694 0.9591346153846154 0.3990384615384617 0.9591346153846154
4 1 0.8822115384615384 0.9230769230769231 0.8822115384615384 0.9230769230769231 0.9855769230769231 1 0.9855769230769231
4 0.6802884615384616 0.8942307692307693 0.6081730769230771 0.8942307692307693 0.6081730769230771 1 0.6802884615384616 1