4 0.3245192307692308 0.3173076923076923 0.2908653846153847 0.3173076923076923 0.2908653846153847 0.3629807692307692 0.3245192307692308 0.3629807692307692
4 0.36538461538461536 0.3605769230769231 0.3293269230769231 0.3605769230769231 0.3293269230769231 0.40865384615384615 0.36538461538461536 0.40865384615384615
4 0.28125000000000006 0.3605769230769231 0.24278846153846162 0.3605769230769231 0.24278846153846162 0.4110576923076923 0.28125000000000006 0.4110576923076923
4 0.3245192307692308 0.36538461538461536 0.2836538461538462 0.36538461538461536 0.2836538461538462 0.41346153846153844 0.3245192307692308 0.41346153846153844
8 0.25000000000000006 0.33653846153846156 0.19230769230769237 0.33653846153846156 0.19230769230769237 0.45913461538461536 0.25000000000000006 0.45913461538461536
5 0.3293269230769231 0.4110576923076923 0.2788461538461539 0.4110576923076923 0.2788461538461539 0.49038461538461536 0.3293269230769231 0.49038461538461536
2 0.40625 0.43509615384615385 0.35096153846153844 0.43509615384615385 0.35096153846153844 0.5048076923076923 0.40625 0.5048076923076923
4 0.6875 0.4495192307692309 0.6153846153846154 0.4495192307692309 0.6153846153846154 0.5360576923076924 0.6875 0.5360576923076924
5 0.3990384615384616 0.5072115384615384 0.3389423076923077 0.5072115384615384 0.33894230769230776 0.6033653846153846 0.3990384615384617 0.6033653846153846
2 0.5817307692307693 0.5168269230769231 0.5 0.5168269230769231 0.5000000000000001 0.6322115384615384 0.5817307692307694 0.6322115384615384
2 0.5024038461538463 0.5336538461538461 0.4206730769230769 0.5336538461538461 0.420673076923077 0.6418269230769231 0.5024038461538463 0.6418269230769231
4 0.34855769230769246 0.625 0.2596153846153847 0.625 0.2596153846153847 0.75 0.34855769230769246 0.75
4 0.8100961538461539 0.7019230769230769 0.6706730769230769 0.7019230769230769 0.6706730769230769 0.8533653846153846 0.8100961538461539 0.8533653846153846
4 0.5865384615384617 0.7932692307692307 0.45913461538461553 0.7932692307692307 0.45913461538461553 0.9807692307692307 0.5865384615384617 0.9807692307692307
2 0.8533653846153846 0.8125 0.6514423076923077 0.8125 0.6514423076923077 1 0.8533653846153846 1