8 0.1274038461538462 0.3798076923076923 0.05528846153846159 0.3798076923076923 0.0552884615384616 0.5144230769230769 0.12740384615384623 0.5144230769230769
2 0.2067307692307693 0.49038461538461536 0.16346153846153852 0.49038461538461536 0.16346153846153852 0.5528846153846154 0.2067307692307693 0.5528846153846154
2 0.5408653846153847 0.5336538461538461 0.49759615384615385 0.5336538461538461 0.4975961538461539 0.6129807692307693 0.5408653846153848 0.6129807692307693
2 0.605769230769231 0.560096153846154 0.5649038461538463 0.560096153846154 0.5649038461538463 0.6274038461538461 0.605769230769231 0.6274038461538461
2 0.7716346153846154 0.5865384615384617 0.7211538461538461 0.5865384615384617 0.7211538461538461 0.6899038461538461 0.7716346153846154 0.6899038461538461
4 0.5552884615384617 0.6442307692307693 0.5024038461538463 0.6442307692307693 0.5024038461538463 0.7115384615384616 0.5552884615384617 0.7115384615384616
4 0.5673076923076924 0.6850961538461539 0.512019230769231 0.6850961538461539 0.512019230769231 0.7668269230769231 0.5673076923076924 0.7668269230769231
8 0.9230769230769231 0.5889423076923078 0.7980769230769231 0.5889423076923078 0.7980769230769231 0.8774038461538461 0.9230769230769231 0.8774038461538461
4 0.6995192307692307 0.7692307692307693 0.6346153846153846 0.7692307692307693 0.6346153846153846 0.8605769230769231 0.6995192307692307 0.8605769230769231
4 0.8028846153846154 0.7980769230769231 0.7331730769230769 0.7980769230769231 0.7331730769230769 0.8942307692307693 0.8028846153846154 0.8942307692307693
4 0.6442307692307693 0.8798076923076923 0.5697115384615385 0.8798076923076923 0.5697115384615385 0.9879807692307693 0.6442307692307693 0.9879807692307693