8 0.1129807692307693 0.5072115384615384 0.033653846153846215 0.5072115384615384 0.03365384615384623 0.6706730769230769 0.1129807692307693 0.6706730769230769
8 0.7740384615384616 0.5865384615384617 0.6658653846153846 0.5865384615384617 0.6658653846153846 0.7475961538461539 0.7740384615384616 0.7475961538461539
4 0.5985576923076924 0.6586538461538461 0.5408653846153848 0.6586538461538461 0.5408653846153848 0.7379807692307693 0.5985576923076924 0.7379807692307693
2 0.22596153846153852 0.6610576923076923 0.1658653846153847 0.6610576923076923 0.1658653846153847 0.75 0.22596153846153852 0.75
5 0.5240384615384617 0.6586538461538461 0.4615384615384617 0.6586538461538461 0.4615384615384617 0.7572115384615384 0.5240384615384617 0.7572115384615384
2 0.7043269230769231 0.7019230769230769 0.6298076923076923 0.7019230769230769 0.6298076923076923 0.8677884615384616 0.7043269230769231 0.8677884615384616
4 0.6201923076923077 0.7644230769230769 0.5408653846153848 0.7644230769230769 0.5408653846153848 0.8581730769230769 0.6201923076923077 0.8581730769230769
4 0.34134615384615397 0.8028846153846154 0.26201923076923084 0.8028846153846154 0.2620192307692309 0.9086538461538461 0.34134615384615397 0.9086538461538461
2 1 0.8461538461538461 0.9014423076923077 0.8461538461538461 0.9014423076923077 0.9975961538461539 1 0.9975961538461539
4 0.7548076923076923 0.8846153846153846 0.6610576923076923 0.8846153846153846 0.6610576923076923 1 0.7548076923076923 1
2 0.29567307692307704 0.9014423076923077 0.20192307692307707 0.9014423076923077 0.20192307692307707 1 0.29567307692307704 1