4 0.17307692307692316 0.625 0.12019230769230776 0.625 0.12019230769230776 0.6947115384615384 0.17307692307692316 0.6947115384615384
8 0.9014423076923077 0.6201923076923077 0.84375 0.6201923076923077 0.84375 0.7788461538461539 0.9014423076923077 0.7788461538461539
4 0.8028846153846154 0.6971153846153846 0.7548076923076923 0.6971153846153846 0.7548076923076923 0.7524038461538461 0.8028846153846154 0.7524038461538461
8 0.29326923076923084 0.6875 0.24038461538461545 0.6875 0.24038461538461545 0.7764423076923077 0.29326923076923084 0.7764423076923077
4 0.5985576923076924 0.7043269230769231 0.560096153846154 0.7043269230769231 0.560096153846154 0.7668269230769231 0.5985576923076924 0.7668269230769231
4 0.3942307692307694 0.7019230769230769 0.34855769230769246 0.7019230769230769 0.34855769230769246 0.7764423076923077 0.3942307692307694 0.7764423076923077
4 0.7043269230769231 0.7163461538461539 0.6706730769230769 0.7163461538461539 0.6706730769230769 0.78125 0.7043269230769231 0.78125
2 0.5360576923076924 0.7307692307692307 0.48557692307692324 0.7307692307692307 0.48557692307692324 0.8293269230769231 0.5360576923076924 0.8293269230769231
2 0.8076923076923077 0.7596153846153846 0.7451923076923077 0.7596153846153846 0.7451923076923077 0.8509615384615384 0.8076923076923077 0.8509615384615384
5 0.1923076923076924 0.7788461538461539 0.1298076923076924 0.7788461538461539 0.1298076923076924 0.8581730769230769 0.19230769230769246 0.8581730769230769
2 0.6754807692307693 0.7788461538461539 0.6274038461538461 0.7788461538461539 0.6274038461538461 0.875 0.6754807692307693 0.875
2 0.37980769230769246 0.7836538461538461 0.32211538461538475 0.7836538461538461 0.32211538461538475 0.8942307692307693 0.37980769230769246 0.8942307692307693