8 0.23076923076923084 0.4254807692307692 0.17067307692307698 0.4254807692307692 0.17067307692307698 0.5192307692307693 0.23076923076923084 0.5192307692307693
8 0.75 0.4375000000000001 0.7067307692307693 0.4375000000000001 0.7067307692307693 0.512019230769231 0.75 0.512019230769231
8 0.7019230769230769 0.44230769230769246 0.65625 0.44230769230769246 0.65625 0.5552884615384617 0.7019230769230769 0.5552884615384617
8 0.65625 0.44711538461538475 0.6105769230769231 0.44711538461538475 0.6105769230769231 0.5504807692307694 0.65625 0.5504807692307694
8 0.1538461538461539 0.4519230769230769 0.06971153846153852 0.4519230769230769 0.06971153846153852 0.59375 0.1538461538461539 0.59375
2 0.2524038461538462 0.49759615384615385 0.2163461538461539 0.49759615384615385 0.2163461538461539 0.5649038461538461 0.2524038461538462 0.5649038461538461
8 0.5985576923076924 0.48557692307692313 0.5408653846153846 0.4855769230769231 0.5408653846153847 0.5961538461538463 0.5985576923076924 0.5961538461538463
4 0.264423076923077 0.5625 0.21875000000000006 0.5625 0.21875000000000006 0.6201923076923077 0.264423076923077 0.6201923076923077
8 0.7596153846153846 0.528846153846154 0.6875 0.528846153846154 0.6875 0.6850961538461539 0.7596153846153846 0.6850961538461539
2 0.17067307692307698 0.5985576923076923 0.1177884615384616 0.5985576923076923 0.1177884615384616 0.6754807692307693 0.17067307692307698 0.6754807692307693
2 0.5504807692307694 0.5913461538461539 0.4879807692307694 0.5913461538461539 0.4879807692307694 0.7019230769230769 0.5504807692307694 0.7019230769230769
2 0.6394230769230769 0.5985576923076924 0.5841346153846155 0.5985576923076924 0.5841346153846155 0.7019230769230769 0.6394230769230769 0.7019230769230769
9 0.2283653846153847 0.6754807692307693 0.16346153846153852 0.6754807692307693 0.16346153846153852 0.7884615384615384 0.2283653846153847 0.7884615384615384
8 0.8461538461538461 0.6346153846153846 0.7331730769230769 0.6346153846153846 0.7331730769230769 0.8365384615384616 0.8461538461538461 0.8365384615384616
2 0.6370192307692307 0.7091346153846154 0.5769230769230771 0.7091346153846154 0.5769230769230771 0.8028846153846154 0.6370192307692307 0.8028846153846154
4 0.13221153846153857 0.7716346153846154 0.06490384615384626 0.7716346153846154 0.06490384615384626 0.8389423076923077 0.13221153846153857 0.8389423076923077
2 0.13701923076923087 0.8221153846153846 0.05528846153846164 0.8221153846153846 0.05528846153846165 0.9326923076923077 0.13701923076923087 0.9326923076923077
4 0.7644230769230769 0.8413461538461539 0.6778846153846154 0.8413461538461539 0.6778846153846154 0.9543269230769231 0.7644230769230769 0.9543269230769231
2 0.3149038461538463 0.90625 0.2259615384615386 0.90625 0.2259615384615386 1 0.3149038461538463 1