8 0.19951923076923084 0.4543269230769231 0.12019230769230776 0.4543269230769231 0.12019230769230776 0.5865384615384616 0.19951923076923084 0.5865384615384616
8 0.1129807692307693 0.44711538461538464 0.03365384615384621 0.44711538461538464 0.033653846153846215 0.6057692307692307 0.1129807692307693 0.6057692307692307
8 0.6490384615384616 0.4711538461538463 0.59375 0.4711538461538463 0.5937500000000001 0.5985576923076924 0.6490384615384616 0.5985576923076924
8 0.5817307692307693 0.48557692307692313 0.5264423076923077 0.4855769230769231 0.5264423076923077 0.6105769230769231 0.5817307692307694 0.6105769230769232
2 0.5312500000000001 0.5336538461538461 0.4831730769230769 0.5336538461538461 0.483173076923077 0.6298076923076923 0.5312500000000001 0.6298076923076923
4 0.3028846153846155 0.5985576923076923 0.2524038461538462 0.5985576923076923 0.2524038461538462 0.6682692307692307 0.3028846153846155 0.6682692307692307
2 0.22115384615384623 0.6658653846153846 0.16105769230769237 0.6658653846153846 0.16105769230769237 0.7427884615384616 0.22115384615384623 0.7427884615384616
4 0.6274038461538461 0.6971153846153846 0.560096153846154 0.6971153846153846 0.560096153846154 0.7956730769230769 0.6274038461538461 0.7956730769230769
2 0.1250000000000001 0.7043269230769231 0.05528846153846163 0.7043269230769231 0.055288461538461633 0.8028846153846154 0.1250000000000001 0.8028846153846154
2 0.3197115384615386 0.7043269230769231 0.2548076923076924 0.7043269230769231 0.2548076923076924 0.8028846153846154 0.3197115384615386 0.8028846153846154
4 0.24759615384615394 0.7596153846153846 0.17307692307692316 0.7596153846153846 0.17307692307692318 0.8509615384615384 0.247596153846154 0.8509615384615384
8 1 0.7091346153846154 0.8365384615384616 0.7091346153846154 0.8365384615384616 0.9399038461538461 1 0.9399038461538461