8 0.5504807692307693 0.4254807692307692 0.47115384615384615 0.4254807692307692 0.4711538461538462 0.5889423076923077 0.5504807692307694 0.5889423076923077
4 0.41346153846153844 0.47836538461538464 0.36778846153846156 0.47836538461538464 0.36778846153846156 0.5432692307692307 0.41346153846153844 0.5432692307692307
5 0.2283653846153847 0.5024038461538461 0.18750000000000006 0.5024038461538461 0.18750000000000006 0.5697115384615384 0.2283653846153847 0.5697115384615384
8 0.4591346153846155 0.4807692307692308 0.40865384615384615 0.4807692307692308 0.4086538461538462 0.59375 0.45913461538461553 0.59375
4 0.6971153846153846 0.5504807692307694 0.6346153846153846 0.5504807692307694 0.6346153846153846 0.6274038461538461 0.6971153846153846 0.6274038461538461
4 0.9879807692307693 0.5793269230769232 0.9326923076923077 0.5793269230769232 0.9326923076923077 0.6514423076923077 0.9879807692307693 0.6514423076923077
2 0.25721153846153855 0.5721153846153846 0.1971153846153847 0.5721153846153846 0.1971153846153847 0.6682692307692307 0.25721153846153855 0.6682692307692307
4 0.3076923076923078 0.6057692307692307 0.24519230769230776 0.6057692307692307 0.24519230769230776 0.7043269230769231 0.3076923076923078 0.7043269230769231
2 0.6466346153846154 0.6177884615384616 0.5865384615384617 0.6177884615384616 0.5865384615384617 0.7163461538461539 0.6466346153846154 0.7163461538461539
2 0.9543269230769231 0.6730769230769231 0.8798076923076923 0.6730769230769231 0.8798076923076923 0.7644230769230769 0.9543269230769231 0.7644230769230769
2 0.6298076923076923 0.7908653846153846 0.5336538461538463 0.7908653846153846 0.5336538461538463 0.9495192307692307 0.6298076923076923 0.9495192307692307