2 0.326923076923077 0.5480769230769231 0.2596153846153847 0.5480769230769231 0.2596153846153847 0.6754807692307693 0.32692307692307704 0.6754807692307693
2 0.4254807692307694 0.5721153846153846 0.36057692307692324 0.5721153846153846 0.36057692307692324 0.7043269230769231 0.4254807692307694 0.7043269230769231
2 0.8317307692307693 0.5865384615384617 0.7644230769230769 0.5865384615384617 0.7644230769230769 0.6995192307692307 0.8317307692307693 0.6995192307692307
4 0.5168269230769232 0.6298076923076923 0.4639423076923078 0.6298076923076923 0.4639423076923078 0.7043269230769231 0.5168269230769232 0.7043269230769231
2 0.2740384615384616 0.6514423076923077 0.1971153846153847 0.6514423076923077 0.1971153846153847 0.7596153846153846 0.2740384615384616 0.7596153846153846
4 0.15144230769230776 0.6730769230769231 0.0817307692307693 0.6730769230769231 0.08173076923076932 0.7620192307692307 0.1514423076923078 0.7620192307692307
4 0.4399038461538463 0.6754807692307693 0.3774038461538463 0.6754807692307693 0.3774038461538463 0.7716346153846154 0.4399038461538463 0.7716346153846154
4 0.6538461538461539 0.7355769230769231 0.5649038461538463 0.7355769230769231 0.5649038461538463 0.8461538461538461 0.6538461538461539 0.8461538461538461
4 0.17067307692307704 0.7524038461538461 0.0937500000000001 0.7524038461538461 0.0937500000000001 0.8413461538461539 0.17067307692307707 0.8413461538461539
2 0.7259615384615384 0.6971153846153846 0.6298076923076923 0.6971153846153846 0.6298076923076923 0.9014423076923077 0.7259615384615384 0.9014423076923077
4 0.5865384615384617 0.7908653846153846 0.4951923076923078 0.7908653846153846 0.4951923076923078 0.9158653846153846 0.5865384615384617 0.9158653846153846
9 0.29567307692307704 0.7836538461538461 0.18750000000000006 0.7836538461538461 0.1875000000000001 0.9278846153846154 0.29567307692307704 0.9278846153846154
2 0.11538461538461549 0.8245192307692307 0.01682692307692318 0.8245192307692307 0.016826923076923187 0.9543269230769231 0.11538461538461549 0.9543269230769231
2 0.48317307692307704 0.8341346153846154 0.3990384615384617 0.8341346153846154 0.3990384615384617 1 0.48317307692307704 1
4 0.7788461538461539 0.8894230769230769 0.6947115384615384 0.8894230769230769 0.6947115384615384 1 0.7788461538461539 1
4 0.6274038461538461 0.8966346153846154 0.543269230769231 0.8966346153846154 0.543269230769231 1 0.6274038461538461 1