8 0.6201923076923077 0.28846153846153855 0.5697115384615384 0.28846153846153855 0.5697115384615384 0.37259615384615397 0.6201923076923077 0.37259615384615397
4 0.7572115384615384 0.3317307692307694 0.7235576923076923 0.3317307692307694 0.7235576923076923 0.39182692307692324 0.7572115384615384 0.39182692307692324
8 0.8725961538461539 0.3125000000000001 0.8293269230769231 0.3125000000000001 0.8293269230769231 0.41586538461538475 0.8725961538461539 0.41586538461538475
4 0.6274038461538461 0.3629807692307694 0.5913461538461539 0.3629807692307694 0.5913461538461539 0.4062500000000001 0.6274038461538461 0.4062500000000001
2 0.7259615384615384 0.3990384615384617 0.6778846153846154 0.3990384615384617 0.6778846153846154 0.4759615384615386 0.7259615384615384 0.4759615384615386
4 0.7788461538461539 0.42067307692307704 0.7403846153846154 0.42067307692307704 0.7403846153846154 0.48317307692307704 0.7788461538461539 0.48317307692307704
4 0.6153846153846154 0.4663461538461539 0.5576923076923077 0.46634615384615385 0.5576923076923077 0.5576923076923077 0.6153846153846154 0.5576923076923078
8 0.8221153846153846 0.4567307692307694 0.75 0.4567307692307694 0.75 0.5817307692307694 0.8221153846153846 0.5817307692307694
2 0.3028846153846155 0.47836538461538464 0.19471153846153852 0.47836538461538464 0.19471153846153852 0.6225961538461539 0.3028846153846155 0.6225961538461539
4 0.4687500000000001 0.6850961538461539 0.36057692307692324 0.6850961538461539 0.36057692307692324 0.8197115384615384 0.4687500000000001 0.8197115384615384
4 0.34855769230769246 0.6754807692307693 0.23317307692307698 0.6754807692307693 0.23317307692307704 0.84375 0.34855769230769246 0.84375
4 0.49759615384615397 0.8100961538461539 0.36538461538461553 0.8100961538461539 0.36538461538461553 0.9951923076923077 0.49759615384615397 0.9951923076923077