8 0.19951923076923084 0.3293269230769231 0.1418269230769231 0.3293269230769231 0.14182692307692313 0.43509615384615385 0.19951923076923084 0.43509615384615385
8 0.6923076923076923 0.43509615384615397 0.6418269230769231 0.43509615384615397 0.6418269230769231 0.528846153846154 0.6923076923076923 0.528846153846154
2 0.5889423076923077 0.48557692307692313 0.5504807692307693 0.4855769230769231 0.5504807692307693 0.545673076923077 0.5889423076923077 0.5456730769230771
2 0.21153846153846162 0.49278846153846156 0.17067307692307698 0.49278846153846156 0.17067307692307698 0.5480769230769231 0.21153846153846162 0.5480769230769231
4 0.5384615384615384 0.49759615384615385 0.5048076923076923 0.49759615384615385 0.5048076923076923 0.5504807692307693 0.5384615384615384 0.5504807692307693
8 0.6682692307692307 0.49038461538461553 0.6105769230769231 0.49038461538461553 0.6105769230769231 0.6129807692307694 0.6682692307692307 0.6129807692307694
2 0.07451923076923084 0.5072115384615384 0.012019230769230834 0.5072115384615384 0.01201923076923084 0.6105769230769231 0.07451923076923084 0.6105769230769231
2 0.14182692307692316 0.5408653846153846 0.0865384615384616 0.5408653846153846 0.0865384615384616 0.6177884615384616 0.14182692307692316 0.6177884615384616
2 0.5432692307692308 0.5456730769230769 0.5 0.5456730769230769 0.5000000000000001 0.6538461538461539 0.543269230769231 0.6538461538461539
2 0.6225961538461539 0.5889423076923078 0.574519230769231 0.5889423076923078 0.574519230769231 0.6658653846153846 0.6225961538461539 0.6658653846153846
2 0.5673076923076924 0.6129807692307693 0.5192307692307694 0.6129807692307693 0.5192307692307694 0.6802884615384616 0.5673076923076924 0.6802884615384616
4 0.5697115384615385 0.6658653846153846 0.5192307692307694 0.6658653846153846 0.5192307692307694 0.7355769230769231 0.5697115384615385 0.7355769230769231
2 0.7115384615384616 0.6802884615384616 0.65625 0.6802884615384616 0.65625 0.7716346153846154 0.7115384615384616 0.7716346153846154
2 0.6947115384615384 0.7355769230769231 0.6298076923076923 0.7355769230769231 0.6298076923076923 0.8365384615384616 0.6947115384615384 0.8365384615384616
2 0.9038461538461539 0.7091346153846154 0.8221153846153846 0.7091346153846154 0.8221153846153846 0.8846153846153846 0.9038461538461539 0.8846153846153846
2 0.591346153846154 0.7548076923076923 0.528846153846154 0.7548076923076923 0.528846153846154 0.8725961538461539 0.591346153846154 0.8725961538461539