4 0.3942307692307692 0.38221153846153844 0.3557692307692308 0.38221153846153844 0.3557692307692308 0.4519230769230769 0.3942307692307692 0.4519230769230769
2 0.2740384615384616 0.39663461538461536 0.22596153846153852 0.39663461538461536 0.22596153846153852 0.4735576923076923 0.2740384615384616 0.4735576923076923
8 0.3774038461538462 0.37740384615384615 0.2836538461538462 0.37740384615384615 0.2836538461538462 0.5625 0.3774038461538463 0.5625
4 0.06971153846153852 0.45913461538461536 0.021634615384615443 0.45913461538461536 0.021634615384615443 0.5120192307692307 0.06971153846153853 0.5120192307692307
4 0.28125000000000006 0.47115384615384615 0.2379807692307693 0.47115384615384615 0.2379807692307693 0.5408653846153846 0.28125000000000006 0.5408653846153846
2 0.47596153846153855 0.4519230769230769 0.41346153846153844 0.4519230769230769 0.41346153846153855 0.5673076923076923 0.4759615384615386 0.5673076923076923
5 0.30769230769230776 0.5216346153846154 0.2524038461538462 0.5216346153846154 0.2524038461538462 0.5985576923076923 0.3076923076923078 0.5985576923076923
4 0.34855769230769246 0.5817307692307693 0.295673076923077 0.5817307692307693 0.295673076923077 0.6754807692307693 0.34855769230769246 0.6754807692307693
2 0.574519230769231 0.6105769230769231 0.4807692307692309 0.6105769230769231 0.4807692307692309 0.7379807692307693 0.574519230769231 0.7379807692307693
2 0.46634615384615397 0.6394230769230769 0.3677884615384617 0.6394230769230769 0.3677884615384617 0.78125 0.46634615384615397 0.78125
4 0.6658653846153846 0.8581730769230769 0.5312500000000001 0.8581730769230769 0.5312500000000001 1 0.6658653846153846 1