9 0.7019230769230769 0.2379807692307693 0.6658653846153846 0.2379807692307693 0.6658653846153846 0.29807692307692313 0.7019230769230769 0.29807692307692313
2 0.5408653846153846 0.25000000000000006 0.5024038461538461 0.25000000000000006 0.5024038461538461 0.31971153846153844 0.5408653846153846 0.31971153846153844
4 0.5985576923076923 0.26201923076923084 0.5721153846153846 0.26201923076923084 0.5721153846153846 0.3076923076923078 0.5985576923076923 0.3076923076923078
2 0.7932692307692307 0.2524038461538462 0.7548076923076923 0.2524038461538462 0.7548076923076923 0.32692307692307704 0.7932692307692307 0.32692307692307704
8 0.4831730769230769 0.23317307692307698 0.3629807692307692 0.23317307692307698 0.3629807692307692 0.3701923076923077 0.4831730769230769 0.3701923076923077
4 0.7115384615384616 0.36538461538461553 0.6658653846153846 0.36538461538461553 0.6658653846153846 0.43509615384615397 0.7115384615384616 0.43509615384615397
4 0.6370192307692307 0.36538461538461553 0.59375 0.36538461538461553 0.59375 0.43509615384615397 0.6370192307692307 0.43509615384615397
4 0.5913461538461539 0.37019230769230776 0.5432692307692307 0.3701923076923077 0.5432692307692307 0.4423076923076924 0.5913461538461539 0.44230769230769246
9 0.35096153846153844 0.4014423076923077 0.2788461538461539 0.4014423076923077 0.2788461538461539 0.47115384615384615 0.35096153846153844 0.47115384615384615
4 0.4639423076923077 0.4110576923076923 0.41346153846153844 0.4110576923076923 0.41346153846153844 0.49278846153846156 0.4639423076923077 0.49278846153846156
4 0.6778846153846154 0.4302884615384617 0.6322115384615384 0.4302884615384617 0.6322115384615384 0.5048076923076924 0.6778846153846154 0.5048076923076924
4 0.1442307692307693 0.5120192307692307 0.06009615384615392 0.5120192307692307 0.06009615384615392 0.5889423076923077 0.1442307692307693 0.5889423076923077
5 0.5192307692307693 0.5120192307692307 0.44711538461538464 0.5120192307692307 0.4471153846153847 0.6370192307692307 0.5192307692307694 0.6370192307692307
2 0.19471153846153852 0.6081730769230769 0.07211538461538468 0.6081730769230769 0.07211538461538469 0.7163461538461539 0.19471153846153852 0.7163461538461539
4 0.49759615384615397 0.8389423076923077 0.36538461538461553 0.8389423076923077 0.36538461538461553 1 0.49759615384615397 1