4 0.14663461538461545 0.5649038461538461 0.10576923076923084 0.5649038461538461 0.10576923076923084 0.6153846153846154 0.14663461538461545 0.6153846153846154
8 0.08894230769230776 0.5576923076923077 0.024038461538461606 0.5576923076923077 0.024038461538461613 0.65625 0.08894230769230776 0.65625
2 0.4302884615384617 0.5817307692307693 0.3870192307692309 0.5817307692307693 0.3870192307692309 0.6706730769230769 0.4302884615384617 0.6706730769230769
2 0.3774038461538463 0.6081730769230769 0.33413461538461553 0.6081730769230769 0.33413461538461553 0.6754807692307693 0.3774038461538463 0.6754807692307693
5 0.3197115384615386 0.6274038461538461 0.2716346153846155 0.6274038461538461 0.2716346153846155 0.7043269230769231 0.3197115384615386 0.7043269230769231
4 0.45192307692307704 0.6442307692307693 0.4086538461538463 0.6442307692307693 0.4086538461538463 0.7211538461538461 0.45192307692307704 0.7211538461538461
2 0.3942307692307694 0.6538461538461539 0.3509615384615386 0.6538461538461539 0.3509615384615386 0.7259615384615384 0.3942307692307694 0.7259615384615384
8 0.6538461538461539 0.5649038461538463 0.4759615384615386 0.5649038461538461 0.4759615384615386 0.8774038461538461 0.6538461538461539 0.8774038461538461
2 0.3365384615384617 0.6971153846153846 0.2836538461538462 0.6971153846153846 0.2836538461538462 0.7908653846153846 0.3365384615384617 0.7908653846153846
4 0.42307692307692324 0.7115384615384616 0.37259615384615397 0.7115384615384616 0.37259615384615397 0.7980769230769231 0.42307692307692324 0.7980769230769231
4 0.512019230769231 0.7139423076923077 0.4495192307692309 0.7139423076923077 0.4495192307692309 0.8197115384615384 0.512019230769231 0.8197115384615384
2 0.37259615384615397 0.7836538461538461 0.29807692307692313 0.7836538461538461 0.2980769230769232 0.9254807692307693 0.37259615384615397 0.9254807692307693
2 0.48317307692307704 0.7836538461538461 0.3990384615384617 0.7836538461538461 0.3990384615384617 0.9375 0.48317307692307704 0.9375