2 0.25721153846153855 0.5817307692307693 0.19471153846153852 0.5817307692307693 0.19471153846153852 0.7259615384615384 0.25721153846153855 0.7259615384615384
2 0.3461538461538463 0.6105769230769231 0.27644230769230776 0.6105769230769231 0.27644230769230776 0.7548076923076923 0.3461538461538463 0.7548076923076923
4 0.7067307692307693 0.6538461538461539 0.6514423076923077 0.6538461538461539 0.6514423076923077 0.7331730769230769 0.7067307692307693 0.7331730769230769
2 0.78125 0.6201923076923077 0.7067307692307693 0.6201923076923077 0.7067307692307693 0.7956730769230769 0.78125 0.7956730769230769
4 0.20432692307692316 0.6730769230769231 0.12980769230769237 0.6730769230769231 0.1298076923076924 0.7524038461538461 0.20432692307692316 0.7524038461538461
4 0.43509615384615397 0.6923076923076923 0.3677884615384617 0.6923076923076923 0.3677884615384617 0.7764423076923077 0.43509615384615397 0.7764423076923077
4 0.6610576923076923 0.6947115384615384 0.5817307692307694 0.6947115384615384 0.5817307692307694 0.7884615384615384 0.6610576923076923 0.7884615384615384
2 0.16346153846153852 0.7067307692307693 0.07932692307692318 0.7067307692307693 0.07932692307692318 0.8293269230769231 0.16346153846153852 0.8293269230769231
4 0.3365384615384617 0.7644230769230769 0.2548076923076924 0.7644230769230769 0.2548076923076924 0.8653846153846154 0.3365384615384617 0.8653846153846154
4 0.71875 0.7836538461538461 0.6394230769230769 0.7836538461538461 0.6394230769230769 0.9038461538461539 0.71875 0.9038461538461539
4 0.8461538461538461 0.7908653846153846 0.7644230769230769 0.7908653846153846 0.7644230769230769 0.9134615384615384 0.8461538461538461 0.9134615384615384
9 0.6153846153846154 0.7884615384615384 0.5168269230769232 0.7884615384615384 0.5168269230769232 0.9639423076923077 0.6153846153846154 0.9639423076923077
4 0.26442307692307704 0.8341346153846154 0.17307692307692316 0.8341346153846154 0.17307692307692318 0.9471153846153846 0.26442307692307704 0.9471153846153846
4 0.1370192307692309 0.8581730769230769 0.03846153846153856 0.8581730769230769 0.038461538461538575 0.9783653846153846 0.1370192307692309 0.9783653846153846
2 0.4879807692307694 0.8774038461538461 0.39182692307692324 0.8774038461538461 0.39182692307692324 1 0.4879807692307694 1