2 0.5769230769230769 0.4254807692307693 0.5384615384615384 0.4254807692307692 0.5384615384615384 0.5120192307692308 0.5769230769230769 0.512019230769231
8 0.7596153846153846 0.42067307692307704 0.7091346153846154 0.42067307692307704 0.7091346153846154 0.528846153846154 0.7596153846153846 0.528846153846154
2 0.6394230769230769 0.4615384615384617 0.6057692307692307 0.4615384615384617 0.6057692307692307 0.5168269230769232 0.6394230769230769 0.5168269230769232
9 0.4495192307692308 0.4951923076923077 0.4110576923076923 0.4951923076923077 0.4110576923076923 0.5576923076923077 0.4495192307692308 0.5576923076923077
4 0.17307692307692316 0.5264423076923077 0.13701923076923084 0.5264423076923077 0.13701923076923084 0.5817307692307693 0.17307692307692316 0.5817307692307693
8 0.7019230769230769 0.560096153846154 0.6418269230769231 0.560096153846154 0.6418269230769231 0.6538461538461539 0.7019230769230769 0.6538461538461539
8 0.17067307692307698 0.5985576923076923 0.076923076923077 0.5985576923076923 0.07692307692307701 0.7524038461538461 0.17067307692307698 0.7524038461538461
4 0.6225961538461539 0.6875 0.5793269230769232 0.6875 0.5793269230769232 0.7716346153846154 0.6225961538461539 0.7716346153846154
4 0.9038461538461539 0.6923076923076923 0.8389423076923077 0.6923076923076923 0.8389423076923077 0.7860576923076923 0.9038461538461539 0.7860576923076923
2 0.35336538461538475 0.7211538461538461 0.3004807692307693 0.7211538461538461 0.3004807692307693 0.8125 0.35336538461538475 0.8125
2 0.6971153846153846 0.7091346153846154 0.6394230769230769 0.7091346153846154 0.6394230769230769 0.8317307692307693 0.6971153846153846 0.8317307692307693
4 0.9807692307692307 0.7379807692307693 0.9182692307692307 0.7379807692307693 0.9182692307692307 0.8245192307692307 0.9807692307692307 0.8245192307692307
4 0.6610576923076923 0.875 0.6033653846153848 0.875 0.6033653846153848 0.9975961538461539 0.6610576923076923 0.9975961538461539