4 0.7620192307692307 0.46634615384615397 0.6923076923076923 0.46634615384615397 0.6923076923076923 0.5384615384615385 0.7620192307692307 0.5384615384615385
8 0.5673076923076924 0.4254807692307693 0.43990384615384615 0.4254807692307692 0.4399038461538462 0.6057692307692308 0.5673076923076924 0.605769230769231
8 0.31971153846153855 0.47115384615384615 0.24519230769230776 0.47115384615384615 0.24519230769230776 0.5841346153846154 0.3197115384615386 0.5841346153846154
4 0.6875 0.4807692307692309 0.6129807692307693 0.4807692307692309 0.6129807692307693 0.5721153846153848 0.6875 0.5721153846153848
4 0.389423076923077 0.5120192307692307 0.3245192307692308 0.5120192307692307 0.32451923076923084 0.5769230769230769 0.38942307692307704 0.5769230769230769
2 0.5192307692307693 0.5168269230769231 0.4495192307692308 0.5168269230769231 0.44951923076923084 0.6346153846153846 0.5192307692307694 0.6346153846153846
8 0.48317307692307704 0.5721153846153846 0.39663461538461553 0.5721153846153846 0.39663461538461553 0.7091346153846154 0.48317307692307704 0.7091346153846154
2 0.6754807692307693 0.5937500000000001 0.5769230769230771 0.5937500000000001 0.5769230769230771 0.7043269230769231 0.6754807692307693 0.7043269230769231
5 0.6322115384615384 0.6538461538461539 0.528846153846154 0.6538461538461539 0.528846153846154 0.7644230769230769 0.6322115384615384 0.7644230769230769
4 0.42788461538461553 0.6658653846153846 0.3389423076923078 0.6658653846153846 0.3389423076923078 0.8052884615384616 0.42788461538461553 0.8052884615384616
2 0.9350961538461539 0.7596153846153846 0.7572115384615384 0.7596153846153846 0.7572115384615384 0.9567307692307693 0.9350961538461539 0.9567307692307693
4 0.6706730769230769 0.8317307692307693 0.5528846153846155 0.8317307692307693 0.5528846153846155 0.9879807692307693 0.6706730769230769 0.9879807692307693