2 0.4182692307692308 0.32211538461538464 0.38461538461538464 0.32211538461538464 0.38461538461538464 0.36778846153846156 0.4182692307692308 0.36778846153846156
2 0.4855769230769231 0.3389423076923077 0.44471153846153844 0.3389423076923077 0.44471153846153844 0.3918269230769231 0.4855769230769231 0.3918269230769231
2 0.6634615384615384 0.34134615384615397 0.6009615384615384 0.34134615384615397 0.6009615384615384 0.4326923076923078 0.6634615384615384 0.4326923076923078
2 0.3894230769230769 0.36778846153846156 0.34615384615384615 0.36778846153846156 0.34615384615384615 0.4206730769230769 0.3894230769230769 0.4206730769230769
9 0.28846153846153855 0.36538461538461536 0.2475961538461539 0.36538461538461536 0.2475961538461539 0.4326923076923077 0.28846153846153855 0.4326923076923077
8 0.26682692307692313 0.37740384615384615 0.2163461538461539 0.37740384615384615 0.2163461538461539 0.4807692307692308 0.26682692307692313 0.4807692307692308
5 0.37259615384615385 0.40625 0.3173076923076923 0.40625 0.3173076923076923 0.4735576923076923 0.37259615384615385 0.4735576923076923
2 0.6971153846153846 0.4326923076923078 0.6177884615384616 0.4326923076923078 0.6177884615384616 0.5240384615384617 0.6971153846153846 0.5240384615384617
2 1 0.49759615384615397 0.8966346153846154 0.49759615384615397 0.8966346153846154 0.6850961538461539 1 0.6850961538461539
2 0.8942307692307693 0.4951923076923078 0.7475961538461539 0.4951923076923078 0.7475961538461539 0.7019230769230769 0.8942307692307693 0.7019230769230769
2 0.4927884615384617 0.6370192307692307 0.38461538461538475 0.6370192307692307 0.38461538461538475 0.78125 0.4927884615384617 0.78125
9 0.8701923076923077 0.7355769230769231 0.6923076923076923 0.7355769230769231 0.6923076923076923 0.9375 0.8701923076923077 0.9375