2 0.4134615384615386 0.5625 0.3701923076923078 0.5625 0.3701923076923078 0.6322115384615384 0.4134615384615386 0.6322115384615384
8 0.5096153846153847 0.5096153846153846 0.4110576923076923 0.5096153846153846 0.4110576923076924 0.6850961538461539 0.5096153846153848 0.6850961538461539
2 0.3052884615384616 0.5769230769230769 0.264423076923077 0.5769230769230769 0.264423076923077 0.6394230769230769 0.3052884615384616 0.6394230769230769
2 0.37259615384615397 0.6033653846153846 0.33413461538461553 0.6033653846153846 0.33413461538461553 0.6706730769230769 0.37259615384615397 0.6706730769230769
4 0.4326923076923078 0.6153846153846154 0.38942307692307704 0.6153846153846154 0.38942307692307704 0.6826923076923077 0.4326923076923078 0.6826923076923077
2 0.3149038461538463 0.6418269230769231 0.2716346153846155 0.6418269230769231 0.2716346153846155 0.7211538461538461 0.3149038461538463 0.7211538461538461
2 0.39182692307692324 0.6466346153846154 0.3461538461538463 0.6466346153846154 0.3461538461538463 0.7307692307692307 0.39182692307692324 0.7307692307692307
4 0.4711538461538463 0.6658653846153846 0.42067307692307704 0.6658653846153846 0.42067307692307704 0.7572115384615384 0.4711538461538463 0.7572115384615384
4 0.4182692307692309 0.7019230769230769 0.36538461538461553 0.7019230769230769 0.36538461538461553 0.7788461538461539 0.4182692307692309 0.7788461538461539
2 0.34855769230769246 0.7043269230769231 0.2860576923076924 0.7043269230769231 0.2860576923076924 0.8100961538461539 0.34855769230769246 0.8100961538461539
2 0.08653846153846165 0.7283653846153846 8.919903368789615e-17 0.7283653846153846 9.758904180705471e-17 0.8653846153846154 0.08653846153846165 0.8653846153846154
2 0.45913461538461553 0.7620192307692307 0.38942307692307704 0.7620192307692307 0.38942307692307704 0.8918269230769231 0.45913461538461553 0.8918269230769231
2 0.5793269230769232 0.7836538461538461 0.4927884615384617 0.7836538461538461 0.4927884615384617 0.9278846153846154 0.5793269230769232 0.9278846153846154
2 0.5312500000000001 0.8629807692307693 0.4302884615384617 0.8629807692307693 0.4302884615384617 1 0.5312500000000001 1