8 0.31490384615384615 0.22836538461538464 0.21875 0.2283653846153846 0.21875000000000003 0.4206730769230769 0.31490384615384615 0.4206730769230769
9 0.5048076923076923 0.31009615384615385 0.44471153846153844 0.31009615384615385 0.44471153846153844 0.40865384615384615 0.5048076923076923 0.40865384615384615
4 0.6875 0.3461538461538463 0.625 0.3461538461538463 0.625 0.44230769230769246 0.6875 0.44230769230769246
2 0.7884615384615384 0.3389423076923078 0.7211538461538461 0.3389423076923078 0.7211538461538461 0.46634615384615397 0.7884615384615384 0.46634615384615397
8 0.9639423076923077 0.3076923076923078 0.84375 0.3076923076923078 0.84375 0.5552884615384617 0.9639423076923077 0.5552884615384617
2 0.17788461538461545 0.40865384615384615 0.10817307692307696 0.40865384615384615 0.10817307692307697 0.5168269230769231 0.17788461538461545 0.5168269230769231
4 0.7259615384615384 0.43509615384615397 0.6466346153846154 0.43509615384615397 0.6466346153846154 0.5192307692307694 0.7259615384615384 0.5192307692307694
4 0.40865384615384615 0.43028846153846156 0.33413461538461536 0.43028846153846156 0.33413461538461536 0.5432692307692307 0.40865384615384615 0.5432692307692307
5 0.5264423076923077 0.47115384615384615 0.4423076923076923 0.47115384615384615 0.4423076923076924 0.5889423076923077 0.5264423076923078 0.5889423076923077
9 0.8533653846153846 0.4615384615384617 0.7740384615384616 0.4615384615384617 0.7740384615384616 0.6009615384615385 0.8533653846153846 0.6009615384615385
2 0.1346153846153847 0.5576923076923077 0.04567307692307699 0.5576923076923077 0.045673076923077 0.6778846153846154 0.1346153846153847 0.6778846153846154
4 0.8557692307692307 0.8269230769230769 0.7211538461538461 0.8269230769230769 0.7211538461538461 1 0.8557692307692307 1