8 0.40625000000000006 0.4423076923076923 0.34375 0.4423076923076923 0.34375000000000006 0.6105769230769231 0.4062500000000001 0.6105769230769231
5 0.5240384615384616 0.5408653846153846 0.4807692307692308 0.5408653846153846 0.48076923076923084 0.6105769230769231 0.5240384615384617 0.6105769230769231
2 0.6538461538461539 0.5456730769230771 0.6105769230769231 0.5456730769230771 0.6105769230769231 0.605769230769231 0.6538461538461539 0.605769230769231
9 0.4735576923076924 0.5408653846153846 0.43028846153846156 0.5408653846153846 0.4302884615384616 0.6153846153846154 0.47355769230769246 0.6153846153846154
4 0.32932692307692324 0.5769230769230769 0.2836538461538462 0.5769230769230769 0.2836538461538462 0.6370192307692307 0.32932692307692324 0.6370192307692307
2 0.543269230769231 0.6346153846153846 0.4927884615384617 0.6346153846153846 0.4927884615384617 0.7211538461538461 0.543269230769231 0.7211538461538461
2 0.6394230769230769 0.6538461538461539 0.5865384615384617 0.6538461538461539 0.5865384615384617 0.7355769230769231 0.6394230769230769 0.7355769230769231
2 0.8004807692307693 0.6538461538461539 0.7475961538461539 0.6538461538461539 0.7475961538461539 0.7355769230769231 0.8004807692307693 0.7355769230769231
8 0.5144230769230771 0.625 0.4134615384615386 0.625 0.4134615384615386 0.8317307692307693 0.5144230769230771 0.8317307692307693
4 0.5889423076923078 0.7211538461538461 0.5312500000000001 0.7211538461538461 0.5312500000000001 0.8052884615384616 0.5889423076923078 0.8052884615384616
2 0.29326923076923084 0.7235576923076923 0.2163461538461539 0.7235576923076923 0.2163461538461539 0.8125 0.29326923076923084 0.8125
4 0.7139423076923077 0.7379807692307693 0.6490384615384616 0.7379807692307693 0.6490384615384616 0.8269230769230769 0.7139423076923077 0.8269230769230769
4 0.9903846153846154 0.7596153846153846 0.9350961538461539 0.7596153846153846 0.9350961538461539 0.8413461538461539 0.9903846153846154 0.8413461538461539
4 0.9519230769230769 0.7788461538461539 0.8918269230769231 0.7788461538461539 0.8918269230769231 0.875 0.9519230769230769 0.875
4 0.29567307692307704 0.8028846153846154 0.22596153846153852 0.8028846153846154 0.22596153846153857 0.8870192307692307 0.29567307692307704 0.8870192307692307
4 0.65625 0.8004807692307693 0.5793269230769232 0.8004807692307693 0.5793269230769232 0.8918269230769231 0.65625 0.8918269230769231
4 0.78125 0.8076923076923077 0.7043269230769231 0.8076923076923077 0.7043269230769231 0.9014423076923077 0.78125 0.9014423076923077