8 0.5264423076923077 0.2067307692307693 0.47115384615384615 0.2067307692307693 0.47115384615384615 0.2788461538461539 0.5264423076923077 0.2788461538461539
8 0.5769230769230769 0.2163461538461539 0.5408653846153846 0.2163461538461539 0.5408653846153846 0.28125000000000006 0.5769230769230769 0.28125000000000006
8 0.4206730769230769 0.23557692307692316 0.36538461538461536 0.23557692307692316 0.36538461538461536 0.32211538461538464 0.4206730769230769 0.32211538461538464
8 0.5072115384615384 0.2692307692307693 0.45913461538461536 0.2692307692307693 0.45913461538461536 0.3245192307692308 0.5072115384615384 0.3245192307692308
2 0.7908653846153846 0.3052884615384616 0.7548076923076923 0.3052884615384616 0.7548076923076923 0.3509615384615386 0.7908653846153846 0.3509615384615386
4 0.5913461538461539 0.30769230769230776 0.5552884615384616 0.3076923076923077 0.5552884615384616 0.35096153846153855 0.5913461538461539 0.3509615384615386
4 0.6899038461538461 0.3028846153846155 0.6586538461538461 0.3028846153846155 0.6586538461538461 0.3557692307692309 0.6899038461538461 0.3557692307692309
8 0.26682692307692313 0.2980769230769231 0.18028846153846162 0.2980769230769231 0.18028846153846162 0.40865384615384615 0.26682692307692313 0.40865384615384615
8 0.3605769230769231 0.295673076923077 0.2836538461538462 0.295673076923077 0.2836538461538462 0.4206730769230769 0.3605769230769231 0.4206730769230769
4 0.7740384615384616 0.34855769230769246 0.7355769230769231 0.34855769230769246 0.7355769230769231 0.39182692307692324 0.7740384615384616 0.39182692307692324
4 0.7139423076923077 0.3461538461538463 0.6754807692307693 0.3461538461538463 0.6754807692307693 0.3990384615384617 0.7139423076923077 0.3990384615384617
4 0.6370192307692307 0.3677884615384617 0.59375 0.3677884615384617 0.59375 0.43509615384615397 0.6370192307692307 0.43509615384615397
4 0.6899038461538461 0.37980769230769246 0.6442307692307693 0.37980769230769246 0.6442307692307693 0.44711538461538475 0.6899038461538461 0.44711538461538475
8 0.25721153846153855 0.36538461538461536 0.16826923076923084 0.36538461538461536 0.16826923076923084 0.46875 0.25721153846153855 0.46875
2 0.6009615384615384 0.38221153846153855 0.5528846153846154 0.38221153846153844 0.5528846153846154 0.4783653846153847 0.6009615384615384 0.47836538461538475
8 0.7980769230769231 0.4086538461538463 0.7331730769230769 0.4086538461538463 0.7331730769230769 0.5456730769230771 0.7980769230769231 0.5456730769230771
4 0.5336538461538461 0.4831730769230769 0.47836538461538464 0.4831730769230769 0.47836538461538464 0.5504807692307693 0.5336538461538461 0.5504807692307693
4 0.46634615384615397 0.6826923076923077 0.38461538461538475 0.6826923076923077 0.38461538461538475 0.7980769230769231 0.46634615384615397 0.7980769230769231