8 0.21153846153846162 0.42788461538461536 0.14182692307692316 0.42788461538461536 0.14182692307692316 0.5264423076923077 0.21153846153846162 0.5264423076923077
8 0.2908653846153847 0.4254807692307692 0.22596153846153852 0.4254807692307692 0.22596153846153852 0.5384615384615384 0.2908653846153847 0.5384615384615384
8 0.12259615384615391 0.4735576923076923 0.04807692307692313 0.4735576923076923 0.048076923076923135 0.6057692307692307 0.12259615384615391 0.6057692307692307
2 0.2860576923076924 0.5264423076923077 0.23557692307692316 0.5264423076923077 0.23557692307692316 0.6009615384615384 0.2860576923076924 0.6009615384615384
8 0.6177884615384616 0.483173076923077 0.5384615384615384 0.4831730769230769 0.5384615384615385 0.6778846153846154 0.6177884615384616 0.6778846153846154
2 0.08894230769230776 0.5721153846153846 0.03125000000000007 0.5721153846153846 0.031250000000000076 0.6875 0.08894230769230776 0.6875
4 0.512019230769231 0.6490384615384616 0.45432692307692324 0.6490384615384616 0.45432692307692324 0.7451923076923077 0.512019230769231 0.7451923076923077
2 0.28846153846153855 0.6826923076923077 0.22355769230769237 0.6826923076923077 0.22355769230769237 0.7884615384615384 0.28846153846153855 0.7884615384615384
2 0.6514423076923077 0.6802884615384616 0.5793269230769232 0.6802884615384616 0.5793269230769232 0.7956730769230769 0.6514423076923077 0.7956730769230769
5 0.9086538461538461 0.6850961538461539 0.8317307692307693 0.6850961538461539 0.8317307692307693 0.8052884615384616 0.9086538461538461 0.8052884615384616
2 0.5769230769230771 0.7115384615384616 0.5024038461538463 0.7115384615384616 0.5024038461538463 0.8197115384615384 0.5769230769230771 0.8197115384615384
4 0.15144230769230782 0.8894230769230769 0.05769230769230779 0.8894230769230769 0.05769230769230781 1 0.15144230769230782 1