8 0.38701923076923084 0.5144230769230769 0.31971153846153844 0.5144230769230769 0.31971153846153855 0.6105769230769231 0.3870192307692309 0.6105769230769231
9 0.4759615384615386 0.5600961538461539 0.4254807692307694 0.5600961538461539 0.4254807692307694 0.6418269230769231 0.4759615384615386 0.6418269230769231
4 0.5072115384615385 0.6033653846153846 0.45432692307692324 0.6033653846153846 0.45432692307692324 0.6538461538461539 0.5072115384615385 0.6538461538461539
2 0.2908653846153847 0.6009615384615384 0.22596153846153852 0.6009615384615384 0.22596153846153852 0.6850961538461539 0.2908653846153847 0.6850961538461539
9 0.5721153846153848 0.6009615384615385 0.5168269230769232 0.6009615384615384 0.5168269230769232 0.6947115384615384 0.5721153846153848 0.6947115384615384
4 0.6706730769230769 0.65625 0.6153846153846154 0.65625 0.6153846153846154 0.7331730769230769 0.6706730769230769 0.7331730769230769
1 0.8173076923076923 0.6706730769230769 0.7956730769230769 0.6706730769230769 0.7956730769230769 0.7644230769230769 0.8173076923076923 0.7644230769230769
4 0.11778846153846162 0.6923076923076923 0.03846153846153855 0.6923076923076923 0.03846153846153855 0.7596153846153846 0.11778846153846165 0.7596153846153846
9 0.2596153846153847 0.7091346153846154 0.18990384615384623 0.7091346153846154 0.18990384615384623 0.7932692307692307 0.2596153846153847 0.7932692307692307
5 0.32692307692307704 0.7211538461538461 0.2475961538461539 0.7211538461538461 0.2475961538461539 0.8052884615384616 0.32692307692307704 0.8052884615384616
4 0.7956730769230769 0.7788461538461539 0.7235576923076923 0.7788461538461539 0.7235576923076923 0.8942307692307693 0.7956730769230769 0.8942307692307693
4 0.4182692307692309 0.8245192307692307 0.3365384615384617 0.8245192307692307 0.3365384615384617 0.9302884615384616 0.4182692307692309 0.9302884615384616