4 0.7091346153846154 0.4086538461538463 0.6538461538461539 0.4086538461538463 0.6538461538461539 0.4807692307692309 0.7091346153846154 0.4807692307692309
8 0.8341346153846154 0.4182692307692309 0.7764423076923077 0.4182692307692309 0.7764423076923077 0.5096153846153848 0.8341346153846154 0.5096153846153848
2 0.41346153846153844 0.4206730769230769 0.3076923076923077 0.4206730769230769 0.3076923076923077 0.5264423076923077 0.41346153846153844 0.5264423076923077
2 0.7475961538461539 0.41105769230769246 0.6754807692307693 0.41105769230769246 0.6754807692307693 0.5576923076923078 0.7475961538461539 0.5576923076923078
4 0.5817307692307693 0.4567307692307693 0.5048076923076923 0.4567307692307692 0.5048076923076923 0.5408653846153847 0.5817307692307693 0.5408653846153848
5 0.4591346153846155 0.5360576923076923 0.3557692307692308 0.5360576923076923 0.35576923076923084 0.6971153846153846 0.45913461538461553 0.6971153846153846
4 0.5480769230769232 0.5673076923076923 0.45432692307692324 0.5673076923076923 0.45432692307692324 0.6947115384615384 0.5480769230769232 0.6947115384615384
4 0.18269230769230776 0.6105769230769231 0.03846153846153853 0.6105769230769231 0.03846153846153854 0.7355769230769231 0.18269230769230776 0.7355769230769231
2 0.6033653846153848 0.608173076923077 0.47836538461538475 0.6081730769230769 0.47836538461538475 0.8365384615384616 0.6033653846153848 0.8365384615384616
5 0.6947115384615384 0.6754807692307693 0.5697115384615385 0.6754807692307693 0.5697115384615385 0.9110576923076923 0.6947115384615384 0.9110576923076923
0 0.32211538461538475 0.7235576923076923 8.861026118830609e-17 0.7235576923076923 1.0539027742662319e-16 0.9975961538461539 0.32211538461538475 0.9975961538461539