5 0.4086538461538462 0.5336538461538461 0.3557692307692308 0.5336538461538461 0.35576923076923084 0.6081730769230769 0.4086538461538463 0.6081730769230769
9 0.2524038461538462 0.5288461538461539 0.19951923076923084 0.5288461538461539 0.19951923076923084 0.6201923076923077 0.2524038461538462 0.6201923076923077
2 0.5072115384615385 0.5625 0.4567307692307694 0.5625 0.4567307692307694 0.6754807692307693 0.5072115384615385 0.6754807692307693
2 0.2475961538461539 0.5841346153846154 0.19471153846153852 0.5841346153846154 0.19471153846153852 0.6634615384615384 0.2475961538461539 0.6634615384615384
4 0.5697115384615385 0.6057692307692308 0.5240384615384617 0.6057692307692307 0.5240384615384617 0.6754807692307693 0.5697115384615385 0.6754807692307693
4 0.560096153846154 0.6586538461538461 0.49759615384615397 0.6586538461538461 0.49759615384615397 0.75 0.560096153846154 0.75
8 0.4062500000000001 0.6322115384615384 0.32211538461538475 0.6322115384615384 0.32211538461538475 0.78125 0.4062500000000001 0.78125
8 0.3245192307692309 0.6153846153846154 0.22596153846153852 0.6153846153846154 0.22596153846153857 0.8533653846153846 0.3245192307692309 0.8533653846153846
2 0.6490384615384616 0.7067307692307693 0.5817307692307694 0.7067307692307693 0.5817307692307694 0.8485576923076923 0.6490384615384616 0.8485576923076923
4 0.4951923076923078 0.7475961538461539 0.4302884615384617 0.7475961538461539 0.4302884615384617 0.8245192307692307 0.4951923076923078 0.8245192307692307
5 0.31730769230769246 0.8076923076923077 0.2379807692307693 0.8076923076923077 0.23798076923076933 0.9182692307692307 0.31730769230769246 0.9182692307692307
4 0.6850961538461539 0.8317307692307693 0.6033653846153848 0.8317307692307693 0.6033653846153848 0.9350961538461539 0.6850961538461539 0.9350961538461539
4 0.5769230769230771 0.8461538461538461 0.48557692307692324 0.8461538461538461 0.48557692307692324 0.9471153846153846 0.5769230769230771 0.9471153846153846
2 0.8509615384615384 0.8629807692307693 0.7596153846153846 0.8629807692307693 0.7596153846153846 0.9711538461538461 0.8509615384615384 0.9711538461538461