2 0.4855769230769231 0.26201923076923084 0.4543269230769231 0.26201923076923084 0.4543269230769231 0.3052884615384616 0.4855769230769231 0.3052884615384616
4 0.7091346153846154 0.2716346153846155 0.6802884615384616 0.2716346153846155 0.6802884615384616 0.3149038461538463 0.7091346153846154 0.3149038461538463
4 0.7475961538461539 0.2716346153846155 0.7163461538461539 0.2716346153846155 0.7163461538461539 0.32692307692307704 0.7475961538461539 0.32692307692307704
2 0.5721153846153846 0.2836538461538462 0.5336538461538461 0.2836538461538462 0.5336538461538461 0.33894230769230776 0.5721153846153846 0.3389423076923078
5 0.41346153846153844 0.3004807692307693 0.37259615384615385 0.3004807692307693 0.37259615384615385 0.34375 0.41346153846153844 0.34375
1 0.7836538461538461 0.31730769230769246 0.7692307692307693 0.31730769230769246 0.7692307692307693 0.36538461538461553 0.7836538461538461 0.36538461538461553
2 0.43990384615384615 0.3317307692307692 0.38461538461538464 0.3317307692307692 0.38461538461538464 0.3942307692307692 0.43990384615384615 0.3942307692307692
5 0.5408653846153846 0.33653846153846156 0.49278846153846156 0.33653846153846156 0.49278846153846156 0.4014423076923077 0.5408653846153846 0.4014423076923077
4 0.625 0.37980769230769246 0.5817307692307693 0.37980769230769246 0.5817307692307693 0.45432692307692324 0.625 0.45432692307692324
8 0.7740384615384616 0.35336538461538475 0.7259615384615384 0.35336538461538475 0.7259615384615384 0.4927884615384617 0.7740384615384616 0.4927884615384617
4 0.3581730769230769 0.4254807692307692 0.295673076923077 0.4254807692307692 0.295673076923077 0.4855769230769231 0.3581730769230769 0.4855769230769231
4 0.2596153846153847 0.5024038461538461 0.19230769230769237 0.5024038461538461 0.19230769230769237 0.5721153846153846 0.2596153846153847 0.5721153846153846
4 0.6682692307692307 0.4951923076923078 0.6153846153846154 0.4951923076923078 0.6153846153846154 0.6009615384615385 0.6682692307692307 0.6009615384615385
2 0.3149038461538463 0.5625 0.20913461538461545 0.5625 0.20913461538461545 0.6586538461538461 0.3149038461538463 0.6586538461538461
4 0.7043269230769231 0.6322115384615384 0.6394230769230769 0.6322115384615384 0.6394230769230769 0.7980769230769231 0.7043269230769231 0.7980769230769231
4 0.3870192307692309 0.8894230769230769 0.25961538461538475 0.8894230769230769 0.25961538461538475 1 0.3870192307692309 1