8 0.38221153846153844 0.36538461538461536 0.26682692307692313 0.36538461538461536 0.26682692307692313 0.49278846153846156 0.38221153846153844 0.49278846153846156
2 0.45913461538461536 0.39903846153846156 0.39903846153846156 0.39903846153846156 0.39903846153846156 0.46634615384615385 0.45913461538461536 0.46634615384615385
8 0.9014423076923077 0.37259615384615397 0.8317307692307693 0.37259615384615397 0.8317307692307693 0.5024038461538463 0.9014423076923077 0.5024038461538463
5 0.6947115384615384 0.3990384615384617 0.6490384615384616 0.3990384615384617 0.6490384615384616 0.4759615384615386 0.6947115384615384 0.4759615384615386
8 0.8221153846153846 0.36538461538461553 0.7572115384615384 0.36538461538461553 0.7572115384615384 0.512019230769231 0.8221153846153846 0.512019230769231
4 0.30769230769230776 0.4735576923076923 0.24038461538461545 0.4735576923076923 0.24038461538461545 0.5625 0.3076923076923078 0.5625
4 0.6009615384615385 0.5024038461538463 0.5336538461538461 0.5024038461538461 0.5336538461538463 0.6057692307692308 0.6009615384615385 0.605769230769231
4 0.7644230769230769 0.528846153846154 0.7019230769230769 0.528846153846154 0.7019230769230769 0.6322115384615384 0.7644230769230769 0.6322115384615384
4 0.1177884615384616 0.5913461538461539 0.012019230769230841 0.5913461538461539 0.012019230769230846 0.6682692307692307 0.1177884615384616 0.6682692307692307
4 0.17307692307692316 0.6057692307692307 0.06009615384615392 0.6057692307692307 0.060096153846153924 0.7211538461538461 0.17307692307692316 0.7211538461538461
2 0.6826923076923077 0.6418269230769231 0.574519230769231 0.6418269230769231 0.574519230769231 0.8605769230769231 0.6826923076923077 0.8605769230769231