4 0.12019230769230776 0.45913461538461536 0.07211538461538466 0.45913461538461536 0.07211538461538468 0.5264423076923077 0.12019230769230776 0.5264423076923077
9 0.6081730769230769 0.48317307692307704 0.5745192307692307 0.48317307692307704 0.5745192307692307 0.5384615384615385 0.6081730769230769 0.5384615384615385
2 0.5721153846153847 0.49519230769230776 0.5456730769230769 0.4951923076923077 0.545673076923077 0.5649038461538463 0.5721153846153848 0.5649038461538463
2 0.40625000000000006 0.49759615384615385 0.36778846153846156 0.49759615384615385 0.3677884615384616 0.5793269230769231 0.4062500000000001 0.5793269230769231
2 0.7620192307692307 0.5024038461538463 0.7211538461538461 0.5024038461538463 0.7211538461538461 0.6033653846153848 0.7620192307692307 0.6033653846153848
4 0.8461538461538461 0.5793269230769232 0.8028846153846154 0.5793269230769232 0.8028846153846154 0.6394230769230769 0.8461538461538461 0.6394230769230769
9 0.9326923076923077 0.5817307692307694 0.8677884615384616 0.5817307692307694 0.8677884615384616 0.6850961538461539 0.9326923076923077 0.6850961538461539
4 0.8557692307692307 0.6370192307692307 0.8004807692307693 0.6370192307692307 0.8004807692307693 0.7091346153846154 0.8557692307692307 0.7091346153846154
8 0.13221153846153855 0.5240384615384616 0.004807692307692372 0.5240384615384616 0.004807692307692391 0.8293269230769231 0.13221153846153857 0.8293269230769231
2 0.5769230769230771 0.608173076923077 0.5168269230769232 0.6081730769230769 0.5168269230769232 0.7524038461538461 0.5769230769230771 0.7524038461538461
4 0.7644230769230769 0.7403846153846154 0.6923076923076923 0.7403846153846154 0.6923076923076923 0.84375 0.7644230769230769 0.84375
2 0.8846153846153846 0.7716346153846154 0.7884615384615384 0.7716346153846154 0.7884615384615384 0.9038461538461539 0.8846153846153846 0.9038461538461539