8 0.6201923076923077 0.5120192307692308 0.5480769230769231 0.5120192307692307 0.5480769230769231 0.6826923076923077 0.6201923076923077 0.6826923076923077
2 0.4711538461538463 0.5721153846153846 0.4182692307692309 0.5721153846153846 0.4182692307692309 0.6466346153846154 0.4711538461538463 0.6466346153846154
2 0.5504807692307694 0.5817307692307693 0.49759615384615397 0.5817307692307693 0.49759615384615397 0.6899038461538461 0.5504807692307694 0.6899038461538461
8 0.7884615384615384 0.5673076923076924 0.6850961538461539 0.5673076923076924 0.6850961538461539 0.7740384615384616 0.7884615384615384 0.7740384615384616
2 0.21875000000000006 0.6322115384615384 0.16826923076923084 0.6322115384615384 0.16826923076923084 0.7451923076923077 0.21875000000000006 0.7451923076923077
5 0.31730769230769246 0.6490384615384616 0.26201923076923084 0.6490384615384616 0.26201923076923084 0.7283653846153846 0.31730769230769246 0.7283653846153846
4 0.5192307692307694 0.6610576923076923 0.46634615384615397 0.6610576923076923 0.46634615384615397 0.7475961538461539 0.5192307692307694 0.7475961538461539
2 0.1346153846153847 0.6466346153846154 0.0721153846153847 0.6466346153846154 0.0721153846153847 0.7884615384615384 0.13461538461538472 0.7884615384615384
4 0.35336538461538475 0.7740384615384616 0.29326923076923084 0.7740384615384616 0.2932692307692309 0.8605769230769231 0.35336538461538475 0.8605769230769231
2 0.2500000000000001 0.7572115384615384 0.18028846153846162 0.7572115384615384 0.18028846153846165 0.8966346153846154 0.2500000000000001 0.8966346153846154
2 0.7451923076923077 0.7692307692307693 0.6658653846153846 0.7692307692307693 0.6658653846153846 0.8966346153846154 0.7451923076923077 0.8966346153846154
8 0.96875 0.6947115384615384 0.8125 0.6947115384615384 0.8125 0.9711538461538461 0.96875 0.9711538461538461