1 0.49759615384615385 0.2740384615384616 0.47836538461538464 0.2740384615384616 0.47836538461538464 0.3076923076923077 0.49759615384615385 0.3076923076923077
9 0.5480769230769231 0.28846153846153855 0.5120192307692307 0.28846153846153855 0.5120192307692307 0.3293269230769231 0.5480769230769231 0.3293269230769231
4 0.6081730769230769 0.28846153846153855 0.5697115384615384 0.28846153846153855 0.5697115384615384 0.33413461538461553 0.6081730769230769 0.33413461538461553
1 0.4543269230769231 0.29807692307692313 0.43028846153846156 0.29807692307692313 0.43028846153846156 0.33653846153846156 0.4543269230769231 0.33653846153846156
4 0.4326923076923077 0.295673076923077 0.3894230769230769 0.295673076923077 0.3894230769230769 0.34375 0.4326923076923077 0.34375
5 0.6706730769230769 0.28846153846153855 0.6274038461538461 0.28846153846153855 0.6274038461538461 0.3509615384615386 0.6706730769230769 0.3509615384615386
4 0.5216346153846154 0.36778846153846156 0.47596153846153844 0.36778846153846156 0.47596153846153844 0.43028846153846156 0.5216346153846154 0.43028846153846156
4 0.3581730769230769 0.3918269230769231 0.3004807692307693 0.3918269230769231 0.3004807692307693 0.4567307692307692 0.3581730769230769 0.4567307692307692
2 0.4014423076923077 0.43028846153846156 0.3245192307692308 0.43028846153846156 0.3245192307692308 0.5120192307692307 0.4014423076923077 0.5120192307692307
4 0.24038461538461545 0.4543269230769231 0.17307692307692316 0.4543269230769231 0.17307692307692316 0.5144230769230769 0.24038461538461545 0.5144230769230769
9 0.625 0.4615384615384616 0.5504807692307693 0.46153846153846156 0.5504807692307693 0.5961538461538463 0.625 0.5961538461538463
2 0.5048076923076924 0.46153846153846156 0.4254807692307692 0.46153846153846156 0.4254807692307693 0.6057692307692307 0.5048076923076924 0.6057692307692307
1 0.0865384615384616 0.5288461538461539 0.04567307692307699 0.5288461538461539 0.04567307692307699 0.5913461538461539 0.0865384615384616 0.5913461538461539
4 0.36538461538461553 0.6274038461538461 0.264423076923077 0.6274038461538461 0.264423076923077 0.7548076923076923 0.36538461538461553 0.7548076923076923
2 0.7163461538461539 0.6442307692307693 0.6394230769230769 0.6442307692307693 0.6394230769230769 0.8100961538461539 0.7163461538461539 0.8100961538461539
2 0.44711538461538475 0.65625 0.3437500000000001 0.65625 0.3437500000000001 0.8052884615384616 0.44711538461538475 0.8052884615384616