2 0.4567307692307694 0.5625 0.4134615384615386 0.5625 0.4134615384615386 0.6346153846153846 0.4567307692307694 0.6346153846153846
4 0.4086538461538463 0.5865384615384616 0.3701923076923078 0.5865384615384616 0.3701923076923078 0.6490384615384616 0.4086538461538463 0.6490384615384616
2 0.5168269230769232 0.5913461538461539 0.4759615384615386 0.5913461538461539 0.4759615384615386 0.6634615384615384 0.5168269230769232 0.6634615384615384
2 0.37259615384615397 0.6009615384615384 0.32932692307692324 0.6009615384615384 0.32932692307692324 0.6658653846153846 0.37259615384615397 0.6658653846153846
2 0.3125000000000001 0.6129807692307693 0.264423076923077 0.6129807692307693 0.264423076923077 0.6826923076923077 0.3125000000000001 0.6826923076923077
2 0.45913461538461553 0.6442307692307693 0.4086538461538463 0.6442307692307693 0.4086538461538463 0.7235576923076923 0.45913461538461553 0.7235576923076923
2 0.39182692307692324 0.6490384615384616 0.3461538461538463 0.6490384615384616 0.3461538461538463 0.7331730769230769 0.39182692307692324 0.7331730769230769
2 0.5817307692307694 0.65625 0.5240384615384617 0.65625 0.5240384615384617 0.7355769230769231 0.5817307692307694 0.7355769230769231
4 0.17307692307692316 0.6754807692307693 0.12500000000000006 0.6754807692307693 0.12500000000000008 0.75 0.17307692307692316 0.75
2 0.3461538461538463 0.6802884615384616 0.2860576923076924 0.6802884615384616 0.2860576923076924 0.7788461538461539 0.3461538461538463 0.7788461538461539
2 0.5456730769230771 0.6875 0.48557692307692324 0.6875 0.48557692307692324 0.7716346153846154 0.5456730769230771 0.7716346153846154
4 0.5096153846153848 0.7307692307692307 0.45192307692307704 0.7307692307692307 0.45192307692307704 0.8341346153846154 0.5096153846153848 0.8341346153846154
2 0.4447115384615386 0.7379807692307693 0.3822115384615386 0.7379807692307693 0.3822115384615386 0.8677884615384616 0.4447115384615386 0.8677884615384616
8 0.7379807692307693 0.6899038461538461 0.5697115384615385 0.6899038461538461 0.5697115384615385 1 0.7379807692307693 1
2 0.6129807692307694 0.7908653846153846 0.5144230769230771 0.7908653846153846 0.5144230769230771 0.9783653846153846 0.6129807692307694 0.9783653846153846
2 0.5144230769230771 0.8293269230769231 0.42307692307692324 0.8293269230769231 0.42307692307692324 1 0.5144230769230771 1