8 0.8197115384615384 0.5841346153846155 0.7644230769230769 0.5841346153846155 0.7644230769230769 0.7163461538461539 0.8197115384615384 0.7163461538461539
8 0.3822115384615386 0.6129807692307693 0.32932692307692324 0.6129807692307693 0.32932692307692324 0.6923076923076923 0.3822115384615386 0.6923076923076923
8 0.9038461538461539 0.6177884615384616 0.8389423076923077 0.6177884615384616 0.8389423076923077 0.7548076923076923 0.9038461538461539 0.7548076923076923
5 0.3125000000000001 0.6802884615384616 0.264423076923077 0.6802884615384616 0.264423076923077 0.7572115384615384 0.3125000000000001 0.7572115384615384
2 0.528846153846154 0.6778846153846154 0.4759615384615386 0.6778846153846154 0.4759615384615386 0.7884615384615384 0.528846153846154 0.7884615384615384
4 0.3942307692307694 0.7019230769230769 0.3461538461538463 0.7019230769230769 0.3461538461538463 0.7836538461538461 0.3942307692307694 0.7836538461538461
2 0.8052884615384616 0.7019230769230769 0.75 0.7019230769230769 0.75 0.8028846153846154 0.8052884615384616 0.8028846153846154
5 0.6826923076923077 0.7259615384615384 0.6298076923076923 0.7259615384615384 0.6298076923076923 0.8125 0.6826923076923077 0.8125
9 0.057692307692307786 0.71875 0.0024038461538462416 0.71875 0.002403846153846249 0.8365384615384616 0.05769230769230779 0.8365384615384616
4 0.3365384615384617 0.7403846153846154 0.2836538461538462 0.7403846153846154 0.2836538461538462 0.8197115384615384 0.3365384615384617 0.8197115384615384
2 0.6105769230769232 0.7403846153846154 0.5576923076923078 0.7403846153846154 0.5576923076923078 0.8533653846153846 0.6105769230769232 0.8533653846153846
4 0.20913461538461547 0.7740384615384616 0.14663461538461547 0.7740384615384616 0.14663461538461547 0.8605769230769231 0.20913461538461553 0.8605769230769231