2 0.6418269230769231 0.36057692307692324 0.5769230769230769 0.36057692307692324 0.5769230769230769 0.4711538461538463 0.6418269230769231 0.4711538461538463
2 0.5240384615384616 0.40384615384615385 0.45913461538461536 0.40384615384615385 0.45913461538461536 0.49278846153846156 0.5240384615384616 0.49278846153846156
4 0.41346153846153855 0.4807692307692308 0.34375 0.4807692307692308 0.34375000000000006 0.5769230769230769 0.4134615384615386 0.5769230769230769
2 0.8918269230769231 0.4447115384615386 0.8149038461538461 0.4447115384615386 0.8149038461538461 0.6442307692307693 0.8918269230769231 0.6442307692307693
2 0.35096153846153855 0.5168269230769231 0.25721153846153855 0.5168269230769231 0.25721153846153855 0.6274038461538461 0.3509615384615386 0.6274038461538461
5 0.7091346153846154 0.543269230769231 0.6201923076923077 0.543269230769231 0.6201923076923077 0.6610576923076923 0.7091346153846154 0.6610576923076923
2 0.8221153846153846 0.574519230769231 0.7331730769230769 0.574519230769231 0.7331730769230769 0.7115384615384616 0.8221153846153846 0.7115384615384616
4 0.34134615384615397 0.6153846153846154 0.24519230769230776 0.6153846153846154 0.24519230769230776 0.75 0.34134615384615397 0.75
2 0.7451923076923077 0.6947115384615384 0.6346153846153846 0.6947115384615384 0.6346153846153846 0.8629807692307693 0.7451923076923077 0.8629807692307693
8 1 0.591346153846154 0.8870192307692307 0.591346153846154 0.8870192307692307 1 1 1
2 0.5048076923076924 0.6923076923076923 0.3990384615384617 0.6923076923076923 0.3990384615384617 0.9038461538461539 0.5048076923076924 0.9038461538461539