8 0.6177884615384616 0.3822115384615386 0.5817307692307693 0.3822115384615386 0.5817307692307693 0.43509615384615397 0.6177884615384616 0.43509615384615397
2 0.5913461538461539 0.41586538461538475 0.5649038461538461 0.41586538461538475 0.5649038461538461 0.4639423076923078 0.5913461538461539 0.4639423076923078
4 0.5625 0.42307692307692313 0.5384615384615384 0.4230769230769231 0.5384615384615384 0.4615384615384616 0.5625 0.4615384615384617
4 0.7283653846153846 0.45192307692307704 0.6923076923076923 0.45192307692307704 0.6923076923076923 0.5024038461538463 0.7283653846153846 0.5024038461538463
2 0.65625 0.4807692307692309 0.6201923076923077 0.4807692307692309 0.6201923076923077 0.5408653846153848 0.65625 0.5408653846153848
8 0.6057692307692308 0.49519230769230776 0.5528846153846154 0.4951923076923077 0.5528846153846154 0.6346153846153846 0.605769230769231 0.6346153846153846
4 0.84375 0.5625000000000001 0.8004807692307693 0.5625000000000001 0.8004807692307693 0.6322115384615384 0.84375 0.6322115384615384
2 0.6754807692307693 0.6177884615384616 0.625 0.6177884615384616 0.625 0.7211538461538461 0.6754807692307693 0.7211538461538461
4 0.4302884615384617 0.6442307692307693 0.3870192307692309 0.6442307692307693 0.3870192307692309 0.7115384615384616 0.4302884615384617 0.7115384615384616
8 0.9927884615384616 0.6706730769230769 0.9399038461538461 0.6706730769230769 0.9399038461538461 0.7668269230769231 0.9927884615384616 0.7668269230769231
1 0.9663461538461539 0.7091346153846154 0.9350961538461539 0.7091346153846154 0.9350961538461539 0.7644230769230769 0.9663461538461539 0.7644230769230769
5 0.35336538461538475 0.7211538461538461 0.3004807692307693 0.7211538461538461 0.3004807692307693 0.8076923076923077 0.35336538461538475 0.8076923076923077