8 0.3966346153846155 0.44711538461538464 0.3004807692307693 0.44711538461538464 0.3004807692307693 0.5697115384615384 0.39663461538461553 0.5697115384615384
2 0.4278846153846155 0.5360576923076923 0.36538461538461536 0.5360576923076923 0.3653846153846155 0.6298076923076923 0.42788461538461553 0.6298076923076923
2 0.5216346153846154 0.5552884615384616 0.45913461538461536 0.5552884615384616 0.4591346153846155 0.6586538461538461 0.5216346153846155 0.6586538461538461
8 0.7644230769230769 0.5504807692307694 0.6899038461538461 0.5504807692307694 0.6899038461538461 0.7355769230769231 0.7644230769230769 0.7355769230769231
9 0.24519230769230776 0.6033653846153846 0.16346153846153852 0.6033653846153846 0.16346153846153852 0.7043269230769231 0.24519230769230776 0.7043269230769231
4 0.3028846153846155 0.6370192307692307 0.23317307692307698 0.6370192307692307 0.23317307692307698 0.7091346153846154 0.3028846153846155 0.7091346153846154
4 0.12019230769230778 0.6610576923076923 0.05288461538461547 0.6610576923076923 0.05288461538461547 0.7403846153846154 0.12019230769230779 0.7403846153846154
4 0.3125000000000001 0.65625 0.2475961538461539 0.65625 0.2475961538461539 0.7548076923076923 0.3125000000000001 0.7548076923076923
2 0.47355769230769246 0.6947115384615384 0.38942307692307704 0.6947115384615384 0.38942307692307704 0.8557692307692307 0.47355769230769246 0.8557692307692307
2 0.17788461538461547 0.7331730769230769 0.08173076923076933 0.7331730769230769 0.08173076923076933 0.84375 0.17788461538461553 0.84375
5 0.22596153846153857 0.7644230769230769 0.1250000000000001 0.7644230769230769 0.1250000000000001 0.8870192307692307 0.2259615384615386 0.8870192307692307
1 0.5697115384615385 0.8341346153846154 0.5336538461538463 0.8341346153846154 0.5336538461538463 0.9326923076923077 0.5697115384615385 0.9326923076923077