8 0.1754807692307693 0.46875 0.1177884615384616 0.46875 0.1177884615384616 0.5817307692307693 0.1754807692307693 0.5817307692307693
8 0.7283653846153846 0.49759615384615397 0.65625 0.49759615384615397 0.65625 0.6274038461538461 0.7283653846153846 0.6274038461538461
2 0.20432692307692316 0.5216346153846154 0.15865384615384623 0.5216346153846154 0.15865384615384623 0.6081730769230769 0.20432692307692316 0.6081730769230769
2 0.2524038461538462 0.5504807692307693 0.21153846153846162 0.5504807692307693 0.21153846153846162 0.625 0.2524038461538462 0.625
2 0.18750000000000006 0.5793269230769231 0.13942307692307698 0.5793269230769231 0.13942307692307698 0.6610576923076923 0.18750000000000006 0.6610576923076923
4 0.4639423076923078 0.5889423076923077 0.41586538461538475 0.5889423076923077 0.41586538461538475 0.6586538461538461 0.4639423076923078 0.6586538461538461
4 0.10096153846153853 0.59375 0.0504807692307693 0.59375 0.05048076923076931 0.6658653846153846 0.10096153846153853 0.6658653846153846
2 0.71875 0.5961538461538463 0.6586538461538461 0.5961538461538463 0.6586538461538461 0.6947115384615384 0.71875 0.6947115384615384
2 0.3028846153846155 0.6009615384615384 0.24519230769230776 0.6009615384615384 0.24519230769230776 0.6923076923076923 0.3028846153846155 0.6923076923076923
8 0.19471153846153857 0.7572115384615384 0.06971153846153855 0.7572115384615384 0.06971153846153856 1 0.1947115384615386 1
2 0.2812500000000001 0.8605769230769231 0.2043269230769232 0.8605769230769231 0.2043269230769232 0.9735576923076923 0.2812500000000001 0.9735576923076923
2 0.8918269230769231 0.8509615384615384 0.8028846153846154 0.8509615384615384 0.8028846153846154 0.9879807692307693 0.8918269230769231 0.9879807692307693
2 0.7836538461538461 0.875 0.6658653846153846 0.875 0.6658653846153846 1 0.7836538461538461 1