8 0.27644230769230776 0.4423076923076923 0.19951923076923084 0.4423076923076923 0.19951923076923084 0.5697115384615384 0.27644230769230776 0.5697115384615384
2 0.13942307692307698 0.5144230769230769 0.09855769230769237 0.5144230769230769 0.09855769230769237 0.5673076923076923 0.13942307692307698 0.5673076923076923
2 0.24519230769230776 0.5600961538461539 0.20913461538461545 0.5600961538461539 0.20913461538461545 0.6153846153846154 0.24519230769230776 0.6153846153846154
4 0.15144230769230776 0.5817307692307693 0.1129807692307693 0.5817307692307693 0.1129807692307693 0.6370192307692307 0.15144230769230776 0.6370192307692307
8 0.78125 0.5336538461538463 0.7067307692307693 0.5336538461538463 0.7067307692307693 0.6923076923076923 0.78125 0.6923076923076923
4 0.21875000000000006 0.6105769230769231 0.1754807692307693 0.6105769230769231 0.1754807692307693 0.6658653846153846 0.21875000000000006 0.6658653846153846
4 0.06250000000000008 0.6105769230769231 0.024038461538461616 0.6105769230769231 0.02403846153846162 0.7019230769230769 0.06250000000000008 0.7019230769230769
2 0.5721153846153848 0.6370192307692307 0.5192307692307694 0.6370192307692307 0.5192307692307694 0.7235576923076923 0.5721153846153848 0.7235576923076923
4 0.7043269230769231 0.6826923076923077 0.6466346153846154 0.6826923076923077 0.6466346153846154 0.7860576923076923 0.7043269230769231 0.7860576923076923
2 0.22115384615384623 0.6850961538461539 0.16346153846153852 0.6850961538461539 0.16346153846153852 0.8004807692307693 0.22115384615384623 0.8004807692307693
4 0.1298076923076924 0.7211538461538461 0.06730769230769239 0.7211538461538461 0.0673076923076924 0.7932692307692307 0.1298076923076924 0.7932692307692307
2 0.9399038461538461 0.71875 0.84375 0.71875 0.84375 0.875 0.9399038461538461 0.875
2 0.31730769230769246 0.8461538461538461 0.22355769230769246 0.8461538461538461 0.22355769230769246 1 0.31730769230769246 1
4 0.7860576923076923 0.875 0.7019230769230769 0.875 0.7019230769230769 1 0.7860576923076923 1