5 0.71875 0.3028846153846155 0.6730769230769231 0.3028846153846155 0.6730769230769231 0.37980769230769246 0.71875 0.37980769230769246
4 0.5024038461538461 0.32211538461538464 0.4519230769230769 0.32211538461538464 0.4519230769230769 0.40384615384615385 0.5024038461538461 0.40384615384615385
4 0.3485576923076923 0.35336538461538464 0.3028846153846155 0.35336538461538464 0.3028846153846155 0.4206730769230769 0.3485576923076923 0.4206730769230769
4 0.6850961538461539 0.3677884615384617 0.6274038461538461 0.3677884615384617 0.6274038461538461 0.4567307692307694 0.6850961538461539 0.4567307692307694
2 0.8197115384615384 0.37259615384615397 0.7451923076923077 0.37259615384615397 0.7451923076923077 0.4711538461538463 0.8197115384615384 0.4711538461538463
8 0.2596153846153847 0.3245192307692308 0.12980769230769235 0.3245192307692308 0.12980769230769235 0.5697115384615384 0.2596153846153847 0.5697115384615384
2 0.49038461538461536 0.42788461538461536 0.43028846153846156 0.42788461538461536 0.43028846153846156 0.5240384615384616 0.49038461538461536 0.5240384615384616
4 0.39182692307692313 0.5264423076923077 0.31971153846153844 0.5264423076923077 0.31971153846153855 0.6490384615384616 0.39182692307692324 0.6490384615384616
4 0.7956730769230769 0.5817307692307694 0.7019230769230769 0.5817307692307694 0.7019230769230769 0.7283653846153846 0.7956730769230769 0.7283653846153846
4 0.139423076923077 0.6057692307692307 0.0504807692307693 0.6057692307692307 0.05048076923076931 0.7115384615384616 0.13942307692307704 0.7115384615384616
2 0.47355769230769246 0.8365384615384616 0.3461538461538463 0.8365384615384616 0.3461538461538463 1 0.47355769230769246 1