8 0.8173076923076923 0.31009615384615397 0.6105769230769231 0.31009615384615397 0.6105769230769231 0.7211538461538461 0.8173076923076923 0.7211538461538461
5 0.3173076923076924 0.43990384615384615 0.18750000000000006 0.43990384615384615 0.18750000000000006 0.6153846153846154 0.31730769230769246 0.6153846153846154
2 0.4711538461538463 0.5649038461538461 0.35817307692307704 0.5649038461538461 0.35817307692307704 0.7548076923076923 0.4711538461538463 0.7548076923076923
4 0.9014423076923077 0.5937500000000001 0.7956730769230769 0.5937500000000001 0.7956730769230769 0.7451923076923077 0.9014423076923077 0.7451923076923077
4 0.5528846153846155 0.6610576923076923 0.44230769230769246 0.6610576923076923 0.44230769230769246 0.8293269230769231 0.5528846153846155 0.8293269230769231
2 0.6514423076923077 0.625 0.5240384615384617 0.625 0.5240384615384617 0.8942307692307693 0.6514423076923077 0.8942307692307693
4 0.12500000000000008 0.6706730769230769 0.002403846153846236 0.6706730769230769 0.0024038461538462477 0.8653846153846154 0.1250000000000001 0.8653846153846154
4 0.4399038461538463 0.7379807692307693 0.3317307692307694 0.7379807692307693 0.3317307692307694 0.9182692307692307 0.4399038461538463 0.9182692307692307
8 0.28846153846153855 0.75 0.12259615384615395 0.75 0.12259615384615397 1 0.2884615384615386 1
4 0.3870192307692309 0.8004807692307693 0.26201923076923084 0.8004807692307693 0.2620192307692309 1 0.3870192307692309 1
4 0.5889423076923078 0.8365384615384616 0.4326923076923078 0.8365384615384616 0.4326923076923078 1 0.5889423076923078 1