8 0.15144230769230776 0.46634615384615385 0.0817307692307693 0.46634615384615385 0.0817307692307693 0.5817307692307693 0.15144230769230776 0.5817307692307693
2 0.31250000000000006 0.5048076923076923 0.2692307692307693 0.5048076923076923 0.2692307692307693 0.5673076923076923 0.3125000000000001 0.5673076923076923
8 0.6682692307692307 0.4639423076923078 0.5841346153846154 0.4639423076923078 0.5841346153846154 0.6418269230769231 0.6682692307692307 0.6418269230769231
2 0.1177884615384616 0.5408653846153846 0.06250000000000007 0.5408653846153846 0.06250000000000008 0.6394230769230769 0.1177884615384616 0.6394230769230769
4 0.5312500000000001 0.5528846153846154 0.47836538461538464 0.5528846153846154 0.4783653846153847 0.6322115384615384 0.5312500000000001 0.6322115384615384
8 0.6538461538461539 0.5216346153846154 0.5504807692307693 0.5216346153846154 0.5504807692307693 0.7235576923076923 0.6538461538461539 0.7235576923076923
2 0.2692307692307693 0.6274038461538461 0.20432692307692316 0.6274038461538461 0.20432692307692316 0.7163461538461539 0.2692307692307693 0.7163461538461539
2 0.543269230769231 0.6875 0.4879807692307694 0.6875 0.4879807692307694 0.7644230769230769 0.543269230769231 0.7644230769230769
4 0.5673076923076924 0.7139423076923077 0.5000000000000001 0.7139423076923077 0.5000000000000001 0.8197115384615384 0.5673076923076924 0.8197115384615384
5 1 0.7451923076923077 0.9278846153846154 0.7451923076923077 0.9278846153846154 0.8870192307692307 1 0.8870192307692307
2 0.7403846153846154 0.7644230769230769 0.6538461538461539 0.7644230769230769 0.6538461538461539 0.8798076923076923 0.7403846153846154 0.8798076923076923
4 0.13942307692307704 0.7860576923076923 0.045673076923077024 0.7860576923076923 0.045673076923077024 0.8966346153846154 0.13942307692307704 0.8966346153846154
2 0.6875 0.7956730769230769 0.5937500000000001 0.7956730769230769 0.5937500000000001 0.9399038461538461 0.6875 0.9399038461538461
4 0.3076923076923078 0.8942307692307693 0.22115384615384628 0.8942307692307693 0.22115384615384628 1 0.3076923076923078 1