2 0.24278846153846162 0.5817307692307693 0.19230769230769237 0.5817307692307693 0.19230769230769237 0.6875 0.24278846153846162 0.6875
2 0.48557692307692324 0.5985576923076923 0.4399038461538463 0.5985576923076923 0.4399038461538463 0.7091346153846154 0.48557692307692324 0.7091346153846154
4 0.5769230769230771 0.6538461538461539 0.5216346153846155 0.6538461538461539 0.5216346153846155 0.7307692307692307 0.5769230769230771 0.7307692307692307
2 0.9759615384615384 0.6899038461538461 0.9206730769230769 0.6899038461538461 0.9206730769230769 0.8341346153846154 0.9759615384615384 0.8341346153846154
9 0.8798076923076923 0.7163461538461539 0.8197115384615384 0.7163461538461539 0.8197115384615384 0.8149038461538461 0.8798076923076923 0.8149038461538461
2 0.6418269230769231 0.7211538461538461 0.5817307692307694 0.7211538461538461 0.5817307692307694 0.8173076923076923 0.6418269230769231 0.8173076923076923
4 0.28125000000000006 0.7259615384615384 0.21875000000000006 0.7259615384615384 0.21875000000000006 0.8149038461538461 0.28125000000000006 0.8149038461538461
4 0.31009615384615397 0.7716346153846154 0.2548076923076924 0.7716346153846154 0.2548076923076924 0.8677884615384616 0.31009615384615397 0.8677884615384616
5 0.4182692307692309 0.8149038461538461 0.3509615384615386 0.8149038461538461 0.3509615384615386 0.9086538461538461 0.4182692307692309 0.9086538461538461
8 0.5841346153846155 0.7475961538461539 0.47355769230769246 0.7475961538461539 0.47355769230769246 0.9831730769230769 0.5841346153846155 0.9831730769230769
4 0.6442307692307693 0.8317307692307693 0.5793269230769232 0.8317307692307693 0.5793269230769232 0.9278846153846154 0.6442307692307693 0.9278846153846154
2 0.8052884615384616 0.8293269230769231 0.7283653846153846 0.8293269230769231 0.7283653846153846 1 0.8052884615384616 1