4 0.7043269230769231 0.47355769230769246 0.6634615384615384 0.47355769230769246 0.6634615384615384 0.5384615384615385 0.7043269230769231 0.5384615384615385
2 0.7644230769230769 0.48557692307692324 0.7211538461538461 0.48557692307692324 0.7211538461538461 0.5528846153846155 0.7644230769230769 0.5528846153846155
0 0.5673076923076924 0.4278846153846155 0.4519230769230769 0.42788461538461536 0.451923076923077 0.6298076923076923 0.5673076923076924 0.6298076923076923
4 0.7524038461538461 0.5456730769230771 0.6923076923076923 0.5456730769230771 0.6923076923076923 0.6418269230769231 0.7524038461538461 0.6418269230769231
8 0.6730769230769231 0.48317307692307704 0.5625 0.48317307692307704 0.5625000000000001 0.7091346153846154 0.6730769230769231 0.7091346153846154
4 0.44711538461538475 0.5769230769230769 0.3822115384615386 0.5769230769230769 0.3822115384615386 0.6634615384615384 0.44711538461538475 0.6634615384615384
4 0.12500000000000006 0.5817307692307693 0.036057692307692374 0.5817307692307693 0.03605769230769238 0.6586538461538461 0.12500000000000006 0.6586538461538461
4 0.8197115384615384 0.5793269230769232 0.7548076923076923 0.5793269230769232 0.7548076923076923 0.6730769230769231 0.8197115384615384 0.6730769230769231
2 0.5528846153846155 0.6081730769230769 0.4711538461538463 0.6081730769230769 0.4711538461538463 0.7403846153846154 0.5528846153846155 0.7403846153846154
2 0.7091346153846154 0.6201923076923077 0.6394230769230769 0.6201923076923077 0.6394230769230769 0.7331730769230769 0.7091346153846154 0.7331730769230769
4 0.7884615384615384 0.6706730769230769 0.7259615384615384 0.6706730769230769 0.7259615384615384 0.7668269230769231 0.7884615384615384 0.7668269230769231
4 0.5889423076923078 0.7115384615384616 0.5048076923076924 0.7115384615384616 0.5048076923076924 0.8365384615384616 0.5889423076923078 0.8365384615384616
2 0.6634615384615384 0.6995192307692307 0.5649038461538463 0.6995192307692307 0.5649038461538463 0.9855769230769231 0.6634615384615384 0.9855769230769231
2 0.78125 0.7451923076923077 0.6899038461538461 0.7451923076923077 0.6899038461538461 0.9495192307692307 0.78125 0.9495192307692307
2 0.5240384615384617 0.7980769230769231 0.4062500000000001 0.7980769230769231 0.4062500000000001 1 0.5240384615384617 1