2 0.4783653846153847 0.49278846153846156 0.42788461538461536 0.49278846153846156 0.4278846153846155 0.5985576923076923 0.47836538461538475 0.5985576923076923
2 0.22355769230769237 0.5216346153846154 0.18028846153846162 0.5216346153846154 0.18028846153846162 0.5913461538461539 0.22355769230769237 0.5913461538461539
2 0.2788461538461539 0.5432692307692307 0.24278846153846162 0.5432692307692307 0.24278846153846162 0.6009615384615384 0.2788461538461539 0.6009615384615384
8 0.6778846153846154 0.512019230769231 0.6153846153846154 0.512019230769231 0.6153846153846154 0.6658653846153846 0.6778846153846154 0.6658653846153846
4 0.32932692307692324 0.5673076923076923 0.28125000000000006 0.5673076923076923 0.28125000000000006 0.6274038461538461 0.32932692307692324 0.6274038461538461
4 0.6033653846153848 0.576923076923077 0.5504807692307694 0.5769230769230769 0.5504807692307694 0.6514423076923077 0.6033653846153848 0.6514423076923077
4 0.5192307692307694 0.5793269230769231 0.4711538461538463 0.5793269230769231 0.4711538461538463 0.6538461538461539 0.5192307692307694 0.6538461538461539
2 0.11538461538461547 0.5793269230769231 0.06009615384615392 0.5793269230769231 0.060096153846153924 0.6995192307692307 0.11538461538461549 0.6995192307692307
2 0.04326923076923085 0.6418269230769231 7.860112869527482e-17 0.6418269230769231 8.507762619076564e-17 0.7475961538461539 0.04326923076923085 0.7475961538461539
2 0.3076923076923078 0.6778846153846154 0.24038461538461545 0.6778846153846154 0.24038461538461545 0.7716346153846154 0.3076923076923078 0.7716346153846154
8 0.13701923076923087 0.6802884615384616 0.05288461538461547 0.6802884615384616 0.05288461538461548 0.8413461538461539 0.13701923076923087 0.8413461538461539
4 0.24038461538461545 0.7211538461538461 0.17307692307692316 0.7211538461538461 0.17307692307692316 0.8100961538461539 0.24038461538461545 0.8100961538461539
8 0.8701923076923077 0.7740384615384616 0.7403846153846154 0.7740384615384616 0.7403846153846154 0.9879807692307693 0.8701923076923077 0.9879807692307693
5 0.27163461538461553 0.8485576923076923 0.18750000000000014 0.8485576923076923 0.18750000000000014 0.9735576923076923 0.27163461538461553 0.9735576923076923