4 0.71875 0.27644230769230776 0.6706730769230769 0.27644230769230776 0.6706730769230769 0.3509615384615386 0.71875 0.3509615384615386
2 0.8942307692307693 0.2860576923076924 0.8341346153846154 0.2860576923076924 0.8341346153846154 0.39182692307692324 0.8942307692307693 0.39182692307692324
8 0.36538461538461536 0.264423076923077 0.25721153846153844 0.2644230769230769 0.2572115384615385 0.4495192307692308 0.36538461538461536 0.4495192307692308
4 0.6730769230769231 0.31730769230769246 0.6153846153846154 0.31730769230769246 0.6153846153846154 0.4014423076923078 0.6730769230769231 0.4014423076923078
9 0.7860576923076923 0.3245192307692309 0.7139423076923077 0.3245192307692309 0.7139423076923077 0.4567307692307694 0.7860576923076923 0.4567307692307694
4 0.2524038461538462 0.38461538461538464 0.18028846153846162 0.38461538461538464 0.18028846153846162 0.4567307692307692 0.2524038461538462 0.4567307692307692
2 0.7067307692307693 0.38461538461538475 0.6442307692307693 0.38461538461538475 0.6442307692307693 0.49038461538461553 0.7067307692307693 0.49038461538461553
4 0.2740384615384616 0.4543269230769231 0.1971153846153847 0.4543269230769231 0.1971153846153847 0.5625 0.2740384615384616 0.5625
2 1 0.42307692307692324 0.90625 0.42307692307692324 0.90625 0.6346153846153846 1 0.6346153846153846
4 0.8822115384615384 0.5552884615384617 0.7932692307692307 0.5552884615384617 0.7932692307692307 0.6850961538461539 0.8822115384615384 0.6850961538461539
9 0.20913461538461545 0.6538461538461539 0.10336538461538468 0.6538461538461539 0.1033653846153847 0.8365384615384616 0.20913461538461545 0.8365384615384616
4 0.3365384615384617 0.7331730769230769 0.24038461538461545 0.7331730769230769 0.24038461538461547 0.8653846153846154 0.3365384615384617 0.8653846153846154
2 0.8100961538461539 0.7019230769230769 0.6947115384615384 0.7019230769230769 0.6947115384615384 0.90625 0.8100961538461539 0.90625