4 0.4615384615384617 0.6225961538461539 0.4134615384615386 0.6225961538461539 0.4134615384615386 0.6778846153846154 0.4615384615384617 0.6778846153846154
2 0.38942307692307704 0.6274038461538461 0.33413461538461553 0.6274038461538461 0.33413461538461553 0.7091346153846154 0.38942307692307704 0.7091346153846154
8 0.8269230769230769 0.6033653846153848 0.7475961538461539 0.6033653846153848 0.7475961538461539 0.7451923076923077 0.8269230769230769 0.7451923076923077
8 0.7451923076923077 0.6105769230769232 0.6682692307692307 0.6105769230769232 0.6682692307692307 0.7451923076923077 0.7451923076923077 0.7451923076923077
8 0.9158653846153846 0.5985576923076924 0.8341346153846154 0.5985576923076924 0.8341346153846154 0.7644230769230769 0.9158653846153846 0.7644230769230769
4 0.6177884615384616 0.65625 0.5697115384615385 0.65625 0.5697115384615385 0.7283653846153846 0.6177884615384616 0.7283653846153846
4 0.543269230769231 0.6682692307692307 0.4879807692307694 0.6682692307692307 0.4879807692307694 0.7379807692307693 0.543269230769231 0.7379807692307693
2 0.5480769230769232 0.7331730769230769 0.5024038461538463 0.7331730769230769 0.5024038461538463 0.8004807692307693 0.5480769230769232 0.8004807692307693
2 0.3750000000000001 0.7355769230769231 0.3149038461538463 0.7355769230769231 0.3149038461538463 0.8125 0.3750000000000001 0.8125
8 0.8341346153846154 0.7043269230769231 0.75 0.7043269230769231 0.75 0.8966346153846154 0.8341346153846154 0.8966346153846154
2 0.5480769230769232 0.7932692307692307 0.4951923076923078 0.7932692307692307 0.4951923076923078 0.8846153846153846 0.5480769230769232 0.8846153846153846
4 0.6298076923076923 0.8028846153846154 0.5721153846153848 0.8028846153846154 0.5721153846153848 0.8846153846153846 0.6298076923076923 0.8846153846153846
4 0.11057692307692318 0.8245192307692307 0.045673076923077024 0.8245192307692307 0.045673076923077024 0.9038461538461539 0.11057692307692318 0.9038461538461539