2 0.7091346153846154 0.2548076923076924 0.6514423076923077 0.2548076923076924 0.6514423076923077 0.3028846153846155 0.7091346153846154 0.3028846153846155
2 0.6923076923076923 0.28125000000000006 0.6322115384615384 0.28125000000000006 0.6322115384615384 0.3677884615384617 0.6923076923076923 0.3677884615384617
2 0.8966346153846154 0.29567307692307704 0.8557692307692307 0.29567307692307704 0.8557692307692307 0.36057692307692324 0.8966346153846154 0.36057692307692324
4 0.8341346153846154 0.295673076923077 0.7860576923076923 0.295673076923077 0.7860576923076923 0.3629807692307694 0.8341346153846154 0.3629807692307694
5 0.9639423076923077 0.30288461538461553 0.9230769230769231 0.30288461538461553 0.9230769230769231 0.36057692307692324 0.9639423076923077 0.36057692307692324
4 0.53125 0.3125 0.4326923076923077 0.3125 0.4326923076923077 0.4230769230769231 0.53125 0.4230769230769231
2 0.7572115384615384 0.3365384615384617 0.6514423076923077 0.3365384615384617 0.6514423076923077 0.47836538461538475 0.7572115384615384 0.47836538461538475
1 0.6322115384615384 0.4134615384615386 0.5769230769230769 0.4134615384615386 0.5769230769230769 0.5168269230769232 0.6322115384615384 0.5168269230769232
2 0.8990384615384616 0.3942307692307694 0.8173076923076923 0.3942307692307694 0.8173076923076923 0.5649038461538463 0.8990384615384616 0.5649038461538463
2 0.5576923076923078 0.625 0.2788461538461539 0.625 0.27884615384615397 0.9519230769230769 0.5576923076923078 0.9519230769230769
2 0.7956730769230769 0.7307692307692307 0.5889423076923078 0.7307692307692307 0.5889423076923078 1 0.7956730769230769 1