8 0.29807692307692313 0.49278846153846156 0.24038461538461545 0.49278846153846156 0.24038461538461545 0.6081730769230769 0.29807692307692313 0.6081730769230769
2 0.3341346153846155 0.5552884615384616 0.29326923076923084 0.5552884615384616 0.29326923076923084 0.6129807692307693 0.33413461538461553 0.6129807692307693
8 0.45432692307692313 0.5504807692307693 0.39903846153846156 0.5504807692307693 0.3990384615384616 0.6586538461538461 0.45432692307692324 0.6586538461538461
2 0.5865384615384617 0.6009615384615385 0.5384615384615385 0.6009615384615384 0.5384615384615385 0.6778846153846154 0.5865384615384617 0.6778846153846154
5 0.3245192307692309 0.6129807692307693 0.27644230769230776 0.6129807692307693 0.27644230769230776 0.6706730769230769 0.3245192307692309 0.6706730769230769
2 0.5504807692307694 0.6225961538461539 0.4951923076923078 0.6225961538461539 0.4951923076923078 0.6947115384615384 0.5504807692307694 0.6947115384615384
8 1 0.5937500000000001 0.9302884615384616 0.5937500000000001 0.9302884615384616 0.7259615384615384 1 0.7259615384615384
4 0.8413461538461539 0.6370192307692307 0.7860576923076923 0.6370192307692307 0.7860576923076923 0.7139423076923077 0.8413461538461539 0.7139423076923077
4 0.6298076923076923 0.6490384615384616 0.574519230769231 0.6490384615384616 0.574519230769231 0.7139423076923077 0.6298076923076923 0.7139423076923077
2 0.5096153846153848 0.6610576923076923 0.4567307692307694 0.6610576923076923 0.4567307692307694 0.75 0.5096153846153848 0.75
2 0.9447115384615384 0.6850961538461539 0.8701923076923077 0.6850961538461539 0.8701923076923077 0.7980769230769231 0.9447115384615384 0.7980769230769231
4 0.6346153846153846 0.71875 0.5625000000000001 0.71875 0.5625000000000001 0.8125 0.6346153846153846 0.8125
8 0.23317307692307704 0.6346153846153846 0.09375000000000007 0.6346153846153846 0.09375000000000008 0.9326923076923077 0.23317307692307707 0.9326923076923077