8 0.6682692307692307 0.5408653846153848 0.5817307692307693 0.5408653846153848 0.5817307692307693 0.7379807692307693 0.6682692307692307 0.7379807692307693
2 0.22115384615384623 0.5817307692307693 0.17067307692307698 0.5817307692307693 0.17067307692307698 0.6995192307692307 0.22115384615384623 0.6995192307692307
5 0.4927884615384617 0.6153846153846154 0.4326923076923078 0.6153846153846154 0.4326923076923078 0.7067307692307693 0.4927884615384617 0.7067307692307693
2 0.5841346153846155 0.6105769230769231 0.5240384615384617 0.6105769230769231 0.5240384615384617 0.7163461538461539 0.5841346153846155 0.7163461538461539
2 0.14423076923076933 0.6129807692307693 0.0817307692307693 0.6129807692307693 0.08173076923076932 0.7403846153846154 0.14423076923076933 0.7403846153846154
8 0.8798076923076923 0.6009615384615385 0.7283653846153846 0.6009615384615385 0.7283653846153846 0.8365384615384616 0.8798076923076923 0.8365384615384616
4 0.3125000000000001 0.6875 0.2596153846153847 0.6875 0.2596153846153847 0.7644230769230769 0.3125000000000001 0.7644230769230769
2 0.23076923076923084 0.6971153846153846 0.16346153846153852 0.6971153846153846 0.16346153846153852 0.8173076923076923 0.23076923076923084 0.8173076923076923
4 0.5985576923076924 0.75 0.5336538461538463 0.75 0.5336538461538463 0.8341346153846154 0.5985576923076924 0.8341346153846154
2 0.2884615384615386 0.84375 0.1947115384615386 0.84375 0.1947115384615386 0.9495192307692307 0.2884615384615386 0.9495192307692307
4 1 0.84375 0.9302884615384616 0.84375 0.9302884615384616 0.9783653846153846 1 0.9783653846153846
2 0.9182692307692307 0.8846153846153846 0.8149038461538461 0.8846153846153846 0.8149038461538461 1 0.9182692307692307 1