9 0.6394230769230769 0.47836538461538475 0.6033653846153846 0.47836538461538475 0.6033653846153846 0.5384615384615385 0.6394230769230769 0.5384615384615385
4 0.5793269230769231 0.514423076923077 0.5432692307692307 0.5144230769230769 0.5432692307692307 0.5576923076923077 0.5793269230769231 0.5576923076923078
4 0.13942307692307698 0.5144230769230769 0.076923076923077 0.5144230769230769 0.076923076923077 0.5769230769230769 0.13942307692307698 0.5769230769230769
9 0.8605769230769231 0.5096153846153848 0.8173076923076923 0.5096153846153848 0.8173076923076923 0.5865384615384617 0.8605769230769231 0.5865384615384617
9 0.7956730769230769 0.5192307692307694 0.7524038461538461 0.5192307692307694 0.7524038461538461 0.5889423076923078 0.7956730769230769 0.5889423076923078
4 0.7620192307692307 0.543269230769231 0.7211538461538461 0.543269230769231 0.7211538461538461 0.6081730769230771 0.7620192307692307 0.6081730769230771
2 0.4038461538461539 0.5408653846153846 0.3557692307692308 0.5408653846153846 0.35576923076923084 0.6394230769230769 0.40384615384615397 0.6394230769230769
2 0.7019230769230769 0.6490384615384616 0.6394230769230769 0.6490384615384616 0.6394230769230769 0.7403846153846154 0.7019230769230769 0.7403846153846154
2 1 0.6995192307692307 0.9254807692307693 0.6995192307692307 0.9254807692307693 0.8004807692307693 1 0.8004807692307693
4 0.34855769230769246 0.7884615384615384 0.2692307692307693 0.7884615384615384 0.26923076923076933 0.9375 0.34855769230769246 0.9375
4 0.9230769230769231 0.8389423076923077 0.8149038461538461 0.8389423076923077 0.8149038461538461 0.9711538461538461 0.9230769230769231 0.9711538461538461