4 0.4783653846153847 0.41346153846153844 0.3269230769230769 0.41346153846153844 0.326923076923077 0.5889423076923077 0.47836538461538475 0.5889423076923077
5 0.3149038461538462 0.43028846153846156 0.18028846153846162 0.43028846153846156 0.18028846153846162 0.6105769230769231 0.3149038461538463 0.6105769230769231
8 0.7259615384615384 0.36057692307692313 0.5432692307692307 0.3605769230769231 0.5432692307692308 0.7836538461538461 0.7259615384615384 0.7836538461538461
5 0.8942307692307693 0.5456730769230771 0.7716346153846154 0.5456730769230771 0.7716346153846154 0.7355769230769231 0.8942307692307693 0.7355769230769231
4 0.28125000000000006 0.5913461538461539 0.15865384615384623 0.5913461538461539 0.15865384615384623 0.7644230769230769 0.28125000000000006 0.7644230769230769
2 0.3677884615384617 0.625 0.23317307692307698 0.625 0.23317307692307698 0.8197115384615384 0.3677884615384617 0.8197115384615384
4 0.7956730769230769 0.6802884615384616 0.6826923076923077 0.6802884615384616 0.6826923076923077 0.8341346153846154 0.7956730769230769 0.8341346153846154
4 0.4495192307692309 0.7451923076923077 0.3149038461538463 0.7451923076923077 0.3149038461538463 0.9350961538461539 0.4495192307692309 0.9350961538461539
2 0.560096153846154 0.7019230769230769 0.4326923076923078 0.7019230769230769 0.4326923076923078 1 0.560096153846154 1
8 0.1466346153846155 0.8100961538461539 9.920816618092741e-17 0.8100961538461539 1.1083642304783137e-16 1 0.14663461538461553 1
4 0.3389423076923078 0.9110576923076923 0.17067307692307707 0.9110576923076923 0.17067307692307707 1 0.3389423076923078 1