4 0.4975961538461539 0.43028846153846156 0.3245192307692308 0.43028846153846156 0.32451923076923084 0.5889423076923077 0.49759615384615397 0.5889423076923077
5 0.30769230769230776 0.4519230769230769 0.1850961538461539 0.4519230769230769 0.1850961538461539 0.5985576923076923 0.3076923076923078 0.5985576923076923
2 0.65625 0.47596153846153855 0.5336538461538461 0.47596153846153844 0.5336538461538463 0.6153846153846154 0.65625 0.6153846153846154
4 0.5192307692307693 0.5384615384615384 0.3894230769230769 0.5384615384615384 0.389423076923077 0.6947115384615384 0.5192307692307694 0.6947115384615384
2 0.8725961538461539 0.5168269230769232 0.7427884615384616 0.5168269230769232 0.7427884615384616 0.7524038461538461 0.8725961538461539 0.7524038461538461
5 0.3365384615384617 0.5721153846153846 0.19471153846153852 0.5721153846153846 0.19471153846153852 0.7596153846153846 0.3365384615384617 0.7596153846153846
4 0.6586538461538461 0.608173076923077 0.5576923076923078 0.6081730769230769 0.5576923076923078 0.7596153846153846 0.6586538461538461 0.7596153846153846
8 0.5384615384615385 0.6201923076923077 0.4086538461538463 0.6201923076923077 0.4086538461538463 0.8581730769230769 0.5384615384615385 0.8581730769230769
5 0.7668269230769231 0.6682692307692307 0.6346153846153846 0.6682692307692307 0.6346153846153846 0.8581730769230769 0.7668269230769231 0.8581730769230769
2 0.4326923076923078 0.7620192307692307 0.3004807692307693 0.7620192307692307 0.30048076923076933 0.9663461538461539 0.4326923076923078 0.9663461538461539
2 0.17548076923076933 0.7836538461538461 0.007211538461538557 0.7836538461538461 0.00721153846153857 1 0.17548076923076936 1