8 0.3461538461538462 0.4735576923076923 0.2788461538461539 0.4735576923076923 0.2788461538461539 0.625 0.3461538461538463 0.625
9 0.25721153846153855 0.5480769230769231 0.20432692307692316 0.5480769230769231 0.20432692307692316 0.6418269230769231 0.25721153846153855 0.6418269230769231
2 0.5312500000000001 0.5889423076923077 0.47836538461538475 0.5889423076923077 0.47836538461538475 0.6995192307692307 0.5312500000000001 0.6995192307692307
2 0.25000000000000006 0.6105769230769231 0.19951923076923084 0.6105769230769231 0.19951923076923084 0.6923076923076923 0.25000000000000006 0.6923076923076923
5 0.3870192307692309 0.6153846153846154 0.32692307692307704 0.6153846153846154 0.32692307692307704 0.7043269230769231 0.3870192307692309 0.7043269230769231
4 0.6081730769230771 0.6346153846153846 0.5480769230769232 0.6346153846153846 0.5480769230769232 0.7019230769230769 0.6081730769230771 0.7019230769230769
4 0.8076923076923077 0.6706730769230769 0.7548076923076923 0.6706730769230769 0.7548076923076923 0.7572115384615384 0.8076923076923077 0.7572115384615384
8 1 0.625 0.9086538461538461 0.625 0.9086538461538461 0.8533653846153846 1 0.8533653846153846
4 0.5817307692307694 0.6995192307692307 0.5168269230769232 0.6995192307692307 0.5168269230769232 0.7980769230769231 0.5817307692307694 0.7980769230769231
2 0.8677884615384616 0.6971153846153846 0.8028846153846154 0.6971153846153846 0.8028846153846154 0.8028846153846154 0.8677884615384616 0.8028846153846154
8 0.4375000000000001 0.6730769230769231 0.34134615384615397 0.6730769230769231 0.34134615384615397 0.8389423076923077 0.4375000000000001 0.8389423076923077
8 0.3365384615384617 0.6466346153846154 0.23076923076923084 0.6466346153846154 0.23076923076923087 0.9038461538461539 0.3365384615384617 0.9038461538461539
2 0.7139423076923077 0.7259615384615384 0.6490384615384616 0.7259615384615384 0.6490384615384616 0.8341346153846154 0.7139423076923077 0.8341346153846154
2 0.6875 0.7403846153846154 0.6081730769230771 0.7403846153846154 0.6081730769230771 0.9302884615384616 0.6875 0.9302884615384616
4 0.5336538461538463 0.7932692307692307 0.4567307692307694 0.7932692307692307 0.4567307692307694 0.9038461538461539 0.5336538461538463 0.9038461538461539