2 0.3004807692307693 0.49038461538461536 0.26201923076923084 0.49038461538461536 0.26201923076923084 0.5600961538461539 0.3004807692307693 0.5600961538461539
8 0.6442307692307693 0.48317307692307704 0.5889423076923077 0.48317307692307704 0.5889423076923077 0.5865384615384617 0.6442307692307693 0.5865384615384617
8 0.7259615384615384 0.45913461538461553 0.6538461538461539 0.45913461538461553 0.6538461538461539 0.6129807692307694 0.7259615384615384 0.6129807692307694
4 0.46875000000000006 0.5432692307692307 0.4326923076923077 0.5432692307692307 0.43269230769230776 0.5985576923076923 0.4687500000000001 0.5985576923076923
9 0.2716346153846155 0.5360576923076923 0.22355769230769237 0.5360576923076923 0.22355769230769237 0.6057692307692307 0.2716346153846155 0.6057692307692307
2 0.12019230769230776 0.5432692307692307 0.06971153846153853 0.5432692307692307 0.06971153846153853 0.6322115384615384 0.12019230769230776 0.6322115384615384
4 0.32692307692307704 0.5673076923076923 0.27644230769230776 0.5673076923076923 0.27644230769230776 0.6225961538461539 0.32692307692307704 0.6225961538461539
4 0.1754807692307693 0.5841346153846154 0.13701923076923084 0.5841346153846154 0.13701923076923084 0.6442307692307693 0.1754807692307693 0.6442307692307693
2 0.528846153846154 0.5817307692307693 0.4807692307692309 0.5817307692307693 0.4807692307692309 0.6442307692307693 0.528846153846154 0.6442307692307693
2 0.14663461538461545 0.6081730769230769 0.09855769230769237 0.6081730769230769 0.09855769230769237 0.6754807692307693 0.14663461538461545 0.6754807692307693
2 0.23317307692307698 0.6057692307692307 0.18269230769230776 0.6057692307692307 0.18269230769230776 0.6826923076923077 0.23317307692307698 0.6826923076923077
8 0.6586538461538461 0.574519230769231 0.574519230769231 0.574519230769231 0.574519230769231 0.7211538461538461 0.6586538461538461 0.7211538461538461
2 0.543269230769231 0.6201923076923077 0.49038461538461553 0.6201923076923077 0.49038461538461553 0.71875 0.543269230769231 0.71875
2 0.11298076923076932 0.6201923076923077 0.06730769230769237 0.6201923076923077 0.06730769230769239 0.7235576923076923 0.11298076923076933 0.7235576923076923
8 0.9759615384615384 0.6274038461538461 0.8485576923076923 0.6274038461538461 0.8485576923076923 0.8461538461538461 0.9759615384615384 0.8461538461538461
4 0.10576923076923087 0.7235576923076923 0.03846153846153855 0.7235576923076923 0.038461538461538554 0.8173076923076923 0.10576923076923087 0.8173076923076923
4 0.35336538461538475 0.8725961538461539 0.2620192307692309 0.8725961538461539 0.2620192307692309 0.9807692307692307 0.35336538461538475 0.9807692307692307