8 0.25000000000000006 0.5360576923076923 0.18269230769230776 0.5360576923076923 0.18269230769230776 0.6418269230769231 0.25000000000000006 0.6418269230769231
4 0.24519230769230776 0.6346153846153846 0.18990384615384623 0.6346153846153846 0.18990384615384623 0.6899038461538461 0.24519230769230776 0.6899038461538461
8 0.4062500000000001 0.5841346153846154 0.32692307692307704 0.5841346153846154 0.32692307692307704 0.75 0.4062500000000001 0.75
5 0.5649038461538463 0.6610576923076923 0.5144230769230771 0.6610576923076923 0.5144230769230771 0.7235576923076923 0.5649038461538463 0.7235576923076923
4 0.5144230769230771 0.6706730769230769 0.45913461538461553 0.6706730769230769 0.45913461538461553 0.7427884615384616 0.5144230769230771 0.7427884615384616
2 0.3365384615384617 0.6802884615384616 0.29326923076923084 0.6802884615384616 0.29326923076923084 0.7668269230769231 0.3365384615384617 0.7668269230769231
4 0.6322115384615384 0.7139423076923077 0.574519230769231 0.7139423076923077 0.574519230769231 0.7860576923076923 0.6322115384615384 0.7860576923076923
2 0.5721153846153848 0.7139423076923077 0.5144230769230771 0.7139423076923077 0.5144230769230771 0.8052884615384616 0.5721153846153848 0.8052884615384616
4 0.3629807692307694 0.7235576923076923 0.3076923076923078 0.7235576923076923 0.3076923076923078 0.8004807692307693 0.3629807692307694 0.8004807692307693
4 0.2596153846153847 0.7379807692307693 0.2067307692307693 0.7379807692307693 0.2067307692307693 0.8197115384615384 0.2596153846153847 0.8197115384615384
1 0.0312500000000001 0.7403846153846154 9.067096493687133e-17 0.7403846153846154 9.67058830576696e-17 0.8389423076923077 0.031250000000000104 0.8389423076923077
4 0.6826923076923077 0.7644230769230769 0.6177884615384616 0.7644230769230769 0.6177884615384616 0.84375 0.6826923076923077 0.84375
4 0.3774038461538463 0.7764423076923077 0.3197115384615386 0.7764423076923077 0.3197115384615386 0.8605769230769231 0.3774038461538463 0.8605769230769231
4 0.27884615384615397 0.7908653846153846 0.2163461538461539 0.7908653846153846 0.21634615384615394 0.8798076923076923 0.27884615384615397 0.8798076923076923
4 0.6225961538461539 0.8028846153846154 0.5480769230769232 0.8028846153846154 0.5480769230769232 0.9038461538461539 0.6225961538461539 0.9038461538461539
4 0.71875 0.8100961538461539 0.6538461538461539 0.8100961538461539 0.6538461538461539 0.9014423076923077 0.71875 0.9014423076923077
2 0.4951923076923078 0.8701923076923077 0.41586538461538475 0.8701923076923077 0.41586538461538475 0.9735576923076923 0.4951923076923078 0.9735576923076923