8 0.46634615384615397 0.5793269230769231 0.4062500000000001 0.5793269230769231 0.4062500000000001 0.6610576923076923 0.46634615384615397 0.6610576923076923
4 0.2692307692307693 0.5985576923076923 0.22115384615384623 0.5985576923076923 0.22115384615384623 0.6682692307692307 0.2692307692307693 0.6682692307692307
8 0.33413461538461553 0.5865384615384616 0.27644230769230776 0.5865384615384616 0.27644230769230776 0.6850961538461539 0.33413461538461553 0.6850961538461539
4 0.5264423076923078 0.6177884615384616 0.4927884615384617 0.6177884615384616 0.4927884615384617 0.6850961538461539 0.5264423076923078 0.6850961538461539
5 0.6274038461538461 0.6394230769230769 0.5841346153846155 0.6394230769230769 0.5841346153846155 0.7067307692307693 0.6274038461538461 0.7067307692307693
2 0.5817307692307694 0.6153846153846154 0.5336538461538463 0.6153846153846154 0.5336538461538463 0.7331730769230769 0.5817307692307694 0.7331730769230769
4 0.8557692307692307 0.6538461538461539 0.8028846153846154 0.6538461538461539 0.8028846153846154 0.7355769230769231 0.8557692307692307 0.7355769230769231
2 0.3004807692307693 0.6442307692307693 0.2475961538461539 0.6442307692307693 0.2475961538461539 0.7572115384615384 0.3004807692307693 0.7572115384615384
8 0.1610576923076924 0.6538461538461539 0.05769230769230778 0.6538461538461539 0.057692307692307786 0.8581730769230769 0.16105769230769246 0.8581730769230769
2 0.2500000000000001 0.6923076923076923 0.17067307692307698 0.6923076923076923 0.17067307692307704 0.8557692307692307 0.2500000000000001 0.8557692307692307
4 0.9951923076923077 0.7668269230769231 0.9399038461538461 0.7668269230769231 0.9399038461538461 0.8605769230769231 0.9951923076923077 0.8605769230769231
2 0.20913461538461547 0.7884615384615384 0.12259615384615395 0.7884615384615384 0.12259615384615395 0.9326923076923077 0.20913461538461553 0.9326923076923077
8 0.7692307692307693 0.8461538461538461 0.6009615384615385 0.8461538461538461 0.6009615384615385 1 0.7692307692307693 1
8 0.9519230769230769 0.8677884615384616 0.8461538461538461 0.8677884615384616 0.8461538461538461 1 0.9519230769230769 1