8 0.4807692307692309 0.6177884615384616 0.3990384615384617 0.6177884615384616 0.3990384615384617 0.8725961538461539 0.4807692307692309 0.8725961538461539
5 0.5625000000000001 0.7139423076923077 0.49759615384615397 0.7139423076923077 0.49759615384615397 0.8173076923076923 0.5625000000000001 0.8173076923076923
5 0.2716346153846155 0.7307692307692307 0.2163461538461539 0.7307692307692307 0.2163461538461539 0.8365384615384616 0.2716346153846155 0.8365384615384616
4 0.6730769230769231 0.7427884615384616 0.6129807692307694 0.7427884615384616 0.6129807692307694 0.8317307692307693 0.6730769230769231 0.8317307692307693
9 0.38461538461538475 0.7740384615384616 0.31009615384615397 0.7740384615384616 0.31009615384615397 0.8822115384615384 0.38461538461538475 0.8822115384615384
4 0.6201923076923077 0.7884615384615384 0.560096153846154 0.7884615384615384 0.560096153846154 0.8701923076923077 0.6201923076923077 0.8701923076923077
4 0.7524038461538461 0.8317307692307693 0.6730769230769231 0.8317307692307693 0.6730769230769231 0.9182692307692307 0.7524038461538461 0.9182692307692307
2 0.5264423076923078 0.8052884615384616 0.44230769230769246 0.8052884615384616 0.44230769230769246 0.9783653846153846 0.5264423076923078 0.9783653846153846
4 0.5961538461538463 0.8365384615384616 0.528846153846154 0.8365384615384616 0.528846153846154 0.9471153846153846 0.5961538461538463 0.9471153846153846
8 0.3317307692307694 0.8293269230769231 0.21875000000000006 0.8293269230769231 0.2187500000000001 0.9951923076923077 0.3317307692307694 0.9951923076923077
4 0.8076923076923077 0.9134615384615384 0.7259615384615384 0.9134615384615384 0.7259615384615384 1 0.8076923076923077 1