5 0.3629807692307694 0.6370192307692307 0.32692307692307704 0.6370192307692307 0.32692307692307704 0.7019230769230769 0.3629807692307694 0.7019230769230769
2 0.4182692307692309 0.6177884615384616 0.3701923076923078 0.6177884615384616 0.3701923076923078 0.7403846153846154 0.4182692307692309 0.7403846153846154
4 0.5384615384615385 0.65625 0.4927884615384617 0.65625 0.4927884615384617 0.71875 0.5384615384615385 0.71875
2 0.10576923076923085 0.6538461538461539 0.05288461538461547 0.6538461538461539 0.05288461538461547 0.7283653846153846 0.10576923076923087 0.7283653846153846
8 0.71875 0.6177884615384616 0.6586538461538461 0.6177884615384616 0.6586538461538461 0.7716346153846154 0.71875 0.7716346153846154
4 0.3461538461538463 0.6730769230769231 0.29807692307692313 0.6730769230769231 0.29807692307692313 0.7427884615384616 0.3461538461538463 0.7427884615384616
8 0.8894230769230769 0.6514423076923077 0.8245192307692307 0.6514423076923077 0.8245192307692307 0.7932692307692307 0.8894230769230769 0.7932692307692307
4 0.6177884615384616 0.6947115384615384 0.5576923076923078 0.6947115384615384 0.5576923076923078 0.7692307692307693 0.6177884615384616 0.7692307692307693
4 0.3942307692307694 0.7043269230769231 0.35336538461538475 0.7043269230769231 0.35336538461538475 0.7668269230769231 0.3942307692307694 0.7668269230769231
4 0.5384615384615385 0.7307692307692307 0.48317307692307704 0.7307692307692307 0.48317307692307704 0.8076923076923077 0.5384615384615385 0.8076923076923077
2 0.24759615384615394 0.7427884615384616 0.1850961538461539 0.7427884615384616 0.18509615384615394 0.8509615384615384 0.247596153846154 0.8509615384615384
8 0.8149038461538461 0.7596153846153846 0.71875 0.7596153846153846 0.71875 0.9182692307692307 0.8149038461538461 0.9182692307692307
2 0.5721153846153848 0.8317307692307693 0.5168269230769232 0.8317307692307693 0.5168269230769232 0.9230769230769231 0.5721153846153848 0.9230769230769231