4 0.9182692307692307 0.6105769230769232 0.8581730769230769 0.6105769230769232 0.8581730769230769 0.7043269230769231 0.9182692307692307 0.7043269230769231
4 1 0.6322115384615384 0.9375 0.6322115384615384 0.9375 0.7139423076923077 1 0.7139423076923077
5 0.47836538461538475 0.6586538461538461 0.4086538461538463 0.6586538461538461 0.4086538461538463 0.75 0.47836538461538475 0.75
4 0.34855769230769246 0.6778846153846154 0.2788461538461539 0.6778846153846154 0.2788461538461539 0.7692307692307693 0.34855769230769246 0.7692307692307693
2 0.7211538461538461 0.6754807692307693 0.6514423076923077 0.6754807692307693 0.6514423076923077 0.8557692307692307 0.7211538461538461 0.8557692307692307
4 0.6274038461538461 0.7235576923076923 0.5528846153846155 0.7235576923076923 0.5528846153846155 0.8221153846153846 0.6274038461538461 0.8221153846153846
4 0.8509615384615384 0.7548076923076923 0.7908653846153846 0.7548076923076923 0.7908653846153846 0.8509615384615384 0.8509615384615384 0.8509615384615384
9 0.2235576923076924 0.7283653846153846 0.14423076923076933 0.7283653846153846 0.14423076923076933 0.8798076923076923 0.22355769230769246 0.8798076923076923
5 0.3509615384615386 0.7596153846153846 0.26201923076923084 0.7596153846153846 0.2620192307692309 0.8677884615384616 0.3509615384615386 0.8677884615384616
2 0.9086538461538461 0.7764423076923077 0.8269230769230769 0.7764423076923077 0.8269230769230769 0.8870192307692307 0.9086538461538461 0.8870192307692307
4 0.1875000000000001 0.8004807692307693 0.0937500000000001 0.8004807692307693 0.0937500000000001 0.9278846153846154 0.18750000000000014 0.9278846153846154
2 0.9519230769230769 0.8004807692307693 0.8533653846153846 0.8004807692307693 0.8533653846153846 0.96875 0.9519230769230769 0.96875
2 0.0793269230769232 0.7740384615384616 9.479237243400186e-17 0.7740384615384616 1.0848133304947108e-16 0.9975961538461539 0.07932692307692321 0.9975961538461539
9 0.7860576923076923 0.8677884615384616 0.6923076923076923 0.8677884615384616 0.6923076923076923 1 0.7860576923076923 1