8 0.3125 0.3798076923076923 0.2596153846153847 0.3798076923076923 0.2596153846153847 0.46153846153846156 0.3125 0.46153846153846156
2 0.4567307692307692 0.40384615384615385 0.43028846153846156 0.40384615384615385 0.43028846153846156 0.4543269230769231 0.4567307692307692 0.4543269230769231
4 0.39663461538461536 0.4254807692307692 0.36778846153846156 0.4254807692307692 0.36778846153846156 0.46634615384615385 0.39663461538461536 0.46634615384615385
2 0.4230769230769231 0.4254807692307692 0.39663461538461536 0.4254807692307692 0.39663461538461536 0.4807692307692308 0.4230769230769231 0.4807692307692308
4 0.65625 0.4567307692307694 0.6105769230769231 0.4567307692307694 0.6105769230769231 0.5264423076923078 0.65625 0.5264423076923078
4 0.29807692307692313 0.46875 0.26201923076923084 0.46875 0.26201923076923084 0.5216346153846154 0.29807692307692313 0.5216346153846154
9 0.5865384615384616 0.4615384615384616 0.5504807692307693 0.46153846153846156 0.5504807692307693 0.5384615384615385 0.5865384615384616 0.5384615384615385
2 0.20913461538461545 0.47836538461538464 0.17067307692307698 0.47836538461538464 0.17067307692307698 0.5504807692307693 0.20913461538461545 0.5504807692307693
4 0.1754807692307693 0.49278846153846156 0.13942307692307698 0.49278846153846156 0.13942307692307698 0.5432692307692307 0.1754807692307693 0.5432692307692307
4 0.6947115384615384 0.5528846153846155 0.6586538461538461 0.5528846153846155 0.6586538461538461 0.6225961538461539 0.6947115384615384 0.6225961538461539
2 0.605769230769231 0.5769230769230771 0.5649038461538463 0.5769230769230771 0.5649038461538463 0.6466346153846154 0.605769230769231 0.6466346153846154
4 0.8509615384615384 0.5841346153846155 0.8004807692307693 0.5841346153846155 0.8004807692307693 0.6538461538461539 0.8509615384615384 0.6538461538461539
4 0.42788461538461553 0.6201923076923077 0.3774038461538463 0.6201923076923077 0.3774038461538463 0.6947115384615384 0.42788461538461553 0.6947115384615384
2 0.6802884615384616 0.605769230769231 0.6298076923076923 0.605769230769231 0.6298076923076923 0.7211538461538461 0.6802884615384616 0.7211538461538461
2 0.9951923076923077 0.6610576923076923 0.9326923076923077 0.6610576923076923 0.9326923076923077 0.7644230769230769 0.9951923076923077 0.7644230769230769