4 0.3245192307692308 0.4014423076923077 0.2860576923076924 0.4014423076923077 0.2860576923076924 0.4495192307692308 0.3245192307692308 0.4495192307692308
2 0.25721153846153855 0.41346153846153844 0.22115384615384623 0.41346153846153844 0.22115384615384623 0.46875 0.25721153846153855 0.46875
2 0.29326923076923084 0.43509615384615385 0.24278846153846162 0.43509615384615385 0.24278846153846162 0.5288461538461539 0.29326923076923084 0.5288461538461539
8 0.5504807692307693 0.4182692307692308 0.4206730769230769 0.4182692307692308 0.420673076923077 0.625 0.5504807692307694 0.625
1 0.04326923076923084 0.49278846153846156 0.009615384615384675 0.49278846153846156 0.00961538461538468 0.5600961538461539 0.04326923076923084 0.5600961538461539
8 0.4471153846153847 0.42788461538461536 0.3076923076923077 0.42788461538461536 0.30769230769230776 0.6923076923076923 0.44711538461538475 0.6923076923076923
4 0.3149038461538462 0.5576923076923077 0.2548076923076924 0.5576923076923077 0.2548076923076924 0.6466346153846154 0.3149038461538463 0.6466346153846154
5 0.37259615384615397 0.6899038461538461 0.28846153846153855 0.6899038461538461 0.28846153846153855 0.8221153846153846 0.37259615384615397 0.8221153846153846
4 0.7475961538461539 0.7644230769230769 0.625 0.7644230769230769 0.625 0.9399038461538461 0.7475961538461539 0.9399038461538461
2 0.6225961538461539 0.8509615384615384 0.4807692307692309 0.8509615384615384 0.4807692307692309 1 0.6225961538461539 1
4 0.4711538461538463 0.8605769230769231 0.36538461538461553 0.8605769230769231 0.36538461538461553 1 0.4711538461538463 1