2 0.5769230769230769 0.451923076923077 0.4951923076923077 0.4519230769230769 0.4951923076923077 0.5480769230769231 0.5769230769230769 0.5480769230769232
4 0.6706730769230769 0.4615384615384617 0.5889423076923077 0.4615384615384617 0.5889423076923077 0.5504807692307694 0.6706730769230769 0.5504807692307694
2 0.7740384615384616 0.5793269230769232 0.6298076923076923 0.5793269230769232 0.6298076923076923 0.7548076923076923 0.7740384615384616 0.7548076923076923
4 0.14182692307692318 0.8197115384615384 0.004807692307692408 0.8197115384615384 0.004807692307692412 0.8918269230769231 0.14182692307692318 0.8918269230769231
4 0.153846153846154 0.8774038461538461 0.012019230769230876 0.8774038461538461 0.012019230769230883 0.9615384615384616 0.153846153846154 0.9615384615384616
8 0.5913461538461539 0.21875000000000006 0.5072115384615384 0.21875000000000006 0.5072115384615384 0.3221153846153847 0.5913461538461539 0.32211538461538475
2 0.6129807692307693 0.28846153846153855 0.5552884615384616 0.28846153846153855 0.5552884615384616 0.37019230769230776 0.6129807692307693 0.3701923076923078
2 0.4375 0.3028846153846155 0.3870192307692308 0.3028846153846155 0.3870192307692308 0.3605769230769231 0.4375 0.3605769230769231
4 0.49038461538461536 0.3076923076923077 0.43509615384615385 0.3076923076923077 0.43509615384615385 0.36538461538461536 0.49038461538461536 0.36538461538461536
4 0.3894230769230769 0.3125 0.34615384615384615 0.3125 0.34615384615384615 0.36538461538461536 0.3894230769230769 0.36538461538461536
4 0.5408653846153846 0.36538461538461536 0.4879807692307692 0.36538461538461536 0.4879807692307692 0.4182692307692308 0.5408653846153846 0.4182692307692308
4 0.4879807692307692 0.36778846153846156 0.43028846153846156 0.36778846153846156 0.43028846153846156 0.4254807692307692 0.4879807692307692 0.4254807692307692