8 0.23317307692307698 0.49038461538461536 0.16105769230769237 0.49038461538461536 0.16105769230769237 0.5913461538461539 0.23317307692307698 0.5913461538461539
2 0.33894230769230776 0.5336538461538461 0.2716346153846155 0.5336538461538461 0.2716346153846155 0.6153846153846154 0.3389423076923078 0.6153846153846154
4 0.17788461538461545 0.5745192307692307 0.1177884615384616 0.5745192307692307 0.1177884615384616 0.6514423076923077 0.17788461538461545 0.6514423076923077
9 0.20913461538461545 0.5793269230769231 0.1346153846153847 0.5793269230769231 0.1346153846153847 0.6706730769230769 0.20913461538461545 0.6706730769230769
9 0.2596153846153847 0.6009615384615384 0.17788461538461545 0.6009615384615384 0.17788461538461545 0.6923076923076923 0.2596153846153847 0.6923076923076923
5 0.7475961538461539 0.625 0.6802884615384616 0.625 0.6802884615384616 0.7283653846153846 0.7475961538461539 0.7283653846153846
4 0.2716346153846155 0.6634615384615384 0.19230769230769237 0.6634615384615384 0.19230769230769237 0.7403846153846154 0.2716346153846155 0.7403846153846154
4 0.42788461538461553 0.6658653846153846 0.36538461538461553 0.6658653846153846 0.36538461538461553 0.7572115384615384 0.42788461538461553 0.7572115384615384
2 0.1033653846153847 0.6850961538461539 8.390008119158549e-17 0.6850961538461539 9.287886181033411e-17 0.8317307692307693 0.10336538461538472 0.8317307692307693
1 0.4807692307692309 0.6899038461538461 0.38942307692307704 0.6899038461538461 0.38942307692307704 0.8509615384615384 0.4807692307692309 0.8509615384615384
9 0.23798076923076933 0.71875 0.1298076923076924 0.71875 0.1298076923076924 0.8653846153846154 0.23798076923076936 0.8653846153846154
4 0.3197115384615386 0.8028846153846154 0.23557692307692316 0.8028846153846154 0.23557692307692318 0.9182692307692307 0.3197115384615386 0.9182692307692307
2 0.574519230769231 0.8653846153846154 0.48557692307692324 0.8653846153846154 0.48557692307692324 1 0.574519230769231 1