2 0.4543269230769231 0.3004807692307693 0.4206730769230769 0.3004807692307693 0.4206730769230769 0.3605769230769231 0.4543269230769231 0.3605769230769231
4 0.4543269230769231 0.3701923076923077 0.39663461538461536 0.3701923076923077 0.39663461538461536 0.43509615384615385 0.4543269230769231 0.43509615384615385
5 0.6081730769230769 0.38942307692307704 0.5625 0.38942307692307704 0.5625 0.45913461538461553 0.6081730769230769 0.45913461538461553
2 0.7139423076923077 0.4182692307692309 0.6634615384615384 0.4182692307692309 0.6634615384615384 0.4807692307692309 0.7139423076923077 0.4807692307692309
2 0.6971153846153846 0.44711538461538475 0.6394230769230769 0.44711538461538475 0.6394230769230769 0.5408653846153848 0.6971153846153846 0.5408653846153848
2 0.8052884615384616 0.4567307692307694 0.7163461538461539 0.4567307692307694 0.7163461538461539 0.6274038461538461 0.8052884615384616 0.6274038461538461
2 0.875 0.49759615384615397 0.7932692307692307 0.49759615384615397 0.7932692307692307 0.6081730769230771 0.875 0.6081730769230771
4 0.6394230769230769 0.49038461538461553 0.5817307692307693 0.49038461538461553 0.5817307692307693 0.6177884615384616 0.6394230769230769 0.6177884615384616
1 0.6802884615384616 0.5456730769230771 0.6442307692307693 0.5456730769230771 0.6442307692307693 0.6225961538461539 0.6802884615384616 0.6225961538461539
4 0.3365384615384616 0.5264423076923077 0.24519230769230776 0.5264423076923077 0.24519230769230776 0.6634615384615384 0.3365384615384617 0.6634615384615384
1 0.1033653846153847 0.6754807692307693 0.0408653846153847 0.6754807692307693 0.040865384615384706 0.8028846153846154 0.10336538461538472 0.8028846153846154
8 1 0.6899038461538461 0.8918269230769231 0.6899038461538461 0.8918269230769231 1 1 1
8 0.8846153846153846 0.7139423076923077 0.6658653846153846 0.7139423076923077 0.6658653846153846 1 0.8846153846153846 1