4 0.25000000000000006 0.6418269230769231 0.19951923076923084 0.6418269230769231 0.19951923076923084 0.7139423076923077 0.25000000000000006 0.7139423076923077
4 0.28125000000000006 0.6730769230769231 0.2283653846153847 0.6730769230769231 0.2283653846153847 0.7379807692307693 0.28125000000000006 0.7379807692307693
4 0.3677884615384617 0.6850961538461539 0.3076923076923078 0.6850961538461539 0.3076923076923078 0.7596153846153846 0.3677884615384617 0.7596153846153846
2 0.7788461538461539 0.6754807692307693 0.7259615384615384 0.6754807692307693 0.7259615384615384 0.7716346153846154 0.7788461538461539 0.7716346153846154
2 0.6586538461538461 0.6634615384615384 0.5889423076923078 0.6634615384615384 0.5889423076923078 0.8125 0.6586538461538461 0.8125
8 0.5240384615384617 0.6658653846153846 0.4134615384615386 0.6658653846153846 0.4134615384615386 0.875 0.5240384615384617 0.875
4 0.3870192307692309 0.7427884615384616 0.31730769230769246 0.7427884615384616 0.31730769230769246 0.8389423076923077 0.3870192307692309 0.8389423076923077
5 0.6033653846153848 0.7644230769230769 0.5384615384615385 0.7644230769230769 0.5384615384615385 0.8677884615384616 0.6033653846153848 0.8677884615384616
2 0.5264423076923078 0.78125 0.44711538461538475 0.78125 0.44711538461538475 0.9230769230769231 0.5264423076923078 0.9230769230769231
2 0.7427884615384616 0.7764423076923077 0.6658653846153846 0.7764423076923077 0.6658653846153846 0.9326923076923077 0.7427884615384616 0.9326923076923077
4 0.6586538461538461 0.8461538461538461 0.5889423076923078 0.8461538461538461 0.5889423076923078 0.9495192307692307 0.6586538461538461 0.9495192307692307
2 0.32211538461538475 0.8509615384615384 0.23798076923076936 0.8509615384615384 0.23798076923076936 0.9615384615384616 0.32211538461538475 0.9615384615384616
4 0.543269230769231 0.8966346153846154 0.4639423076923078 0.8966346153846154 0.4639423076923078 0.9903846153846154 0.543269230769231 0.9903846153846154
9 0.8774038461538461 0.9134615384615384 0.7620192307692307 0.9134615384615384 0.7620192307692307 1 0.8774038461538461 1