8 0.7355769230769231 0.42788461538461553 0.6899038461538461 0.42788461538461553 0.6899038461538461 0.5264423076923078 0.7355769230769231 0.5264423076923078
8 0.2475961538461539 0.43028846153846156 0.1850961538461539 0.43028846153846156 0.1850961538461539 0.5360576923076923 0.2475961538461539 0.5360576923076923
8 0.6682692307692307 0.4495192307692309 0.6201923076923077 0.4495192307692309 0.6201923076923077 0.5336538461538463 0.6682692307692307 0.5336538461538463
4 0.34134615384615385 0.47596153846153844 0.28846153846153855 0.47596153846153844 0.28846153846153855 0.53125 0.34134615384615385 0.53125
2 0.59375 0.4735576923076924 0.5576923076923077 0.4735576923076923 0.5576923076923077 0.5336538461538463 0.59375 0.5336538461538463
2 0.605769230769231 0.5649038461538463 0.5625000000000001 0.5649038461538463 0.5625000000000001 0.6394230769230769 0.605769230769231 0.6394230769230769
4 0.22596153846153852 0.6129807692307693 0.1754807692307693 0.6129807692307693 0.1754807692307693 0.6802884615384616 0.22596153846153852 0.6802884615384616
8 0.8629807692307693 0.5697115384615385 0.7379807692307693 0.5697115384615385 0.7379807692307693 0.7644230769230769 0.8629807692307693 0.7644230769230769
2 0.2908653846153847 0.6081730769230769 0.23557692307692316 0.6081730769230769 0.23557692307692316 0.7307692307692307 0.2908653846153847 0.7307692307692307
4 0.574519230769231 0.6490384615384616 0.5216346153846155 0.6490384615384616 0.5216346153846155 0.7283653846153846 0.574519230769231 0.7283653846153846
2 0.2235576923076924 0.75 0.14663461538461547 0.75 0.14663461538461547 0.8557692307692307 0.22355769230769246 0.8557692307692307