4 0.3125000000000001 0.6394230769230769 0.26201923076923084 0.6394230769230769 0.26201923076923084 0.7115384615384616 0.3125000000000001 0.7115384615384616
4 0.6826923076923077 0.6442307692307693 0.6298076923076923 0.6442307692307693 0.6298076923076923 0.7355769230769231 0.6826923076923077 0.7355769230769231
2 0.7716346153846154 0.6105769230769232 0.7067307692307693 0.6105769230769232 0.7067307692307693 0.7692307692307693 0.7716346153846154 0.7692307692307693
2 0.25000000000000006 0.6658653846153846 0.1754807692307693 0.6658653846153846 0.1754807692307693 0.7548076923076923 0.25000000000000006 0.7548076923076923
4 0.9038461538461539 0.6875 0.8341346153846154 0.6875 0.8341346153846154 0.7884615384615384 0.9038461538461539 0.7884615384615384
2 0.3942307692307694 0.6899038461538461 0.32692307692307704 0.6899038461538461 0.32692307692307704 0.7860576923076923 0.3942307692307694 0.7860576923076923
2 0.8485576923076923 0.7283653846153846 0.7764423076923077 0.7283653846153846 0.7764423076923077 0.8509615384615384 0.8485576923076923 0.8509615384615384
2 0.9735576923076923 0.7139423076923077 0.8918269230769231 0.7139423076923077 0.8918269230769231 0.8798076923076923 0.9735576923076923 0.8798076923076923
5 0.36538461538461553 0.7355769230769231 0.2836538461538462 0.7355769230769231 0.28365384615384626 0.8581730769230769 0.36538461538461553 0.8581730769230769
4 0.22596153846153857 0.7836538461538461 0.14663461538461547 0.7836538461538461 0.14663461538461547 0.8870192307692307 0.2259615384615386 0.8870192307692307
5 0.5625000000000001 0.7764423076923077 0.48317307692307704 0.7764423076923077 0.48317307692307704 0.9182692307692307 0.5625000000000001 0.9182692307692307
9 0.8341346153846154 0.7788461538461539 0.7475961538461539 0.7788461538461539 0.7475961538461539 0.9206730769230769 0.8341346153846154 0.9206730769230769
9 0.10817307692307704 0.7956730769230769 0.004807692307692406 0.7956730769230769 0.004807692307692417 1 0.10817307692307707 1
5 0.18990384615384628 0.8725961538461539 0.08413461538461549 0.8725961538461539 0.0841346153846155 1 0.18990384615384628 1
4 0.4615384615384617 0.8966346153846154 0.37980769230769246 0.8966346153846154 0.37980769230769246 1 0.4615384615384617 1