9 0.6322115384615384 0.25000000000000006 0.59375 0.25000000000000006 0.59375 0.295673076923077 0.6322115384615384 0.295673076923077
8 0.875 0.2812500000000001 0.8293269230769231 0.28125000000000006 0.8293269230769231 0.3461538461538463 0.875 0.3461538461538463
8 0.7980769230769231 0.29326923076923084 0.7427884615384616 0.29326923076923084 0.7427884615384616 0.36057692307692324 0.7980769230769231 0.36057692307692324
4 0.5264423076923077 0.33653846153846156 0.47836538461538464 0.33653846153846156 0.47836538461538464 0.3870192307692308 0.5264423076923077 0.3870192307692308
4 0.6129807692307693 0.33413461538461553 0.5649038461538461 0.33413461538461553 0.5649038461538461 0.4014423076923078 0.6129807692307693 0.4014423076923078
1 0.45913461538461536 0.3581730769230769 0.43028846153846156 0.3581730769230769 0.43028846153846156 0.40625 0.45913461538461536 0.40625
2 0.6971153846153846 0.3317307692307694 0.6514423076923077 0.3317307692307694 0.6514423076923077 0.43509615384615397 0.6971153846153846 0.43509615384615397
4 0.8918269230769231 0.3509615384615386 0.8509615384615384 0.3509615384615386 0.8509615384615384 0.4254807692307694 0.8918269230769231 0.4254807692307694
4 0.43990384615384615 0.38221153846153844 0.3701923076923077 0.38221153846153844 0.3701923076923077 0.4567307692307692 0.43990384615384615 0.4567307692307692
4 0.5673076923076923 0.41346153846153855 0.5024038461538461 0.41346153846153844 0.5024038461538461 0.48076923076923084 0.5673076923076923 0.4807692307692309
2 0.8004807692307693 0.43509615384615397 0.7307692307692307 0.43509615384615397 0.7307692307692307 0.5312500000000001 0.8004807692307693 0.5312500000000001
2 0.5961538461538463 0.4783653846153847 0.5168269230769231 0.47836538461538464 0.5168269230769231 0.5697115384615385 0.5961538461538463 0.5697115384615385
4 0.7283653846153846 0.5721153846153848 0.6442307692307693 0.5721153846153848 0.6442307692307693 0.7139423076923077 0.7283653846153846 0.7139423076923077
1 0.06490384615384624 0.6346153846153846 0.009615384615384692 0.6346153846153846 0.009615384615384696 0.6971153846153846 0.06490384615384624 0.6971153846153846
2 0.1298076923076924 0.6682692307692307 0.002403846153846236 0.6682692307692307 0.002403846153846244 0.8028846153846154 0.1298076923076924 0.8028846153846154
2 0.528846153846154 0.6971153846153846 0.38461538461538475 0.6971153846153846 0.38461538461538475 0.9735576923076923 0.528846153846154 0.9735576923076923