4 0.1850961538461539 0.47115384615384615 0.14663461538461545 0.47115384615384615 0.14663461538461545 0.5120192307692307 0.1850961538461539 0.5120192307692307
2 0.6538461538461539 0.46634615384615397 0.6201923076923077 0.46634615384615397 0.6201923076923077 0.528846153846154 0.6538461538461539 0.528846153846154
1 0.2379807692307693 0.4879807692307692 0.21875000000000006 0.4879807692307692 0.21875000000000006 0.5408653846153846 0.2379807692307693 0.5408653846153846
2 0.4086538461538462 0.49759615384615385 0.37740384615384615 0.49759615384615385 0.3774038461538462 0.5673076923076923 0.4086538461538463 0.5673076923076923
4 0.6225961538461539 0.5000000000000001 0.5913461538461539 0.5000000000000001 0.591346153846154 0.574519230769231 0.6225961538461539 0.574519230769231
2 0.17788461538461545 0.5336538461538461 0.1442307692307693 0.5336538461538461 0.1442307692307693 0.5817307692307693 0.17788461538461545 0.5817307692307693
8 0.358173076923077 0.5168269230769231 0.295673076923077 0.5168269230769231 0.295673076923077 0.6370192307692307 0.35817307692307704 0.6370192307692307
2 0.4399038461538462 0.5576923076923077 0.40384615384615385 0.5576923076923077 0.4038461538461539 0.6201923076923077 0.4399038461538463 0.6201923076923077
2 0.8173076923076923 0.5552884615384617 0.7668269230769231 0.5552884615384617 0.7668269230769231 0.65625 0.8173076923076923 0.65625
4 0.16346153846153852 0.5817307692307693 0.1129807692307693 0.5817307692307693 0.1129807692307693 0.6490384615384616 0.16346153846153852 0.6490384615384616
4 0.8894230769230769 0.6129807692307694 0.8389423076923077 0.6129807692307694 0.8389423076923077 0.6899038461538461 0.8894230769230769 0.6899038461538461
5 0.16105769230769237 0.6490384615384616 0.11538461538461545 0.6490384615384616 0.11538461538461547 0.7091346153846154 0.16105769230769237 0.7091346153846154
2 0.9951923076923077 0.6730769230769231 0.9350961538461539 0.6730769230769231 0.9350961538461539 0.7644230769230769 0.9951923076923077 0.7644230769230769
9 0.4086538461538463 0.6730769230769231 0.3557692307692309 0.6730769230769231 0.3557692307692309 0.7932692307692307 0.4086538461538463 0.7932692307692307
2 0.7692307692307693 0.7259615384615384 0.7019230769230769 0.7259615384615384 0.7019230769230769 0.8365384615384616 0.7692307692307693 0.8365384615384616
4 0.6514423076923077 0.7596153846153846 0.5961538461538463 0.7596153846153846 0.5961538461538463 0.8653846153846154 0.6514423076923077 0.8653846153846154
2 1 0.7596153846153846 0.9447115384615384 0.7596153846153846 0.9447115384615384 0.9399038461538461 1 0.9399038461538461