2 0.3149038461538463 0.5721153846153846 0.2716346153846155 0.5721153846153846 0.2716346153846155 0.6466346153846154 0.3149038461538463 0.6466346153846154
2 0.4254807692307694 0.5793269230769231 0.38942307692307704 0.5793269230769231 0.38942307692307704 0.6538461538461539 0.4254807692307694 0.6538461538461539
8 0.46634615384615397 0.5865384615384616 0.4182692307692309 0.5865384615384616 0.4182692307692309 0.6850961538461539 0.46634615384615397 0.6850961538461539
2 0.39663461538461553 0.6033653846153846 0.3461538461538463 0.6033653846153846 0.3461538461538463 0.6923076923076923 0.39663461538461553 0.6923076923076923
4 0.22596153846153852 0.6322115384615384 0.17067307692307698 0.6322115384615384 0.17067307692307698 0.6923076923076923 0.22596153846153852 0.6923076923076923
2 0.6153846153846154 0.6466346153846154 0.5721153846153848 0.6466346153846154 0.5721153846153848 0.7259615384615384 0.6153846153846154 0.7259615384615384
8 0.7235576923076923 0.6418269230769231 0.6658653846153846 0.6418269230769231 0.6658653846153846 0.7379807692307693 0.7235576923076923 0.7379807692307693
2 0.5336538461538463 0.6730769230769231 0.4807692307692309 0.6730769230769231 0.4807692307692309 0.7548076923076923 0.5336538461538463 0.7548076923076923
8 0.8942307692307693 0.6586538461538461 0.8365384615384616 0.6586538461538461 0.8365384615384616 0.7740384615384616 0.8942307692307693 0.7740384615384616
4 0.05288461538461548 0.7211538461538461 0.009615384615384704 0.7211538461538461 0.009615384615384711 0.8221153846153846 0.05288461538461549 0.8221153846153846
8 0.8149038461538461 0.6995192307692307 0.7403846153846154 0.6995192307692307 0.7403846153846154 0.875 0.8149038461538461 0.875
4 0.591346153846154 0.7692307692307693 0.5360576923076924 0.7692307692307693 0.5360576923076924 0.8389423076923077 0.591346153846154 0.8389423076923077
8 0.6947115384615384 0.7307692307692307 0.6225961538461539 0.7307692307692307 0.6225961538461539 0.9014423076923077 0.6947115384615384 0.9014423076923077
2 0.31730769230769246 0.7668269230769231 0.2596153846153847 0.7668269230769231 0.2596153846153847 0.8918269230769231 0.31730769230769246 0.8918269230769231