4 0.5408653846153846 0.25000000000000006 0.5120192307692307 0.25000000000000006 0.5120192307692307 0.29326923076923084 0.5408653846153846 0.29326923076923084
2 0.6033653846153846 0.2692307692307693 0.5649038461538461 0.2692307692307693 0.5649038461538461 0.3125000000000001 0.6033653846153846 0.3125000000000001
1 0.5024038461538461 0.27644230769230776 0.4855769230769231 0.27644230769230776 0.4855769230769231 0.31009615384615385 0.5024038461538461 0.31009615384615385
2 0.44711538461538464 0.2860576923076924 0.3870192307692308 0.2860576923076924 0.3870192307692308 0.34134615384615385 0.44711538461538464 0.34134615384615385
4 0.6971153846153846 0.2908653846153847 0.6658653846153846 0.2908653846153847 0.6658653846153846 0.3461538461538463 0.6971153846153846 0.3461538461538463
8 0.8004807692307693 0.264423076923077 0.75 0.264423076923077 0.75 0.3774038461538463 0.8004807692307693 0.3774038461538463
4 0.6490384615384616 0.3052884615384616 0.6129807692307693 0.3052884615384616 0.6129807692307693 0.35817307692307704 0.6490384615384616 0.35817307692307704
8 0.3701923076923077 0.3293269230769231 0.2860576923076924 0.3293269230769231 0.2860576923076924 0.43509615384615385 0.3701923076923077 0.43509615384615385
2 0.40865384615384615 0.36778846153846156 0.35336538461538464 0.36778846153846156 0.35336538461538464 0.42788461538461536 0.40865384615384615 0.42788461538461536
4 0.6201923076923077 0.4134615384615386 0.5673076923076923 0.4134615384615386 0.5673076923076923 0.48317307692307704 0.6201923076923077 0.48317307692307704
1 0.26682692307692313 0.42788461538461536 0.23557692307692316 0.42788461538461536 0.23557692307692316 0.4807692307692308 0.26682692307692313 0.4807692307692308
4 0.7115384615384616 0.41586538461538475 0.65625 0.41586538461538475 0.65625 0.5048076923076924 0.7115384615384616 0.5048076923076924
4 0.5240384615384616 0.4543269230769231 0.46634615384615385 0.4543269230769231 0.46634615384615385 0.5360576923076923 0.5240384615384616 0.5360576923076923
2 0.608173076923077 0.49519230769230776 0.5384615384615384 0.4951923076923077 0.5384615384615385 0.6370192307692307 0.6081730769230771 0.6370192307692307
4 0.1850961538461539 0.5576923076923077 0.0865384615384616 0.5576923076923077 0.0865384615384616 0.6442307692307693 0.1850961538461539 0.6442307692307693
4 0.4807692307692309 0.5793269230769231 0.40384615384615397 0.5793269230769231 0.40384615384615397 0.6850961538461539 0.4807692307692309 0.6850961538461539
4 0.2692307692307693 0.6274038461538461 0.17067307692307698 0.6274038461538461 0.17067307692307698 0.7115384615384616 0.2692307692307693 0.7115384615384616
4 0.18028846153846162 0.6274038461538461 0.07932692307692314 0.6274038461538461 0.07932692307692316 0.7211538461538461 0.18028846153846162 0.7211538461538461
5 0.5985576923076924 0.6706730769230769 0.5096153846153848 0.6706730769230769 0.5096153846153848 0.8485576923076923 0.5985576923076924 0.8485576923076923
4 0.3750000000000001 0.8677884615384616 0.247596153846154 0.8677884615384616 0.247596153846154 1 0.3750000000000001 1