2 0.22596153846153852 0.46875 0.19230769230769237 0.46875 0.19230769230769237 0.5288461538461539 0.22596153846153852 0.5288461538461539
2 0.06250000000000006 0.46153846153846156 0.0072115384615385174 0.46153846153846156 0.0072115384615385235 0.5600961538461539 0.06250000000000007 0.5600961538461539
2 0.5384615384615384 0.4879807692307692 0.5024038461538461 0.4879807692307692 0.5024038461538461 0.5456730769230769 0.5384615384615384 0.5456730769230769
2 0.2067307692307693 0.4831730769230769 0.16105769230769237 0.4831730769230769 0.16105769230769237 0.5552884615384616 0.2067307692307693 0.5552884615384616
2 0.6394230769230769 0.49038461538461553 0.5961538461538461 0.49038461538461553 0.5961538461538461 0.5552884615384617 0.6394230769230769 0.5552884615384617
8 0.10576923076923084 0.5168269230769231 0.04326923076923084 0.5168269230769231 0.04326923076923084 0.5865384615384616 0.10576923076923084 0.5865384615384616
4 0.1538461538461539 0.5336538461538461 0.11057692307692314 0.5336538461538461 0.11057692307692314 0.6009615384615384 0.1538461538461539 0.6009615384615384
2 0.048076923076923156 0.5216346153846154 6.3881816205523e-17 0.5216346153846154 7.079989307570634e-17 0.6346153846153846 0.04807692307692316 0.6346153846153846
2 0.6129807692307693 0.5576923076923078 0.5673076923076923 0.5576923076923078 0.5673076923076924 0.6298076923076923 0.6129807692307694 0.6298076923076923
2 0.5504807692307693 0.5504807692307693 0.5024038461538461 0.5504807692307693 0.5024038461538463 0.6610576923076923 0.5504807692307694 0.6610576923076923
2 0.6418269230769231 0.6274038461538461 0.591346153846154 0.6274038461538461 0.591346153846154 0.7091346153846154 0.6418269230769231 0.7091346153846154
4 0.06250000000000008 0.6057692307692307 7.418533494834929e-17 0.6057692307692307 8.22809568177128e-17 0.7379807692307693 0.06250000000000008 0.7379807692307693
2 0.5697115384615385 0.6538461538461539 0.5168269230769232 0.6538461538461539 0.5168269230769232 0.7475961538461539 0.5697115384615385 0.7475961538461539
8 0.7524038461538461 0.6394230769230769 0.6850961538461539 0.6394230769230769 0.6850961538461539 0.7956730769230769 0.7524038461538461 0.7956730769230769
2 0.6682692307692307 0.6754807692307693 0.605769230769231 0.6754807692307693 0.605769230769231 0.8197115384615384 0.6682692307692307 0.8197115384615384
8 0.9350961538461539 0.6778846153846154 0.8149038461538461 0.6778846153846154 0.8149038461538461 0.8846153846153846 0.9350961538461539 0.8846153846153846
4 0.6346153846153846 0.8701923076923077 0.5528846153846155 0.8701923076923077 0.5528846153846155 1 0.6346153846153846 1