5 0.5240384615384616 0.24519230769230776 0.49038461538461536 0.24519230769230776 0.49038461538461536 0.28125000000000006 0.5240384615384616 0.28125000000000006
9 0.7163461538461539 0.25721153846153855 0.6778846153846154 0.25721153846153855 0.6778846153846154 0.3197115384615386 0.7163461538461539 0.3197115384615386
4 0.5721153846153846 0.264423076923077 0.5432692307692307 0.264423076923077 0.5432692307692307 0.3149038461538462 0.5721153846153846 0.3149038461538463
2 0.4639423076923077 0.2716346153846155 0.4182692307692308 0.2716346153846155 0.4182692307692308 0.3317307692307692 0.4639423076923077 0.3317307692307692
4 0.7692307692307693 0.2716346153846155 0.7379807692307693 0.2716346153846155 0.7379807692307693 0.3317307692307694 0.7692307692307693 0.3317307692307694
4 0.6153846153846154 0.2836538461538462 0.5817307692307693 0.2836538461538462 0.5817307692307693 0.3245192307692309 0.6153846153846154 0.3245192307692309
2 0.6346153846153846 0.3125000000000001 0.5961538461538461 0.3125000000000001 0.5961538461538461 0.37259615384615397 0.6346153846153846 0.37259615384615397
2 0.7908653846153846 0.3461538461538463 0.75 0.3461538461538463 0.75 0.42067307692307704 0.7908653846153846 0.42067307692307704
9 0.6370192307692307 0.3701923076923078 0.5889423076923077 0.3701923076923078 0.5889423076923077 0.45432692307692324 0.6370192307692307 0.45432692307692324
2 0.71875 0.3774038461538463 0.6706730769230769 0.3774038461538463 0.6706730769230769 0.4927884615384617 0.71875 0.4927884615384617
8 0.20913461538461545 0.4831730769230769 0.09855769230769237 0.4831730769230769 0.09855769230769237 0.5913461538461539 0.20913461538461545 0.5913461538461539
1 0.07451923076923084 0.5240384615384616 0.03365384615384622 0.5240384615384616 0.03365384615384623 0.59375 0.07451923076923084 0.59375
4 0.4639423076923078 0.7331730769230769 0.35336538461538475 0.7331730769230769 0.35336538461538475 0.9230769230769231 0.4639423076923078 0.9230769230769231
4 0.3245192307692309 0.7788461538461539 0.17307692307692316 0.7788461538461539 0.17307692307692318 0.9783653846153846 0.3245192307692309 0.9783653846153846