2 0.6634615384615384 0.5336538461538463 0.6081730769230769 0.5336538461538463 0.608173076923077 0.6322115384615384 0.6634615384615384 0.6322115384615384
9 0.45432692307692313 0.5576923076923077 0.40865384615384615 0.5576923076923077 0.4086538461538462 0.6225961538461539 0.45432692307692324 0.6225961538461539
4 0.7524038461538461 0.6105769230769232 0.7139423076923077 0.6105769230769232 0.7139423076923077 0.6826923076923077 0.7524038461538461 0.6826923076923077
4 0.24519230769230776 0.6201923076923077 0.19230769230769237 0.6201923076923077 0.19230769230769237 0.6754807692307693 0.24519230769230776 0.6754807692307693
4 0.15625000000000006 0.6658653846153846 0.0817307692307693 0.6658653846153846 0.08173076923076932 0.7451923076923077 0.15625000000000006 0.7451923076923077
2 0.6322115384615384 0.6538461538461539 0.5673076923076924 0.6538461538461539 0.5673076923076924 0.7572115384615384 0.6322115384615384 0.7572115384615384
2 0.4062500000000001 0.6923076923076923 0.3389423076923078 0.6923076923076923 0.3389423076923078 0.7764423076923077 0.4062500000000001 0.7764423076923077
4 0.7980769230769231 0.6947115384615384 0.7403846153846154 0.6947115384615384 0.7403846153846154 0.7740384615384616 0.7980769230769231 0.7740384615384616
4 0.6177884615384616 0.7475961538461539 0.5456730769230771 0.7475961538461539 0.5456730769230771 0.8701923076923077 0.6177884615384616 0.8701923076923077
4 0.7692307692307693 0.7932692307692307 0.7019230769230769 0.7932692307692307 0.7019230769230769 0.8990384615384616 0.7692307692307693 0.8990384615384616
9 0.11298076923076933 0.7932692307692307 0.004807692307692406 0.7932692307692307 0.004807692307692415 0.9471153846153846 0.11298076923076933 0.9471153846153846
5 0.4759615384615386 0.8245192307692307 0.3942307692307694 0.8245192307692307 0.3942307692307694 0.9471153846153846 0.4759615384615386 0.9471153846153846