4 0.7019230769230769 0.47355769230769246 0.6610576923076923 0.47355769230769246 0.6610576923076923 0.5552884615384617 0.7019230769230769 0.5552884615384617
0 0.5625000000000001 0.44951923076923084 0.43028846153846156 0.4495192307692308 0.4302884615384616 0.6754807692307693 0.5625000000000001 0.6754807692307693
2 0.7427884615384616 0.5336538461538463 0.6875 0.5336538461538463 0.6875 0.6274038461538461 0.7427884615384616 0.6274038461538461
2 0.8317307692307693 0.5360576923076924 0.7716346153846154 0.5360576923076924 0.7716346153846154 0.6370192307692307 0.8317307692307693 0.6370192307692307
8 0.6610576923076923 0.4975961538461539 0.5456730769230769 0.49759615384615385 0.545673076923077 0.7740384615384616 0.6610576923076923 0.7740384615384616
8 0.5528846153846155 0.5769230769230769 0.48557692307692324 0.5769230769230769 0.48557692307692324 0.7259615384615384 0.5528846153846155 0.7259615384615384
4 0.7259615384615384 0.6153846153846154 0.6610576923076923 0.6153846153846154 0.6610576923076923 0.7283653846153846 0.7259615384615384 0.7283653846153846
4 0.44711538461538475 0.6610576923076923 0.3701923076923078 0.6610576923076923 0.3701923076923078 0.7668269230769231 0.44711538461538475 0.7668269230769231
4 0.7884615384615384 0.6995192307692307 0.7139423076923077 0.6995192307692307 0.7139423076923077 0.8509615384615384 0.7884615384615384 0.8509615384615384
4 0.560096153846154 0.7524038461538461 0.47355769230769246 0.7524038461538461 0.47355769230769246 0.9086538461538461 0.560096153846154 0.9086538461538461
2 0.4615384615384617 0.7716346153846154 0.3317307692307694 0.7716346153846154 0.3317307692307694 0.9591346153846154 0.4615384615384617 0.9591346153846154
2 0.65625 0.7788461538461539 0.5528846153846155 0.7788461538461539 0.5528846153846155 0.9903846153846154 0.65625 0.9903846153846154