8 0.389423076923077 0.5192307692307693 0.3293269230769231 0.5192307692307693 0.32932692307692313 0.6418269230769231 0.38942307692307704 0.6418269230769231
2 0.4615384615384617 0.6009615384615384 0.4182692307692309 0.6009615384615384 0.4182692307692309 0.6610576923076923 0.4615384615384617 0.6610576923076923
2 0.2788461538461539 0.6009615384615384 0.24038461538461545 0.6009615384615384 0.24038461538461545 0.6634615384615384 0.2788461538461539 0.6634615384615384
4 0.23557692307692316 0.6418269230769231 0.18269230769230776 0.6418269230769231 0.18269230769230776 0.7019230769230769 0.23557692307692316 0.7019230769230769
2 0.05288461538461547 0.6370192307692307 7.801235619568476e-17 0.6370192307692307 8.272253619240535e-17 0.7139423076923077 0.05288461538461547 0.7139423076923077
4 0.49038461538461553 0.6442307692307693 0.44230769230769246 0.6442307692307693 0.44230769230769246 0.7139423076923077 0.49038461538461553 0.7139423076923077
4 0.3677884615384617 0.7067307692307693 0.31009615384615397 0.7067307692307693 0.31009615384615397 0.7788461538461539 0.3677884615384617 0.7788461538461539
4 0.5504807692307694 0.7211538461538461 0.49038461538461553 0.7211538461538461 0.49038461538461553 0.7884615384615384 0.5504807692307694 0.7884615384615384
2 0.9495192307692307 0.7692307692307693 0.8942307692307693 0.7692307692307693 0.8942307692307693 0.8629807692307693 0.9495192307692307 0.8629807692307693
2 0.8894230769230769 0.7740384615384616 0.8293269230769231 0.7740384615384616 0.8293269230769231 0.8798076923076923 0.8894230769230769 0.8798076923076923
8 0.6370192307692307 0.7524038461538461 0.5024038461538463 0.7524038461538461 0.5024038461538463 1 0.6370192307692307 1
4 0.4014423076923078 0.8653846153846154 0.32211538461538475 0.8653846153846154 0.32211538461538475 0.9567307692307693 0.4014423076923078 0.9567307692307693