5 0.4326923076923077 0.38221153846153844 0.3870192307692308 0.38221153846153844 0.3870192307692308 0.4375 0.4326923076923077 0.4375
2 0.4807692307692308 0.375 0.4326923076923077 0.375 0.4326923076923077 0.4495192307692308 0.4807692307692308 0.4495192307692308
8 0.9038461538461539 0.34134615384615397 0.8341346153846154 0.34134615384615397 0.8341346153846154 0.5168269230769232 0.9038461538461539 0.5168269230769232
4 0.7620192307692307 0.4134615384615386 0.7115384615384616 0.4134615384615386 0.7115384615384616 0.4711538461538463 0.7620192307692307 0.4711538461538463
5 0.3870192307692308 0.41346153846153844 0.3269230769230769 0.41346153846153844 0.3269230769230769 0.47836538461538464 0.3870192307692308 0.47836538461538464
5 0.4471153846153847 0.4735576923076923 0.375 0.4735576923076923 0.37500000000000006 0.5769230769230769 0.44711538461538475 0.5769230769230769
2 0.7764423076923077 0.49759615384615397 0.71875 0.49759615384615397 0.71875 0.5841346153846155 0.7764423076923077 0.5841346153846155
2 0.6899038461538461 0.5048076923076924 0.6298076923076923 0.5048076923076924 0.6298076923076923 0.5985576923076924 0.6899038461538461 0.5985576923076924
2 0.5937500000000001 0.5072115384615385 0.5192307692307693 0.5072115384615384 0.5192307692307693 0.6225961538461539 0.5937500000000001 0.6225961538461539
2 0.21394230769230776 0.5769230769230769 0.09615384615384623 0.5769230769230769 0.09615384615384623 0.6706730769230769 0.21394230769230776 0.6706730769230769
4 0.2283653846153847 0.6418269230769231 0.11538461538461545 0.6418269230769231 0.11538461538461547 0.7427884615384616 0.2283653846153847 0.7427884615384616
2 0.5048076923076924 0.7331730769230769 0.3774038461538463 0.7331730769230769 0.3774038461538463 0.9110576923076923 0.5048076923076924 0.9110576923076923