4 0.23557692307692316 0.5865384615384616 0.19230769230769237 0.5865384615384616 0.19230769230769237 0.6466346153846154 0.23557692307692316 0.6466346153846154
2 0.3004807692307693 0.5576923076923077 0.2548076923076924 0.5576923076923077 0.2548076923076924 0.6754807692307693 0.3004807692307693 0.6754807692307693
5 0.16346153846153852 0.625 0.10576923076923084 0.625 0.10576923076923085 0.7019230769230769 0.16346153846153852 0.7019230769230769
4 0.605769230769231 0.6730769230769231 0.5552884615384617 0.6730769230769231 0.5552884615384617 0.7475961538461539 0.605769230769231 0.7475961538461539
2 0.5769230769230771 0.7235576923076923 0.5048076923076924 0.7235576923076923 0.5048076923076924 0.8389423076923077 0.5769230769230771 0.8389423076923077
2 0.9110576923076923 0.7283653846153846 0.8245192307692307 0.7283653846153846 0.8245192307692307 0.8774038461538461 0.9110576923076923 0.8774038461538461
9 0.18509615384615394 0.7524038461538461 0.10817307692307702 0.7524038461538461 0.10817307692307702 0.875 0.185096153846154 0.875
4 0.6995192307692307 0.7668269230769231 0.6225961538461539 0.7668269230769231 0.6225961538461539 0.8725961538461539 0.6995192307692307 0.8725961538461539
4 0.3557692307692309 0.7788461538461539 0.28125000000000006 0.7788461538461539 0.2812500000000001 0.8774038461538461 0.3557692307692309 0.8774038461538461
4 0.8028846153846154 0.7884615384615384 0.7355769230769231 0.7884615384615384 0.7355769230769231 0.8725961538461539 0.8028846153846154 0.8725961538461539
2 0.8293269230769231 0.8725961538461539 0.7379807692307693 0.8725961538461539 0.7379807692307693 0.96875 0.8293269230769231 0.96875
2 0.31009615384615397 0.8509615384615384 0.21875000000000014 0.8509615384615384 0.21875000000000014 1 0.31009615384615397 1
2 0.18269230769230782 0.8966346153846154 0.08653846153846165 0.8966346153846154 0.08653846153846166 1 0.18269230769230782 1