2 0.5673076923076923 0.38221153846153855 0.5336538461538461 0.38221153846153844 0.5336538461538461 0.4567307692307693 0.5673076923076923 0.4567307692307694
2 0.4375 0.40625 0.39903846153846156 0.40625 0.39903846153846156 0.47596153846153844 0.4375 0.47596153846153844
1 0.2740384615384616 0.43990384615384615 0.2524038461538462 0.43990384615384615 0.2524038461538462 0.4879807692307692 0.2740384615384616 0.4879807692307692
4 0.17067307692307698 0.4375 0.13701923076923084 0.4375 0.13701923076923084 0.4879807692307692 0.17067307692307698 0.4879807692307692
2 0.46153846153846156 0.44471153846153844 0.4206730769230769 0.44471153846153844 0.4206730769230769 0.5048076923076923 0.46153846153846156 0.5048076923076923
8 0.37740384615384615 0.43509615384615385 0.3269230769230769 0.43509615384615385 0.3269230769230769 0.5360576923076923 0.37740384615384615 0.5360576923076923
2 0.18990384615384623 0.47596153846153844 0.15144230769230776 0.47596153846153844 0.15144230769230776 0.5240384615384616 0.18990384615384623 0.5240384615384616
9 0.4302884615384616 0.5096153846153846 0.39663461538461536 0.5096153846153846 0.3966346153846155 0.5865384615384616 0.4302884615384617 0.5865384615384616
4 0.18269230769230776 0.53125 0.14903846153846162 0.53125 0.14903846153846162 0.5817307692307693 0.18269230769230776 0.5817307692307693
2 0.6899038461538461 0.5504807692307694 0.6466346153846154 0.5504807692307694 0.6466346153846154 0.605769230769231 0.6899038461538461 0.605769230769231
4 0.8293269230769231 0.5504807692307694 0.7836538461538461 0.5504807692307694 0.7836538461538461 0.625 0.8293269230769231 0.625
5 0.18028846153846162 0.5817307692307693 0.14182692307692316 0.5817307692307693 0.14182692307692316 0.6418269230769231 0.18028846153846162 0.6418269230769231
5 0.6682692307692307 0.6298076923076923 0.6129807692307694 0.6298076923076923 0.6129807692307694 0.7283653846153846 0.6682692307692307 0.7283653846153846
2 0.8846153846153846 0.65625 0.8269230769230769 0.65625 0.8269230769230769 0.7524038461538461 0.8846153846153846 0.7524038461538461
2 0.9975961538461539 0.6730769230769231 0.9326923076923077 0.6730769230769231 0.9326923076923077 0.7572115384615384 0.9975961538461539 0.7572115384615384
2 0.9399038461538461 0.6778846153846154 0.8822115384615384 0.6778846153846154 0.8822115384615384 0.7716346153846154 0.9399038461538461 0.7716346153846154
8 0.14423076923076933 0.6466346153846154 0.06250000000000008 0.6466346153846154 0.0625000000000001 0.8197115384615384 0.14423076923076933 0.8197115384615384