8 0.10096153846153852 0.40384615384615385 0.03605769230769236 0.40384615384615385 0.03605769230769236 0.5072115384615384 0.10096153846153853 0.5072115384615384
2 0.2596153846153847 0.4326923076923077 0.22115384615384623 0.4326923076923077 0.22115384615384623 0.4855769230769231 0.2596153846153847 0.4855769230769231
2 0.23317307692307698 0.45913461538461536 0.1971153846153847 0.45913461538461536 0.1971153846153847 0.5168269230769231 0.23317307692307698 0.5168269230769231
2 0.09375000000000007 0.4543269230769231 0.043269230769230824 0.4543269230769231 0.04326923076923083 0.5288461538461539 0.09375000000000007 0.5288461538461539
2 0.14663461538461545 0.4879807692307692 0.09855769230769237 0.4879807692307692 0.09855769230769237 0.5552884615384616 0.14663461538461545 0.5552884615384616
4 0.20432692307692316 0.49759615384615385 0.15865384615384623 0.49759615384615385 0.15865384615384623 0.5528846153846154 0.20432692307692316 0.5528846153846154
2 0.10096153846153853 0.49278846153846156 0.04807692307692314 0.49278846153846156 0.04807692307692314 0.5865384615384616 0.10096153846153853 0.5865384615384616
2 0.6586538461538461 0.5384615384615385 0.6153846153846154 0.5384615384615385 0.6153846153846154 0.6009615384615385 0.6586538461538461 0.6009615384615385
2 0.5504807692307693 0.5432692307692307 0.5096153846153846 0.5432692307692307 0.5096153846153847 0.6105769230769231 0.5504807692307694 0.6105769230769231
5 0.12980769230769237 0.5528846153846154 0.06490384615384623 0.5528846153846154 0.06490384615384623 0.6466346153846154 0.12980769230769237 0.6466346153846154
2 0.625 0.6105769230769232 0.5769230769230771 0.6105769230769232 0.5769230769230771 0.6802884615384616 0.625 0.6802884615384616
2 0.5625000000000001 0.5961538461538463 0.512019230769231 0.5961538461538461 0.512019230769231 0.7163461538461539 0.5625000000000001 0.7163461538461539
2 0.6826923076923077 0.6875 0.6177884615384616 0.6875 0.6177884615384616 0.7956730769230769 0.6826923076923077 0.7956730769230769
2 0.5889423076923078 0.7427884615384616 0.5312500000000001 0.7427884615384616 0.5312500000000001 0.8485576923076923 0.5889423076923078 0.8485576923076923
8 0.8149038461538461 0.7043269230769231 0.7259615384615384 0.7043269230769231 0.7259615384615384 0.8918269230769231 0.8149038461538461 0.8918269230769231
2 0.7139423076923077 0.7644230769230769 0.6394230769230769 0.7644230769230769 0.6394230769230769 0.9615384615384616 0.7139423076923077 0.9615384615384616
8 1 0.7307692307692307 0.875 0.7307692307692307 0.875 1 1 1