2 0.2908653846153847 0.5600961538461539 0.22596153846153852 0.5600961538461539 0.22596153846153852 0.6971153846153846 0.2908653846153847 0.6971153846153846
4 0.48557692307692324 0.6490384615384616 0.41105769230769246 0.6490384615384616 0.41105769230769246 0.7379807692307693 0.48557692307692324 0.7379807692307693
2 0.22355769230769237 0.6850961538461539 0.14663461538461545 0.6850961538461539 0.14663461538461547 0.7836538461538461 0.22355769230769237 0.7836538461538461
4 0.6802884615384616 0.6947115384615384 0.6105769230769232 0.6947115384615384 0.6105769230769232 0.78125 0.6802884615384616 0.78125
4 0.1033653846153847 0.6899038461538461 0.03125000000000008 0.6899038461538461 0.03125000000000009 0.7884615384615384 0.10336538461538472 0.7884615384615384
2 0.7548076923076923 0.6514423076923077 0.6706730769230769 0.6514423076923077 0.6706730769230769 0.8365384615384616 0.7548076923076923 0.8365384615384616
4 0.6201923076923077 0.7379807692307693 0.5384615384615385 0.7379807692307693 0.5384615384615385 0.84375 0.6201923076923077 0.84375
4 0.3365384615384617 0.7788461538461539 0.2548076923076924 0.7788461538461539 0.2548076923076924 0.8774038461538461 0.3365384615384617 0.8774038461538461
4 0.11057692307692318 0.7836538461538461 0.0312500000000001 0.7836538461538461 0.031250000000000104 0.8942307692307693 0.11057692307692318 0.8942307692307693
4 0.6875 0.8341346153846154 0.5889423076923078 0.8341346153846154 0.5889423076923078 0.9495192307692307 0.6875 0.9495192307692307
4 0.8197115384615384 0.8341346153846154 0.7307692307692307 0.8341346153846154 0.7307692307692307 0.9639423076923077 0.8197115384615384 0.9639423076923077
9 0.2043269230769232 0.84375 0.10336538461538472 0.84375 0.10336538461538473 0.9975961538461539 0.2043269230769232 0.9975961538461539
9 0.5408653846153848 0.8461538461538461 0.42307692307692324 0.8461538461538461 0.42307692307692324 1 0.5408653846153848 1