8 0.6538461538461539 0.49038461538461553 0.5985576923076923 0.49038461538461553 0.5985576923076924 0.6177884615384616 0.6538461538461539 0.6177884615384616
8 0.6033653846153847 0.4903846153846155 0.5336538461538461 0.49038461538461536 0.5336538461538463 0.65625 0.6033653846153848 0.65625
2 0.5312500000000001 0.5552884615384616 0.47836538461538464 0.5552884615384616 0.4783653846153847 0.6586538461538461 0.5312500000000001 0.6586538461538461
5 0.23317307692307698 0.59375 0.1850961538461539 0.59375 0.1850961538461539 0.65625 0.23317307692307698 0.65625
4 0.3125000000000001 0.6081730769230769 0.2548076923076924 0.6081730769230769 0.2548076923076924 0.6850961538461539 0.3125000000000001 0.6850961538461539
4 0.48557692307692324 0.6129807692307693 0.4326923076923078 0.6129807692307693 0.4326923076923078 0.6899038461538461 0.48557692307692324 0.6899038461538461
2 0.14423076923076933 0.6418269230769231 0.08894230769230776 0.6418269230769231 0.08894230769230778 0.7235576923076923 0.14423076923076933 0.7235576923076923
5 0.2692307692307693 0.6466346153846154 0.2163461538461539 0.6466346153846154 0.2163461538461539 0.7235576923076923 0.2692307692307693 0.7235576923076923
8 0.8149038461538461 0.6346153846153846 0.6899038461538461 0.6346153846153846 0.6899038461538461 0.8365384615384616 0.8149038461538461 0.8365384615384616
2 0.6394230769230769 0.6923076923076923 0.5769230769230771 0.6923076923076923 0.5769230769230771 0.8028846153846154 0.6394230769230769 0.8028846153846154
2 0.23317307692307698 0.6899038461538461 0.1658653846153847 0.6899038461538461 0.1658653846153847 0.8269230769230769 0.23317307692307698 0.8269230769230769
5 0.33413461538461553 0.71875 0.2692307692307693 0.71875 0.2692307692307693 0.8076923076923077 0.33413461538461553 0.8076923076923077
2 0.13701923076923087 0.7043269230769231 0.06971153846153855 0.7043269230769231 0.06971153846153856 0.8605769230769231 0.13701923076923087 0.8605769230769231
2 0.3004807692307694 0.8509615384615384 0.21394230769230782 0.8509615384615384 0.21394230769230782 0.9951923076923077 0.3004807692307694 0.9951923076923077
4 0.44711538461538475 0.9038461538461539 0.36057692307692324 0.9038461538461539 0.36057692307692324 1 0.44711538461538475 1