2 0.4495192307692308 0.2692307692307693 0.4110576923076923 0.2692307692307693 0.4110576923076923 0.33653846153846156 0.4495192307692308 0.33653846153846156
8 0.38461538461538464 0.23557692307692316 0.3245192307692308 0.23557692307692316 0.3245192307692308 0.37259615384615385 0.38461538461538464 0.37259615384615385
2 0.5120192307692307 0.27644230769230776 0.46875 0.27644230769230776 0.46875 0.3293269230769231 0.5120192307692307 0.3293269230769231
2 0.6490384615384616 0.3004807692307693 0.6081730769230769 0.3004807692307693 0.6081730769230769 0.3701923076923078 0.6490384615384616 0.3701923076923078
2 0.3076923076923077 0.295673076923077 0.2548076923076924 0.2956730769230769 0.2548076923076924 0.39663461538461536 0.3076923076923077 0.39663461538461536
2 0.7307692307692307 0.3245192307692309 0.6826923076923077 0.3245192307692309 0.6826923076923077 0.4062500000000001 0.7307692307692307 0.4062500000000001
4 0.4254807692307692 0.3557692307692308 0.3798076923076923 0.3557692307692308 0.3798076923076923 0.4254807692307692 0.4254807692307692 0.4254807692307692
8 0.8701923076923077 0.3437500000000001 0.7908653846153846 0.3437500000000001 0.7908653846153846 0.5048076923076924 0.8701923076923077 0.5048076923076924
4 0.49759615384615385 0.3894230769230769 0.4495192307692308 0.3894230769230769 0.4495192307692308 0.4639423076923077 0.49759615384615385 0.4639423076923077
4 0.39663461538461536 0.45913461538461536 0.33413461538461536 0.45913461538461536 0.33413461538461536 0.5408653846153846 0.39663461538461536 0.5408653846153846
4 0.48557692307692313 0.5432692307692307 0.41346153846153844 0.5432692307692307 0.41346153846153855 0.6490384615384616 0.48557692307692324 0.6490384615384616
2 0.49759615384615397 0.7019230769230769 0.40384615384615397 0.7019230769230769 0.40384615384615397 0.8629807692307693 0.49759615384615397 0.8629807692307693