8 0.09855769230769237 0.5216346153846154 0.016826923076923142 0.5216346153846154 0.016826923076923152 0.6826923076923077 0.09855769230769237 0.6826923076923077
2 0.3125000000000001 0.5745192307692307 0.264423076923077 0.5745192307692307 0.264423076923077 0.6370192307692307 0.3125000000000001 0.6370192307692307
5 0.5937500000000001 0.5937500000000001 0.5576923076923078 0.59375 0.5576923076923078 0.65625 0.5937500000000001 0.65625
4 0.4687500000000001 0.5961538461538461 0.42067307692307704 0.5961538461538461 0.42067307692307704 0.65625 0.4687500000000001 0.65625
8 0.16346153846153852 0.6129807692307693 0.10336538461538468 0.6129807692307693 0.1033653846153847 0.71875 0.16346153846153852 0.71875
8 0.7620192307692307 0.5889423076923078 0.6634615384615384 0.5889423076923078 0.6634615384615384 0.7596153846153846 0.7620192307692307 0.7596153846153846
4 0.5384615384615385 0.7043269230769231 0.4759615384615386 0.7043269230769231 0.4759615384615386 0.7860576923076923 0.5384615384615385 0.7860576923076923
2 0.7740384615384616 0.7115384615384616 0.7043269230769231 0.7115384615384616 0.7043269230769231 0.8221153846153846 0.7740384615384616 0.8221153846153846
4 0.3365384615384617 0.7259615384615384 0.26682692307692313 0.7259615384615384 0.26682692307692313 0.8221153846153846 0.3365384615384617 0.8221153846153846
4 0.6947115384615384 0.7355769230769231 0.6298076923076923 0.7355769230769231 0.6298076923076923 0.8389423076923077 0.6947115384615384 0.8389423076923077
8 0.17788461538461547 0.6923076923076923 0.05288461538461547 0.6923076923076923 0.05288461538461549 0.9711538461538461 0.17788461538461553 0.9711538461538461
2 0.6466346153846154 0.7596153846153846 0.5552884615384617 0.7596153846153846 0.5552884615384617 0.9134615384615384 0.6466346153846154 0.9134615384615384
9 0.36057692307692324 0.7932692307692307 0.2788461538461539 0.7932692307692307 0.27884615384615397 0.9086538461538461 0.36057692307692324 0.9086538461538461
2 0.8341346153846154 0.8100961538461539 0.7355769230769231 0.8100961538461539 0.7355769230769231 0.9591346153846154 0.8341346153846154 0.9591346153846154
2 0.7644230769230769 0.8581730769230769 0.65625 0.8581730769230769 0.65625 0.9831730769230769 0.7644230769230769 0.9831730769230769