8 0.6730769230769231 0.49038461538461553 0.5961538461538461 0.49038461538461553 0.5961538461538463 0.6442307692307693 0.6730769230769231 0.6442307692307693
8 0.6105769230769231 0.5240384615384616 0.5432692307692307 0.5240384615384616 0.5432692307692308 0.6754807692307693 0.6105769230769232 0.6754807692307693
2 0.24038461538461545 0.5841346153846154 0.19230769230769237 0.5841346153846154 0.19230769230769237 0.6418269230769231 0.24038461538461545 0.6418269230769231
2 0.3197115384615386 0.59375 0.2716346153846155 0.59375 0.2716346153846155 0.6706730769230769 0.3197115384615386 0.6706730769230769
2 0.14663461538461545 0.6009615384615384 0.09615384615384623 0.6009615384615384 0.09615384615384623 0.6802884615384616 0.14663461538461545 0.6802884615384616
2 0.5649038461538463 0.5937500000000001 0.5144230769230771 0.59375 0.5144230769230771 0.71875 0.5649038461538463 0.71875
4 0.25000000000000006 0.6298076923076923 0.18750000000000006 0.6298076923076923 0.18750000000000006 0.7043269230769231 0.25000000000000006 0.7043269230769231
5 0.26442307692307704 0.7956730769230769 0.1850961538461539 0.7956730769230769 0.18509615384615394 0.90625 0.26442307692307704 0.90625
2 0.15384615384615394 0.8125 0.07932692307692318 0.8125 0.07932692307692318 0.9254807692307693 0.153846153846154 0.9254807692307693
5 0.38461538461538475 0.8197115384615384 0.3076923076923078 0.8197115384615384 0.3076923076923078 0.9278846153846154 0.38461538461538475 0.9278846153846154
5 0.4399038461538463 0.9254807692307693 0.32932692307692324 0.9254807692307693 0.32932692307692324 1 0.4399038461538463 1