9 0.45913461538461536 0.3028846153846155 0.42788461538461536 0.3028846153846155 0.42788461538461536 0.35336538461538464 0.45913461538461536 0.35336538461538464
4 0.4254807692307692 0.33653846153846156 0.3942307692307692 0.33653846153846156 0.3942307692307692 0.3798076923076923 0.4254807692307692 0.3798076923076923
9 0.36778846153846156 0.33653846153846156 0.3173076923076923 0.33653846153846156 0.3173076923076923 0.3918269230769231 0.36778846153846156 0.3918269230769231
5 0.08173076923076926 0.35336538461538464 0.043269230769230824 0.35336538461538464 0.043269230769230824 0.4014423076923077 0.08173076923076926 0.4014423076923077
2 0.2716346153846155 0.3557692307692308 0.23557692307692316 0.3557692307692308 0.23557692307692316 0.40865384615384615 0.2716346153846155 0.40865384615384615
4 0.35096153846153844 0.3870192307692308 0.3076923076923077 0.3870192307692308 0.3076923076923077 0.4423076923076923 0.35096153846153844 0.4423076923076923
2 0.6850961538461539 0.3701923076923078 0.6177884615384616 0.3701923076923078 0.6177884615384616 0.48317307692307704 0.6850961538461539 0.48317307692307704
4 0.5456730769230769 0.3918269230769231 0.5 0.3918269230769231 0.5 0.4639423076923077 0.5456730769230769 0.4639423076923077
4 0.46634615384615385 0.42788461538461536 0.40865384615384615 0.42788461538461536 0.40865384615384615 0.5024038461538461 0.46634615384615385 0.5024038461538461
2 1 0.5721153846153848 0.9038461538461539 0.5721153846153848 0.9038461538461539 0.7331730769230769 1 0.7331730769230769
4 0.6153846153846154 0.6394230769230769 0.5072115384615385 0.6394230769230769 0.5072115384615385 0.78125 0.6153846153846154 0.78125
2 0.8365384615384616 0.7019230769230769 0.6802884615384616 0.7019230769230769 0.6802884615384616 0.8894230769230769 0.8365384615384616 0.8894230769230769