4 0.6947115384615384 0.4375000000000001 0.6177884615384616 0.4375000000000001 0.6177884615384616 0.5144230769230771 0.6947115384615384 0.5144230769230771
2 0.38221153846153855 0.44471153846153844 0.2548076923076924 0.44471153846153844 0.2548076923076924 0.5600961538461539 0.3822115384615386 0.5600961538461539
4 0.7307692307692307 0.4759615384615386 0.6490384615384616 0.4759615384615386 0.6490384615384616 0.5865384615384617 0.7307692307692307 0.5865384615384617
4 0.8028846153846154 0.47836538461538475 0.7259615384615384 0.47836538461538475 0.7259615384615384 0.5841346153846155 0.8028846153846154 0.5841346153846155
2 0.8822115384615384 0.5048076923076924 0.8028846153846154 0.5048076923076924 0.8028846153846154 0.6346153846153846 0.8822115384615384 0.6346153846153846
4 0.6658653846153846 0.5384615384615385 0.5745192307692307 0.5384615384615385 0.5745192307692308 0.6850961538461539 0.6658653846153846 0.6850961538461539
0 0.6033653846153847 0.4711538461538462 0.4014423076923077 0.47115384615384615 0.40144230769230776 0.7740384615384616 0.6033653846153848 0.7740384615384616
2 0.5985576923076924 0.5937500000000001 0.4639423076923078 0.59375 0.4639423076923078 0.8774038461538461 0.5985576923076924 0.8774038461538461
2 0.7956730769230769 0.6586538461538461 0.6850961538461539 0.6586538461538461 0.6850961538461539 0.8990384615384616 0.7956730769230769 0.8990384615384616
2 0.6634615384615384 0.7163461538461539 0.5216346153846155 0.7163461538461539 0.5216346153846155 0.9831730769230769 0.6634615384615384 0.9831730769230769
2 0.3774038461538463 0.7524038461538461 0.18269230769230776 0.7524038461538461 0.1826923076923078 1 0.3774038461538463 1
2 0.18509615384615394 0.7644230769230769 9.361482743482171e-17 0.7644230769230769 1.0803975367477851e-16 1 0.185096153846154 1