2 0.3028846153846155 0.6346153846153846 0.23557692307692316 0.6346153846153846 0.23557692307692316 0.7259615384615384 0.3028846153846155 0.7259615384615384
2 0.75 0.6418269230769231 0.6778846153846154 0.6418269230769231 0.6778846153846154 0.8149038461538461 0.75 0.8149038461538461
4 0.6634615384615384 0.6850961538461539 0.5961538461538463 0.6850961538461539 0.5961538461538463 0.7740384615384616 0.6634615384615384 0.7740384615384616
5 0.42307692307692324 0.6947115384615384 0.36057692307692324 0.6947115384615384 0.36057692307692324 0.8004807692307693 0.42307692307692324 0.8004807692307693
4 0.8894230769230769 0.7115384615384616 0.8100961538461539 0.7115384615384616 0.8100961538461539 0.8197115384615384 0.8894230769230769 0.8197115384615384
4 0.29326923076923084 0.7283653846153846 0.21153846153846162 0.7283653846153846 0.21153846153846162 0.8173076923076923 0.29326923076923084 0.8173076923076923
9 0.17067307692307704 0.7668269230769231 0.07451923076923085 0.7668269230769231 0.07451923076923087 0.9302884615384616 0.17067307692307707 0.9302884615384616
5 0.2812500000000001 0.8100961538461539 0.18269230769230776 0.8100961538461539 0.1826923076923078 0.9375 0.2812500000000001 0.9375
9 0.8100961538461539 0.8173076923076923 0.7235576923076923 0.8173076923076923 0.7235576923076923 0.9639423076923077 0.8100961538461539 0.9639423076923077
5 0.5192307692307694 0.8413461538461539 0.42307692307692324 0.8413461538461539 0.42307692307692324 0.9831730769230769 0.5192307692307694 0.9831730769230769
4 0.10576923076923087 0.8677884615384616 0.019230769230769332 0.8677884615384616 0.019230769230769343 0.9711538461538461 0.10576923076923087 0.9711538461538461