8 0.3533653846153847 0.4879807692307692 0.27644230769230776 0.4879807692307692 0.27644230769230776 0.6730769230769231 0.35336538461538475 0.6730769230769231
2 0.2475961538461539 0.5528846153846154 0.19471153846153852 0.5528846153846154 0.19471153846153852 0.6225961538461539 0.2475961538461539 0.6225961538461539
2 0.045673076923077 0.5673076923076923 6.947515495162868e-17 0.5673076923076923 7.536287994752943e-17 0.6634615384615384 0.04567307692307701 0.6634615384615384
8 0.4615384615384617 0.5913461538461539 0.3774038461538463 0.5913461538461539 0.3774038461538463 0.7740384615384616 0.4615384615384617 0.7740384615384616
2 0.5504807692307694 0.6466346153846154 0.48557692307692324 0.6466346153846154 0.48557692307692324 0.7307692307692307 0.5504807692307694 0.7307692307692307
9 0.5985576923076924 0.6682692307692307 0.5360576923076924 0.6682692307692307 0.5360576923076924 0.7956730769230769 0.5985576923076924 0.7956730769230769
9 0.2908653846153847 0.6802884615384616 0.22596153846153852 0.6802884615384616 0.22596153846153852 0.8052884615384616 0.2908653846153847 0.8052884615384616
2 1 0.7115384615384616 0.9350961538461539 0.7115384615384616 0.9350961538461539 0.8509615384615384 1 0.8509615384615384
5 0.4927884615384617 0.7259615384615384 0.42788461538461553 0.7259615384615384 0.42788461538461553 0.84375 0.4927884615384617 0.84375
4 0.9014423076923077 0.7403846153846154 0.8485576923076923 0.7403846153846154 0.8485576923076923 0.8293269230769231 0.9014423076923077 0.8293269230769231
2 0.3028846153846155 0.7740384615384616 0.22355769230769237 0.7740384615384616 0.2235576923076924 0.8846153846153846 0.30288461538461553 0.8846153846153846
5 0.7740384615384616 0.7908653846153846 0.7091346153846154 0.7908653846153846 0.7091346153846154 0.8990384615384616 0.7740384615384616 0.8990384615384616