8 0.14663461538461545 0.3557692307692308 0.08413461538461542 0.3557692307692308 0.08413461538461543 0.4735576923076923 0.14663461538461545 0.4735576923076923
5 0.23317307692307698 0.4110576923076923 0.19230769230769237 0.4110576923076923 0.19230769230769237 0.46634615384615385 0.23317307692307698 0.46634615384615385
4 0.18028846153846162 0.4182692307692308 0.14423076923076927 0.4182692307692308 0.14423076923076927 0.4735576923076923 0.18028846153846162 0.4735576923076923
2 0.16826923076923084 0.47836538461538464 0.12740384615384623 0.47836538461538464 0.12740384615384623 0.53125 0.16826923076923084 0.53125
2 0.5817307692307693 0.48076923076923084 0.5384615384615384 0.4807692307692308 0.5384615384615385 0.5649038461538463 0.5817307692307694 0.5649038461538463
4 0.6490384615384616 0.5024038461538463 0.6105769230769231 0.5024038461538463 0.6105769230769231 0.5576923076923078 0.6490384615384616 0.5576923076923078
4 0.5312500000000001 0.5144230769230769 0.4879807692307692 0.5144230769230769 0.4879807692307693 0.5841346153846154 0.5312500000000001 0.5841346153846154
2 0.15144230769230776 0.5 0.09615384615384623 0.5 0.09615384615384623 0.6081730769230769 0.15144230769230776 0.6081730769230769
2 0.09615384615384623 0.5168269230769231 0.04567307692307699 0.5168269230769231 0.04567307692307699 0.5913461538461539 0.09615384615384623 0.5913461538461539
4 0.6057692307692308 0.5336538461538463 0.5649038461538461 0.5336538461538463 0.5649038461538463 0.5985576923076924 0.605769230769231 0.5985576923076924
4 0.5408653846153848 0.5649038461538461 0.5000000000000001 0.5649038461538461 0.5000000000000001 0.6346153846153846 0.5408653846153848 0.6346153846153846
2 0.7139423076923077 0.6370192307692307 0.6538461538461539 0.6370192307692307 0.6538461538461539 0.7259615384615384 0.7139423076923077 0.7259615384615384
8 0.8629807692307693 0.5937500000000001 0.7524038461538461 0.5937500000000001 0.7524038461538461 0.8125 0.8629807692307693 0.8125
2 0.591346153846154 0.6995192307692307 0.5264423076923078 0.6995192307692307 0.5264423076923078 0.7956730769230769 0.591346153846154 0.7956730769230769