4 0.7980769230769231 0.37980769230769246 0.7163461538461539 0.37980769230769246 0.7163461538461539 0.4567307692307694 0.7980769230769231 0.4567307692307694
4 0.78125 0.4086538461538463 0.7043269230769231 0.4086538461538463 0.7043269230769231 0.5024038461538463 0.78125 0.5024038461538463
8 0.625 0.3677884615384616 0.4110576923076923 0.36778846153846156 0.4110576923076924 0.7259615384615384 0.625 0.7259615384615384
4 0.8653846153846154 0.4951923076923078 0.7668269230769231 0.4951923076923078 0.7668269230769231 0.6153846153846154 0.8653846153846154 0.6153846153846154
1 0.10817307692307702 0.7860576923076923 0.04326923076923087 0.7860576923076923 0.04326923076923087 0.8509615384615384 0.10817307692307702 0.8509615384615384
1 0.1514423076923078 0.8197115384615384 0.09134615384615395 0.8197115384615384 0.09134615384615395 0.8870192307692307 0.1514423076923078 0.8870192307692307
1 0.06250000000000011 0.8629807692307693 0.007211538461538566 0.8629807692307693 0.007211538461538571 0.9423076923076923 0.06250000000000012 0.9423076923076923
1 0.185096153846154 0.8990384615384616 0.1298076923076924 0.8990384615384616 0.1298076923076924 0.9663461538461539 0.185096153846154 0.9663461538461539
4 0.6129807692307693 0.3004807692307693 0.5480769230769231 0.3004807692307693 0.5480769230769231 0.3653846153846155 0.6129807692307693 0.36538461538461553
4 0.4423076923076923 0.3076923076923077 0.3870192307692308 0.3076923076923077 0.3870192307692308 0.36538461538461536 0.4423076923076923 0.36538461538461536
4 0.6442307692307693 0.36057692307692324 0.59375 0.36057692307692324 0.59375 0.4254807692307694 0.6442307692307693 0.4254807692307694