2 0.3100961538461539 0.4807692307692308 0.2692307692307693 0.4807692307692308 0.2692307692307693 0.5673076923076923 0.31009615384615397 0.5673076923076923
8 0.41826923076923084 0.4807692307692308 0.3485576923076923 0.4807692307692308 0.3485576923076924 0.6442307692307693 0.4182692307692309 0.6442307692307693
2 0.44951923076923084 0.5336538461538461 0.40865384615384615 0.5336538461538461 0.4086538461538462 0.5961538461538461 0.4495192307692309 0.5961538461538461
4 0.5985576923076924 0.625 0.5528846153846155 0.625 0.5528846153846155 0.7043269230769231 0.5985576923076924 0.7043269230769231
4 0.8221153846153846 0.6346153846153846 0.7740384615384616 0.6346153846153846 0.7740384615384616 0.6971153846153846 0.8221153846153846 0.6971153846153846
8 0.36538461538461553 0.5600961538461539 0.2836538461538462 0.5600961538461539 0.2836538461538462 0.7980769230769231 0.36538461538461553 0.7980769230769231
4 0.7788461538461539 0.6538461538461539 0.7235576923076923 0.6538461538461539 0.7235576923076923 0.7283653846153846 0.7788461538461539 0.7283653846153846
2 0.8701923076923077 0.6586538461538461 0.8173076923076923 0.6586538461538461 0.8173076923076923 0.7524038461538461 0.8701923076923077 0.7524038461538461
8 0.5168269230769232 0.6057692307692307 0.4134615384615386 0.6057692307692307 0.4134615384615386 0.84375 0.5168269230769232 0.84375
4 0.5769230769230771 0.7019230769230769 0.5216346153846155 0.7019230769230769 0.5216346153846155 0.7884615384615384 0.5769230769230771 0.7884615384615384
2 0.9975961538461539 0.7427884615384616 0.9206730769230769 0.7427884615384616 0.9206730769230769 0.84375 0.9975961538461539 0.84375
8 0.5456730769230771 0.7355769230769231 0.44711538461538475 0.7355769230769231 0.44711538461538475 0.9182692307692307 0.5456730769230771 0.9182692307692307
4 0.9615384615384616 0.7860576923076923 0.8870192307692307 0.7860576923076923 0.8870192307692307 0.875 0.9615384615384616 0.875
2 0.8197115384615384 0.7788461538461539 0.7307692307692307 0.7788461538461539 0.7307692307692307 0.9495192307692307 0.8197115384615384 0.9495192307692307