4 0.6875 0.48317307692307704 0.6370192307692307 0.48317307692307704 0.6370192307692307 0.560096153846154 0.6875 0.560096153846154
4 0.5745192307692308 0.4927884615384616 0.5288461538461539 0.49278846153846156 0.528846153846154 0.5673076923076924 0.574519230769231 0.5673076923076924
2 0.5336538461538463 0.5360576923076923 0.47836538461538464 0.5360576923076923 0.4783653846153847 0.6129807692307693 0.5336538461538463 0.6129807692307693
4 0.5769230769230771 0.5721153846153847 0.5312500000000001 0.5721153846153846 0.5312500000000001 0.6394230769230769 0.5769230769230771 0.6394230769230769
4 0.7139423076923077 0.5721153846153848 0.6634615384615384 0.5721153846153848 0.6634615384615384 0.6490384615384616 0.7139423076923077 0.6490384615384616
5 0.34134615384615397 0.5865384615384616 0.2788461538461539 0.5865384615384616 0.2788461538461539 0.6586538461538461 0.34134615384615397 0.6586538461538461
2 0.21875000000000006 0.59375 0.15144230769230776 0.59375 0.15144230769230776 0.6706730769230769 0.21875000000000006 0.6706730769230769
5 0.38942307692307704 0.5985576923076923 0.31009615384615397 0.5985576923076923 0.31009615384615397 0.6802884615384616 0.38942307692307704 0.6802884615384616
2 0.2475961538461539 0.6754807692307693 0.16346153846153852 0.6754807692307693 0.16346153846153852 0.7596153846153846 0.2475961538461539 0.7596153846153846
4 0.1875000000000001 0.8004807692307693 0.10096153846153856 0.8004807692307693 0.10096153846153856 0.9014423076923077 0.18750000000000014 0.9014423076923077
4 0.6850961538461539 0.8846153846153846 0.591346153846154 0.8846153846153846 0.591346153846154 1 0.6850961538461539 1
4 0.35817307692307704 0.8894230769230769 0.2524038461538463 0.8894230769230769 0.2524038461538463 1 0.35817307692307704 1