8 0.39663461538461553 0.5600961538461539 0.33413461538461553 0.5600961538461539 0.33413461538461553 0.7091346153846154 0.39663461538461553 0.7091346153846154
4 0.5721153846153848 0.6418269230769231 0.5216346153846155 0.6418269230769231 0.5216346153846155 0.7139423076923077 0.5721153846153848 0.7139423076923077
2 0.3149038461538463 0.6418269230769231 0.264423076923077 0.6418269230769231 0.264423076923077 0.7283653846153846 0.3149038461538463 0.7283653846153846
2 0.5216346153846155 0.6634615384615384 0.4687500000000001 0.6634615384615384 0.4687500000000001 0.7355769230769231 0.5216346153846155 0.7355769230769231
4 0.24038461538461545 0.6802884615384616 0.1971153846153847 0.6802884615384616 0.1971153846153847 0.7524038461538461 0.24038461538461545 0.7524038461538461
4 0.35336538461538475 0.7067307692307693 0.3028846153846155 0.7067307692307693 0.3028846153846155 0.7716346153846154 0.35336538461538475 0.7716346153846154
4 0.6394230769230769 0.7163461538461539 0.5769230769230771 0.7163461538461539 0.5769230769230771 0.7908653846153846 0.6394230769230769 0.7908653846153846
4 0.26682692307692313 0.7163461538461539 0.20192307692307698 0.7163461538461539 0.20192307692307698 0.7932692307692307 0.26682692307692313 0.7932692307692307
4 0.5504807692307694 0.71875 0.4927884615384617 0.71875 0.4927884615384617 0.7980769230769231 0.5504807692307694 0.7980769230769231
2 0.4134615384615386 0.7620192307692307 0.36057692307692324 0.7620192307692307 0.36057692307692324 0.8581730769230769 0.4134615384615386 0.8581730769230769
4 0.47836538461538475 0.8245192307692307 0.4086538461538463 0.8245192307692307 0.4086538461538463 0.90625 0.47836538461538475 0.90625
4 0.6466346153846154 0.8533653846153846 0.5769230769230771 0.8533653846153846 0.5769230769230771 0.9447115384615384 0.6466346153846154 0.9447115384615384