8 0.2908653846153847 0.4423076923076923 0.22596153846153852 0.4423076923076923 0.22596153846153852 0.53125 0.2908653846153847 0.53125
8 0.7043269230769231 0.4879807692307694 0.6418269230769231 0.4879807692307694 0.6418269230769231 0.5985576923076924 0.7043269230769231 0.5985576923076924
2 0.2716346153846155 0.5264423076923077 0.22355769230769237 0.5264423076923077 0.22355769230769237 0.6033653846153846 0.2716346153846155 0.6033653846153846
4 0.1754807692307693 0.5504807692307693 0.13942307692307698 0.5504807692307693 0.13942307692307698 0.6081730769230769 0.1754807692307693 0.6081730769230769
4 0.6201923076923077 0.5480769230769232 0.5697115384615384 0.5480769230769232 0.5697115384615385 0.6322115384615384 0.6201923076923077 0.6322115384615384
2 0.5312500000000001 0.5649038461538461 0.47836538461538475 0.5649038461538461 0.47836538461538475 0.6394230769230769 0.5312500000000001 0.6394230769230769
4 0.21875000000000006 0.5841346153846154 0.1754807692307693 0.5841346153846154 0.1754807692307693 0.6418269230769231 0.21875000000000006 0.6418269230769231
4 0.09134615384615391 0.5889423076923077 0.04326923076923084 0.5889423076923077 0.043269230769230844 0.6586538461538461 0.09134615384615391 0.6586538461538461
2 0.22355769230769237 0.6274038461538461 0.15865384615384623 0.6274038461538461 0.15865384615384623 0.7548076923076923 0.22355769230769237 0.7548076923076923
4 0.13701923076923087 0.6586538461538461 0.0865384615384616 0.6586538461538461 0.08653846153846162 0.7331730769230769 0.13701923076923087 0.7331730769230769
8 0.9831730769230769 0.5985576923076924 0.8221153846153846 0.5985576923076924 0.8221153846153846 0.8509615384615384 0.9831730769230769 0.8509615384615384
2 0.6322115384615384 0.6658653846153846 0.5625000000000001 0.6658653846153846 0.5625000000000001 0.7860576923076923 0.6322115384615384 0.7860576923076923
4 0.7956730769230769 0.7451923076923077 0.7211538461538461 0.7451923076923077 0.7211538461538461 0.8629807692307693 0.7956730769230769 0.8629807692307693
2 0.2668269230769232 0.7524038461538461 0.18990384615384623 0.7524038461538461 0.18990384615384626 0.9399038461538461 0.26682692307692324 0.9399038461538461