8 0.4495192307692308 0.2283653846153847 0.38221153846153844 0.2283653846153847 0.38221153846153844 0.3389423076923077 0.4495192307692308 0.3389423076923077
5 0.5576923076923077 0.2860576923076924 0.5168269230769231 0.2860576923076924 0.5168269230769231 0.3485576923076923 0.5576923076923077 0.3485576923076923
5 0.43509615384615385 0.295673076923077 0.3870192307692308 0.295673076923077 0.3870192307692308 0.3581730769230769 0.43509615384615385 0.3581730769230769
4 0.5192307692307693 0.3125 0.46875 0.3125 0.46875 0.3798076923076923 0.5192307692307693 0.3798076923076923
2 0.20913461538461545 0.3245192307692308 0.1538461538461539 0.3245192307692308 0.1538461538461539 0.38461538461538464 0.20913461538461545 0.38461538461538464
8 0.9495192307692307 0.2932692307692309 0.7355769230769231 0.29326923076923084 0.7355769230769231 0.4615384615384617 0.9495192307692307 0.4615384615384617
4 0.33653846153846156 0.34375 0.28846153846153855 0.34375 0.28846153846153855 0.4182692307692308 0.33653846153846156 0.4182692307692308
8 0.6586538461538461 0.3004807692307693 0.5625 0.3004807692307693 0.5625 0.4615384615384617 0.6586538461538461 0.4615384615384617
4 0.5552884615384616 0.3798076923076923 0.49278846153846156 0.3798076923076923 0.49278846153846156 0.44711538461538464 0.5552884615384616 0.44711538461538464
2 0.7836538461538461 0.38461538461538475 0.7019230769230769 0.38461538461538475 0.7019230769230769 0.4807692307692309 0.7836538461538461 0.4807692307692309
2 0.9254807692307693 0.41105769230769246 0.8317307692307693 0.41105769230769246 0.8317307692307693 0.5144230769230771 0.9254807692307693 0.5144230769230771
2 0.3581730769230769 0.41586538461538464 0.3028846153846155 0.41586538461538464 0.3028846153846155 0.5168269230769231 0.3581730769230769 0.5168269230769231
4 0.4543269230769231 0.42788461538461536 0.38221153846153844 0.42788461538461536 0.38221153846153844 0.5336538461538461 0.4543269230769231 0.5336538461538461
2 0.3221153846153847 0.4230769230769231 0.24519230769230776 0.4230769230769231 0.24519230769230776 0.5745192307692307 0.32211538461538475 0.5745192307692307
4 0.8221153846153846 0.45432692307692324 0.7524038461538461 0.45432692307692324 0.7524038461538461 0.5528846153846155 0.8221153846153846 0.5528846153846155
2 0.78125 0.45192307692307704 0.6754807692307693 0.45192307692307704 0.6754807692307693 0.5961538461538463 0.78125 0.5961538461538463
8 0.24038461538461545 0.3870192307692308 0.11538461538461542 0.3870192307692308 0.11538461538461543 0.6658653846153846 0.24038461538461545 0.6658653846153846
9 0.545673076923077 0.5168269230769231 0.45913461538461536 0.5168269230769231 0.4591346153846155 0.6298076923076923 0.5456730769230771 0.6298076923076923
2 0.8533653846153846 0.6538461538461539 0.6971153846153846 0.6538461538461539 0.6971153846153846 0.875 0.8533653846153846 0.875
2 0.625 0.6802884615384616 0.49759615384615397 0.6802884615384616 0.49759615384615397 0.8533653846153846 0.625 0.8533653846153846