2 0.17788461538461545 0.49278846153846156 0.14663461538461545 0.49278846153846156 0.14663461538461545 0.5504807692307693 0.17788461538461545 0.5504807692307693
8 0.0865384615384616 0.4807692307692308 0.016826923076923135 0.4807692307692308 0.016826923076923142 0.6033653846153846 0.0865384615384616 0.6033653846153846
4 0.3942307692307694 0.5721153846153846 0.36538461538461553 0.5721153846153846 0.36538461538461553 0.6177884615384616 0.3942307692307694 0.6177884615384616
2 0.3028846153846155 0.5769230769230769 0.26682692307692313 0.5769230769230769 0.26682692307692313 0.6370192307692307 0.3028846153846155 0.6370192307692307
4 0.3509615384615386 0.5841346153846154 0.3197115384615386 0.5841346153846154 0.3197115384615386 0.6370192307692307 0.3509615384615386 0.6370192307692307
8 0.5096153846153847 0.5432692307692307 0.43990384615384615 0.5432692307692307 0.4399038461538462 0.6923076923076923 0.5096153846153848 0.6923076923076923
4 0.19471153846153852 0.59375 0.15625000000000006 0.59375 0.15625000000000006 0.6466346153846154 0.19471153846153852 0.6466346153846154
4 0.4182692307692309 0.6009615384615384 0.3822115384615386 0.6009615384615384 0.3822115384615386 0.65625 0.4182692307692309 0.65625
4 0.3197115384615386 0.625 0.27644230769230776 0.625 0.27644230769230776 0.6875 0.3197115384615386 0.6875
4 0.38461538461538475 0.6298076923076923 0.34134615384615397 0.6298076923076923 0.34134615384615397 0.6971153846153846 0.38461538461538475 0.6971153846153846
2 0.44711538461538475 0.6346153846153846 0.4062500000000001 0.6346153846153846 0.4062500000000001 0.7091346153846154 0.44711538461538475 0.7091346153846154
2 0.33413461538461553 0.6754807692307693 0.2740384615384616 0.6754807692307693 0.2740384615384616 0.7668269230769231 0.33413461538461553 0.7668269230769231
2 0.5096153846153848 0.6730769230769231 0.44230769230769246 0.6730769230769231 0.44230769230769246 0.8028846153846154 0.5096153846153848 0.8028846153846154
8 0.6225961538461539 0.6418269230769231 0.5096153846153848 0.6418269230769231 0.5096153846153848 0.8413461538461539 0.6225961538461539 0.8413461538461539
2 0.42307692307692324 0.6995192307692307 0.36538461538461553 0.6995192307692307 0.36538461538461553 0.8052884615384616 0.42307692307692324 0.8052884615384616
4 0.5528846153846155 0.7860576923076923 0.48317307692307704 0.7860576923076923 0.48317307692307704 0.9134615384615384 0.5528846153846155 0.9134615384615384
2 0.4879807692307694 0.7980769230769231 0.40384615384615397 0.7980769230769231 0.40384615384615397 0.9423076923076923 0.4879807692307694 0.9423076923076923
5 0.3870192307692309 0.8221153846153846 0.31009615384615397 0.8221153846153846 0.31009615384615397 0.9735576923076923 0.3870192307692309 0.9735576923076923
4 0.6466346153846154 0.8942307692307693 0.5504807692307694 0.8942307692307693 0.5504807692307694 1 0.6466346153846154 1