2 0.3942307692307692 0.36538461538461536 0.35096153846153844 0.36538461538461536 0.35096153846153844 0.43509615384615385 0.3942307692307692 0.43509615384615385
8 0.35336538461538464 0.35336538461538464 0.2596153846153847 0.35336538461538464 0.2596153846153847 0.4951923076923077 0.35336538461538464 0.4951923076923077
4 0.26682692307692313 0.40865384615384615 0.21875000000000006 0.40865384615384615 0.21875000000000006 0.46875 0.26682692307692313 0.46875
5 0.2716346153846155 0.44471153846153844 0.23557692307692316 0.44471153846153844 0.23557692307692316 0.5048076923076923 0.2716346153846155 0.5048076923076923
4 0.46153846153846156 0.46875 0.4110576923076923 0.46875 0.4110576923076923 0.5360576923076923 0.46153846153846156 0.5360576923076923
4 0.31009615384615385 0.4855769230769231 0.25721153846153855 0.4855769230769231 0.25721153846153855 0.5504807692307693 0.31009615384615385 0.5504807692307693
4 0.4278846153846155 0.5096153846153846 0.3629807692307692 0.5096153846153846 0.3629807692307693 0.5985576923076923 0.42788461538461553 0.5985576923076923
2 0.35576923076923084 0.5192307692307693 0.29807692307692313 0.5192307692307693 0.29807692307692313 0.6129807692307693 0.3557692307692309 0.6129807692307693
2 0.6298076923076923 0.5937500000000001 0.5336538461538463 0.59375 0.5336538461538463 0.7572115384615384 0.6298076923076923 0.7572115384615384
2 0.5504807692307694 0.6586538461538461 0.4567307692307694 0.6586538461538461 0.4567307692307694 0.8461538461538461 0.5504807692307694 0.8461538461538461
8 0.5649038461538463 0.6105769230769231 0.31009615384615397 0.6105769230769231 0.31009615384615397 1 0.5649038461538463 1