2 0.23076923076923084 0.47596153846153844 0.18269230769230776 0.47596153846153844 0.18269230769230776 0.5552884615384616 0.23076923076923084 0.5552884615384616
2 0.2740384615384616 0.5264423076923077 0.23076923076923084 0.5264423076923077 0.23076923076923084 0.5865384615384616 0.2740384615384616 0.5865384615384616
8 0.6586538461538461 0.48317307692307704 0.5889423076923077 0.48317307692307704 0.5889423076923077 0.6490384615384616 0.6586538461538461 0.6490384615384616
9 0.5336538461538463 0.5360576923076923 0.4855769230769231 0.5360576923076923 0.48557692307692313 0.6105769230769231 0.5336538461538463 0.6105769230769231
4 0.4663461538461539 0.5384615384615384 0.4230769230769231 0.5384615384615384 0.42307692307692313 0.6105769230769231 0.46634615384615397 0.6105769230769231
8 0.7427884615384616 0.5168269230769232 0.6370192307692307 0.5168269230769232 0.6370192307692307 0.7451923076923077 0.7427884615384616 0.7451923076923077
4 0.16826923076923084 0.6033653846153846 0.108173076923077 0.6033653846153846 0.108173076923077 0.6802884615384616 0.16826923076923084 0.6802884615384616
2 0.6081730769230771 0.605769230769231 0.5649038461538463 0.605769230769231 0.5649038461538463 0.6802884615384616 0.6081730769230771 0.6802884615384616
4 0.6033653846153848 0.6778846153846154 0.5408653846153848 0.6778846153846154 0.5408653846153848 0.7668269230769231 0.6033653846153848 0.7668269230769231
4 0.20913461538461545 0.6826923076923077 0.15625000000000006 0.6826923076923077 0.15625000000000006 0.7644230769230769 0.20913461538461545 0.7644230769230769
8 0.8918269230769231 0.5985576923076924 0.7091346153846154 0.5985576923076924 0.7091346153846154 0.9254807692307693 0.8918269230769231 0.9254807692307693