8 0.7043269230769231 0.4495192307692309 0.65625 0.4495192307692309 0.65625 0.5625000000000001 0.7043269230769231 0.5625000000000001
2 0.6129807692307693 0.48557692307692324 0.5721153846153846 0.48557692307692324 0.5721153846153846 0.543269230769231 0.6129807692307693 0.543269230769231
9 0.5552884615384616 0.4807692307692308 0.5192307692307693 0.4807692307692308 0.5192307692307693 0.5600961538461539 0.5552884615384617 0.5600961538461539
2 0.46394230769230776 0.5528846153846154 0.4206730769230769 0.5528846153846154 0.420673076923077 0.625 0.4639423076923078 0.625
2 0.5456730769230771 0.5793269230769231 0.4927884615384617 0.5793269230769231 0.4927884615384617 0.6538461538461539 0.5456730769230771 0.6538461538461539
4 0.1754807692307693 0.6129807692307693 0.12740384615384623 0.6129807692307693 0.12740384615384623 0.6850961538461539 0.1754807692307693 0.6850961538461539
2 0.6322115384615384 0.625 0.5793269230769232 0.625 0.5793269230769232 0.7019230769230769 0.6322115384615384 0.7019230769230769
8 0.12500000000000008 0.5721153846153846 0.0504807692307693 0.5721153846153846 0.05048076923076931 0.7572115384615384 0.1250000000000001 0.7572115384615384
8 0.9158653846153846 0.5961538461538463 0.8341346153846154 0.5961538461538463 0.8341346153846154 0.75 0.9158653846153846 0.75
2 0.560096153846154 0.6394230769230769 0.5072115384615385 0.6394230769230769 0.5072115384615385 0.7307692307692307 0.560096153846154 0.7307692307692307
9 0.3149038461538463 0.6538461538461539 0.2548076923076924 0.6538461538461539 0.2548076923076924 0.7355769230769231 0.3149038461538463 0.7355769230769231
5 0.7860576923076923 0.6682692307692307 0.71875 0.6682692307692307 0.71875 0.78125 0.7860576923076923 0.78125
2 0.6706730769230769 0.7235576923076923 0.6033653846153848 0.7235576923076923 0.6033653846153848 0.8149038461538461 0.6706730769230769 0.8149038461538461
2 0.8894230769230769 0.7716346153846154 0.8125 0.7716346153846154 0.8125 0.9038461538461539 0.8894230769230769 0.9038461538461539
4 0.13942307692307704 0.7908653846153846 0.06971153846153856 0.7908653846153846 0.06971153846153856 0.8918269230769231 0.13942307692307704 0.8918269230769231
2 0.6634615384615384 0.7596153846153846 0.5721153846153848 0.7596153846153846 0.5721153846153848 0.9278846153846154 0.6634615384615384 0.9278846153846154
2 0.7692307692307693 0.7884615384615384 0.6850961538461539 0.7884615384615384 0.6850961538461539 0.9302884615384616 0.7692307692307693 0.9302884615384616
2 1 0.8653846153846154 0.9038461538461539 0.8653846153846154 0.9038461538461539 1 1 1
2 0.3509615384615386 0.8725961538461539 0.2259615384615386 0.8725961538461539 0.2259615384615386 1 0.3509615384615386 1