8 0.1971153846153847 0.5 0.13942307692307698 0.5 0.13942307692307698 0.6033653846153846 0.1971153846153847 0.6033653846153846
8 0.07211538461538468 0.4807692307692308 5.887724995900737e-17 0.4807692307692308 6.815041682755102e-17 0.6322115384615384 0.0721153846153847 0.6322115384615384
2 0.6899038461538461 0.5048076923076924 0.6322115384615384 0.5048076923076924 0.6322115384615384 0.6129807692307694 0.6899038461538461 0.6129807692307694
4 0.25721153846153855 0.5336538461538461 0.21394230769230776 0.5336538461538461 0.21394230769230776 0.5913461538461539 0.25721153846153855 0.5913461538461539
4 0.3341346153846155 0.5408653846153846 0.2860576923076924 0.5408653846153846 0.2860576923076924 0.6105769230769231 0.33413461538461553 0.6105769230769231
2 0.46875000000000006 0.5360576923076923 0.41586538461538464 0.5360576923076923 0.4158653846153847 0.6177884615384616 0.4687500000000001 0.6177884615384616
2 0.22596153846153852 0.5817307692307693 0.17307692307692316 0.5817307692307693 0.17307692307692316 0.6514423076923077 0.22596153846153852 0.6514423076923077
2 0.6346153846153846 0.5697115384615385 0.5721153846153848 0.5697115384615385 0.5721153846153848 0.6610576923076923 0.6346153846153846 0.6610576923076923
4 0.3149038461538463 0.6129807692307693 0.25721153846153855 0.6129807692307693 0.25721153846153855 0.6875 0.3149038461538463 0.6875
4 0.5000000000000001 0.6442307692307693 0.4399038461538463 0.6442307692307693 0.4399038461538463 0.7283653846153846 0.5000000000000001 0.7283653846153846
2 0.6850961538461539 0.6538461538461539 0.6201923076923077 0.6538461538461539 0.6201923076923077 0.7620192307692307 0.6850961538461539 0.7620192307692307
4 0.31009615384615397 0.6899038461538461 0.2475961538461539 0.6899038461538461 0.2475961538461539 0.78125 0.31009615384615397 0.78125
8 0.1562500000000001 0.6322115384615384 0.050480769230769315 0.6322115384615384 0.05048076923076932 0.8798076923076923 0.15625000000000014 0.8798076923076923
4 0.5721153846153848 0.7259615384615384 0.5048076923076924 0.7259615384615384 0.5048076923076924 0.8245192307692307 0.5721153846153848 0.8245192307692307
2 0.9495192307692307 0.7115384615384616 0.8629807692307693 0.7115384615384616 0.8629807692307693 0.8822115384615384 0.9495192307692307 0.8822115384615384
2 0.4134615384615386 0.8004807692307693 0.3245192307692309 0.8004807692307693 0.3245192307692309 0.96875 0.4134615384615386 0.96875