2 0.7427884615384616 0.29807692307692313 0.6971153846153846 0.29807692307692313 0.6971153846153846 0.3822115384615386 0.7427884615384616 0.3822115384615386
8 0.2932692307692308 0.264423076923077 0.17067307692307693 0.2644230769230769 0.17067307692307696 0.45913461538461536 0.29326923076923084 0.45913461538461536
8 0.90625 0.2668269230769232 0.7980769230769231 0.26682692307692313 0.7980769230769231 0.4759615384615386 0.90625 0.4759615384615386
4 0.6875 0.3509615384615386 0.6225961538461539 0.3509615384615386 0.6225961538461539 0.42788461538461553 0.6875 0.42788461538461553
4 0.42788461538461536 0.35096153846153844 0.36778846153846156 0.35096153846153844 0.36778846153846156 0.4326923076923077 0.42788461538461536 0.4326923076923077
9 0.8076923076923077 0.3629807692307694 0.7307692307692307 0.3629807692307694 0.7307692307692307 0.48317307692307704 0.8076923076923077 0.48317307692307704
9 0.5024038461538461 0.3918269230769231 0.42788461538461536 0.3918269230769231 0.42788461538461536 0.5216346153846154 0.5024038461538461 0.5216346153846154
2 0.1129807692307693 0.4855769230769231 0.033653846153846215 0.4855769230769231 0.03365384615384622 0.5985576923076923 0.1129807692307693 0.5985576923076923
4 0.36538461538461553 0.5600961538461539 0.2836538461538462 0.5600961538461539 0.2836538461538462 0.6899038461538461 0.36538461538461553 0.6899038461538461
4 0.7668269230769231 0.5841346153846155 0.6875 0.5841346153846155 0.6875 0.7163461538461539 0.7668269230769231 0.7163461538461539
5 0.5048076923076924 0.6682692307692307 0.4014423076923078 0.6682692307692307 0.4014423076923078 0.8004807692307693 0.5048076923076924 0.8004807692307693