2 0.48557692307692313 0.5288461538461539 0.4230769230769231 0.5288461538461539 0.42307692307692313 0.6586538461538461 0.48557692307692324 0.6586538461538461
8 0.8269230769230769 0.574519230769231 0.7596153846153846 0.574519230769231 0.7596153846153846 0.7067307692307693 0.8269230769230769 0.7067307692307693
2 0.34134615384615397 0.6129807692307693 0.27644230769230776 0.6129807692307693 0.27644230769230776 0.6899038461538461 0.34134615384615397 0.6899038461538461
4 0.5240384615384617 0.6201923076923077 0.4687500000000001 0.6201923076923077 0.4687500000000001 0.6947115384615384 0.5240384615384617 0.6947115384615384
4 0.7115384615384616 0.6153846153846154 0.65625 0.6153846153846154 0.65625 0.7067307692307693 0.7115384615384616 0.7067307692307693
4 0.24038461538461545 0.6322115384615384 0.17067307692307698 0.6322115384615384 0.17067307692307698 0.7163461538461539 0.24038461538461545 0.7163461538461539
2 0.9278846153846154 0.6322115384615384 0.8509615384615384 0.6322115384615384 0.8509615384615384 0.7451923076923077 0.9278846153846154 0.7451923076923077
4 0.48557692307692324 0.6634615384615384 0.4254807692307694 0.6634615384615384 0.4254807692307694 0.7379807692307693 0.48557692307692324 0.7379807692307693
2 0.7884615384615384 0.6538461538461539 0.71875 0.6538461538461539 0.71875 0.7475961538461539 0.7884615384615384 0.7475961538461539
4 0.2692307692307693 0.6802884615384616 0.2067307692307693 0.6802884615384616 0.2067307692307693 0.7668269230769231 0.2692307692307693 0.7668269230769231
4 0.16105769230769237 0.6826923076923077 0.09134615384615391 0.6826923076923077 0.09134615384615394 0.7740384615384616 0.16105769230769237 0.7740384615384616
4 0.34855769230769246 0.6850961538461539 0.28846153846153855 0.6850961538461539 0.28846153846153855 0.7716346153846154 0.34855769230769246 0.7716346153846154
4 0.20432692307692316 0.7259615384615384 0.13942307692307704 0.7259615384615384 0.13942307692307704 0.8149038461538461 0.20432692307692316 0.8149038461538461
2 0.07451923076923087 0.7043269230769231 0.0024038461538462403 0.7043269230769231 0.002403846153846249 0.84375 0.07451923076923087 0.84375
2 0.2620192307692309 0.7355769230769231 0.17307692307692316 0.7355769230769231 0.17307692307692318 0.8725961538461539 0.2620192307692309 0.8725961538461539
2 0.07932692307692318 0.8052884615384616 9.861939368133734e-17 0.8052884615384616 1.0818694679967603e-16 0.9615384615384616 0.07932692307692318 0.9615384615384616
2 0.6514423076923077 0.7884615384615384 0.5504807692307694 0.7884615384615384 0.5504807692307694 1 0.6514423076923077 1
4 0.5528846153846155 0.8485576923076923 0.4639423076923078 0.8485576923076923 0.4639423076923078 0.9639423076923077 0.5528846153846155 0.9639423076923077
4 0.20673076923076936 0.8677884615384616 0.10576923076923087 0.8677884615384616 0.1057692307692309 1 0.20673076923076936 1