5 0.3317307692307694 0.6177884615384616 0.2788461538461539 0.6177884615384616 0.2788461538461539 0.7091346153846154 0.3317307692307694 0.7091346153846154
2 0.4927884615384617 0.6322115384615384 0.4447115384615386 0.6322115384615384 0.4447115384615386 0.7043269230769231 0.4927884615384617 0.7043269230769231
2 0.6081730769230771 0.6490384615384616 0.5480769230769232 0.6490384615384616 0.5480769230769232 0.7524038461538461 0.6081730769230771 0.7524038461538461
2 0.7764423076923077 0.6971153846153846 0.7259615384615384 0.6971153846153846 0.7259615384615384 0.7764423076923077 0.7764423076923077 0.7764423076923077
4 0.26682692307692313 0.7043269230769231 0.19951923076923084 0.7043269230769231 0.19951923076923084 0.7908653846153846 0.26682692307692313 0.7908653846153846
2 0.9591346153846154 0.6947115384615384 0.9038461538461539 0.6947115384615384 0.9038461538461539 0.8149038461538461 0.9591346153846154 0.8149038461538461
2 0.875 0.7067307692307693 0.8100961538461539 0.7067307692307693 0.8100961538461539 0.8076923076923077 0.875 0.8076923076923077
2 0.5697115384615385 0.7067307692307693 0.49759615384615397 0.7067307692307693 0.49759615384615397 0.8125 0.5697115384615385 0.8125
5 0.6634615384615384 0.7211538461538461 0.6009615384615385 0.7211538461538461 0.6009615384615385 0.8197115384615384 0.6634615384615384 0.8197115384615384
4 0.47836538461538475 0.75 0.41586538461538475 0.75 0.41586538461538475 0.8533653846153846 0.47836538461538475 0.8533653846153846
2 0.3774038461538463 0.7572115384615384 0.3125000000000001 0.7572115384615384 0.3125000000000001 0.8509615384615384 0.3774038461538463 0.8509615384615384
4 1 0.7788461538461539 0.9519230769230769 0.7788461538461539 0.9519230769230769 0.8725961538461539 1 0.8725961538461539
9 0.7692307692307693 0.7908653846153846 0.6850961538461539 0.7908653846153846 0.6850961538461539 0.9399038461538461 0.7692307692307693 0.9399038461538461
5 0.65625 0.8269230769230769 0.574519230769231 0.8269230769230769 0.574519230769231 0.9423076923076923 0.65625 0.9423076923076923
2 0.3052884615384616 0.8269230769230769 0.22115384615384623 0.8269230769230769 0.22115384615384626 0.9759615384615384 0.3052884615384617 0.9759615384615384
2 0.8653846153846154 0.9038461538461539 0.7692307692307693 0.9038461538461539 0.7692307692307693 1 0.8653846153846154 1