4 0.31730769230769246 0.5745192307692307 0.2788461538461539 0.5745192307692307 0.2788461538461539 0.625 0.31730769230769246 0.625
2 0.4399038461538463 0.5865384615384616 0.4014423076923078 0.5865384615384616 0.4014423076923078 0.6754807692307693 0.4399038461538463 0.6754807692307693
5 0.22355769230769237 0.6033653846153846 0.17788461538461545 0.6033653846153846 0.17788461538461545 0.6634615384615384 0.22355769230769237 0.6634615384615384
4 0.40384615384615397 0.6009615384615384 0.36057692307692324 0.6009615384615384 0.36057692307692324 0.6730769230769231 0.40384615384615397 0.6730769230769231
8 0.9038461538461539 0.6322115384615384 0.8389423076923077 0.6322115384615384 0.8389423076923077 0.7572115384615384 0.9038461538461539 0.7572115384615384
8 0.3317307692307694 0.6586538461538461 0.2788461538461539 0.6586538461538461 0.2788461538461539 0.7475961538461539 0.3317307692307694 0.7475961538461539
4 0.4182692307692309 0.6850961538461539 0.3629807692307694 0.6850961538461539 0.3629807692307694 0.7572115384615384 0.4182692307692309 0.7572115384615384
4 0.7115384615384616 0.6947115384615384 0.6634615384615384 0.6947115384615384 0.6634615384615384 0.7572115384615384 0.7115384615384616 0.7572115384615384
4 0.605769230769231 0.6971153846153846 0.5673076923076924 0.6971153846153846 0.5673076923076924 0.7644230769230769 0.605769230769231 0.7644230769230769
2 0.5384615384615385 0.7139423076923077 0.48317307692307704 0.7139423076923077 0.48317307692307704 0.8221153846153846 0.5384615384615385 0.8221153846153846
2 0.8173076923076923 0.7331730769230769 0.7524038461538461 0.7331730769230769 0.7524038461538461 0.8341346153846154 0.8173076923076923 0.8341346153846154
5 0.2379807692307693 0.7427884615384616 0.1754807692307693 0.7427884615384616 0.1754807692307693 0.8317307692307693 0.2379807692307693 0.8317307692307693
2 0.38461538461538475 0.7548076923076923 0.32211538461538475 0.7548076923076923 0.32211538461538475 0.8509615384615384 0.38461538461538475 0.8509615384615384
5 0.6754807692307693 0.7620192307692307 0.6201923076923077 0.7620192307692307 0.6201923076923077 0.8485576923076923 0.6754807692307693 0.8485576923076923
4 0.2932692307692309 0.8052884615384616 0.24038461538461545 0.8052884615384616 0.24038461538461547 0.8870192307692307 0.2932692307692309 0.8870192307692307
2 0.6129807692307694 0.8052884615384616 0.5504807692307694 0.8052884615384616 0.5504807692307694 0.9110576923076923 0.6129807692307694 0.9110576923076923