2 0.23317307692307698 0.34615384615384615 0.19951923076923084 0.34615384615384615 0.19951923076923084 0.40625 0.23317307692307698 0.40625
8 0.1370192307692308 0.3701923076923077 0.06730769230769236 0.3701923076923077 0.06730769230769236 0.4855769230769231 0.13701923076923084 0.4855769230769231
2 0.18028846153846162 0.40625 0.1418269230769231 0.40625 0.14182692307692313 0.47836538461538464 0.18028846153846162 0.47836538461538464
8 0.6730769230769231 0.40384615384615397 0.6201923076923077 0.40384615384615397 0.6201923076923077 0.5072115384615385 0.6730769230769231 0.5072115384615385
4 0.22115384615384623 0.43509615384615385 0.18750000000000006 0.43509615384615385 0.18750000000000006 0.4807692307692308 0.22115384615384623 0.4807692307692308
2 0.5264423076923077 0.46634615384615385 0.4879807692307692 0.46634615384615385 0.4879807692307692 0.5216346153846154 0.5264423076923077 0.5216346153846154
8 0.11538461538461545 0.44711538461538464 0.043269230769230824 0.44711538461538464 0.04326923076923083 0.5552884615384616 0.11538461538461545 0.5552884615384616
2 0.5865384615384616 0.4567307692307693 0.5456730769230769 0.4567307692307692 0.5456730769230769 0.5504807692307693 0.5865384615384616 0.5504807692307694
9 0.15625000000000006 0.5144230769230769 0.10336538461538468 0.5144230769230769 0.10336538461538468 0.5841346153846154 0.15625000000000006 0.5841346153846154
2 0.6586538461538461 0.5144230769230771 0.6153846153846154 0.5144230769230771 0.6153846153846154 0.6129807692307694 0.6586538461538461 0.6129807692307694
5 0.08413461538461545 0.5913461538461539 0.024038461538461606 0.5913461538461539 0.024038461538461616 0.6658653846153846 0.08413461538461545 0.6658653846153846
4 0.6153846153846154 0.5985576923076924 0.574519230769231 0.5985576923076924 0.574519230769231 0.6634615384615384 0.6153846153846154 0.6634615384615384
2 0.5576923076923078 0.5985576923076923 0.5048076923076924 0.5985576923076923 0.5048076923076924 0.6947115384615384 0.5576923076923078 0.6947115384615384
2 0.7163461538461539 0.6322115384615384 0.6658653846153846 0.6322115384615384 0.6658653846153846 0.7259615384615384 0.7163461538461539 0.7259615384615384