4 0.5889423076923077 0.32451923076923084 0.5576923076923077 0.3245192307692308 0.5576923076923077 0.3846153846153847 0.5889423076923077 0.38461538461538475
2 0.6201923076923077 0.37259615384615397 0.5913461538461539 0.37259615384615397 0.5913461538461539 0.43509615384615397 0.6201923076923077 0.43509615384615397
4 0.5649038461538461 0.389423076923077 0.5384615384615384 0.3894230769230769 0.5384615384615384 0.4350961538461539 0.5649038461538461 0.43509615384615397
4 0.1850961538461539 0.41346153846153844 0.14903846153846156 0.41346153846153844 0.1490384615384616 0.4543269230769231 0.1850961538461539 0.4543269230769231
2 0.4326923076923077 0.41346153846153844 0.39663461538461536 0.41346153846153844 0.39663461538461536 0.4735576923076923 0.4326923076923077 0.4735576923076923
2 0.6394230769230769 0.4086538461538463 0.6081730769230769 0.4086538461538463 0.6081730769230769 0.4879807692307694 0.6394230769230769 0.4879807692307694
4 0.4471153846153847 0.5480769230769231 0.4014423076923077 0.5480769230769231 0.40144230769230776 0.6033653846153846 0.44711538461538475 0.6033653846153846
2 0.16826923076923084 0.5480769230769231 0.11538461538461545 0.5480769230769231 0.11538461538461545 0.6105769230769231 0.16826923076923084 0.6105769230769231
2 0.6129807692307693 0.5528846153846155 0.5649038461538461 0.5528846153846155 0.5649038461538463 0.6322115384615384 0.6129807692307694 0.6322115384615384
2 0.9951923076923077 0.6682692307692307 0.9326923076923077 0.6682692307692307 0.9326923076923077 0.7692307692307693 0.9951923076923077 0.7692307692307693
2 0.7668269230769231 0.7235576923076923 0.7091346153846154 0.7235576923076923 0.7091346153846154 0.8269230769230769 0.7668269230769231 0.8269230769230769