4 0.7788461538461539 0.3774038461538463 0.6947115384615384 0.3774038461538463 0.6947115384615384 0.4711538461538463 0.7788461538461539 0.4711538461538463
4 0.6995192307692307 0.3942307692307694 0.6298076923076923 0.3942307692307694 0.6298076923076923 0.4807692307692309 0.6995192307692307 0.4807692307692309
4 0.35096153846153844 0.4110576923076923 0.27644230769230776 0.4110576923076923 0.27644230769230776 0.5 0.35096153846153844 0.5
4 0.8918269230769231 0.4687500000000001 0.7956730769230769 0.4687500000000001 0.7956730769230769 0.5793269230769232 0.8918269230769231 0.5793269230769232
4 1 0.47355769230769246 0.8990384615384616 0.47355769230769246 0.8990384615384616 0.5937500000000001 1 0.5937500000000001
5 0.6802884615384616 0.512019230769231 0.5673076923076923 0.512019230769231 0.5673076923076924 0.6298076923076923 0.6802884615384616 0.6298076923076923
4 0.47355769230769246 0.5913461538461539 0.3701923076923078 0.5913461538461539 0.3701923076923078 0.7211538461538461 0.47355769230769246 0.7211538461538461
5 0.09855769230769242 0.8245192307692307 1.0097448367969763e-16 0.8245192307692307 1.0642062930090582e-16 0.9134615384615384 0.09855769230769242 0.9134615384615384
4 0.15144230769230782 0.8894230769230769 0.02403846153846165 0.8894230769230769 0.024038461538461654 0.9879807692307693 0.15144230769230782 0.9879807692307693
2 0.5096153846153846 0.36538461538461536 0.44471153846153844 0.36538461538461536 0.44471153846153844 0.4375 0.5096153846153846 0.4375
4 0.4495192307692308 0.3701923076923077 0.37740384615384615 0.3701923076923077 0.37740384615384615 0.44471153846153844 0.4495192307692308 0.44471153846153844