2 0.4567307692307692 0.295673076923077 0.4182692307692308 0.295673076923077 0.4182692307692308 0.3701923076923077 0.4567307692307692 0.3701923076923077
2 0.4735576923076923 0.36778846153846156 0.43028846153846156 0.36778846153846156 0.43028846153846156 0.4375 0.4735576923076923 0.4375
2 0.6033653846153846 0.35096153846153855 0.5528846153846154 0.35096153846153844 0.5528846153846154 0.4615384615384616 0.6033653846153846 0.4615384615384617
4 0.6538461538461539 0.4254807692307694 0.6057692307692307 0.4254807692307694 0.6057692307692307 0.49038461538461553 0.6538461538461539 0.49038461538461553
1 0.2836538461538462 0.4543269230769231 0.2524038461538462 0.4543269230769231 0.2524038461538462 0.5336538461538461 0.2836538461538462 0.5336538461538461
5 0.38221153846153855 0.4543269230769231 0.31009615384615385 0.4543269230769231 0.3100961538461539 0.5649038461538461 0.3822115384615386 0.5649038461538461
2 0.8774038461538461 0.48317307692307704 0.7932692307692307 0.48317307692307704 0.7932692307692307 0.6153846153846154 0.8774038461538461 0.6153846153846154
2 0.19471153846153852 0.5072115384615384 0.09134615384615391 0.5072115384615384 0.09134615384615391 0.6322115384615384 0.19471153846153852 0.6322115384615384
2 0.7788461538461539 0.4951923076923078 0.6802884615384616 0.4951923076923078 0.6802884615384616 0.7139423076923077 0.7788461538461539 0.7139423076923077
1 0.264423076923077 0.5793269230769231 0.21394230769230776 0.5793269230769231 0.21394230769230776 0.6850961538461539 0.264423076923077 0.6850961538461539
9 0.6778846153846154 0.5552884615384617 0.5817307692307693 0.5552884615384617 0.5817307692307693 0.7572115384615384 0.6778846153846154 0.7572115384615384
4 0.9206730769230769 0.6466346153846154 0.8100961538461539 0.6466346153846154 0.8100961538461539 0.7836538461538461 0.9206730769230769 0.7836538461538461