2 0.4014423076923077 0.39903846153846156 0.37259615384615385 0.39903846153846156 0.37259615384615385 0.4519230769230769 0.4014423076923077 0.4519230769230769
8 0.17788461538461545 0.3894230769230769 0.1274038461538462 0.3894230769230769 0.1274038461538462 0.47115384615384615 0.17788461538461545 0.47115384615384615
4 0.46153846153846156 0.41586538461538464 0.4326923076923077 0.41586538461538464 0.4326923076923077 0.45913461538461536 0.46153846153846156 0.45913461538461536
2 0.6346153846153846 0.42067307692307704 0.5985576923076923 0.42067307692307704 0.5985576923076923 0.48317307692307704 0.6346153846153846 0.48317307692307704
4 0.6009615384615384 0.43509615384615397 0.5721153846153846 0.43509615384615397 0.5721153846153846 0.48557692307692324 0.6009615384615384 0.48557692307692324
4 0.18990384615384623 0.46153846153846156 0.15865384615384623 0.46153846153846156 0.15865384615384623 0.49759615384615385 0.18990384615384623 0.49759615384615385
4 0.18269230769230776 0.49038461538461536 0.14663461538461545 0.49038461538461536 0.14663461538461545 0.5432692307692307 0.18269230769230776 0.5432692307692307
2 0.7716346153846154 0.49759615384615397 0.7259615384615384 0.49759615384615397 0.7259615384615384 0.5769230769230771 0.7716346153846154 0.5769230769230771
1 0.1971153846153847 0.53125 0.1754807692307693 0.53125 0.1754807692307693 0.5889423076923077 0.1971153846153847 0.5889423076923077
4 0.8557692307692307 0.5504807692307694 0.8028846153846154 0.5504807692307694 0.8028846153846154 0.6442307692307693 0.8557692307692307 0.6442307692307693
4 0.6033653846153848 0.5649038461538463 0.5649038461538463 0.5649038461538463 0.5649038461538463 0.6466346153846154 0.6033653846153848 0.6466346153846154
2 0.1538461538461539 0.5721153846153846 0.10336538461538468 0.5721153846153846 0.10336538461538468 0.6490384615384616 0.1538461538461539 0.6490384615384616
2 0.7043269230769231 0.5889423076923078 0.6634615384615384 0.5889423076923078 0.6634615384615384 0.6730769230769231 0.7043269230769231 0.6730769230769231
2 0.37980769230769246 0.6322115384615384 0.32932692307692324 0.6322115384615384 0.32932692307692324 0.7283653846153846 0.37980769230769246 0.7283653846153846
8 0.3197115384615386 0.625 0.24278846153846162 0.625 0.24278846153846162 0.7668269230769231 0.3197115384615386 0.7668269230769231
5 0.13221153846153857 0.7043269230769231 0.07932692307692318 0.7043269230769231 0.07932692307692318 0.7860576923076923 0.13221153846153857 0.7860576923076923
2 0.9663461538461539 0.6778846153846154 0.8870192307692307 0.6778846153846154 0.8870192307692307 0.8389423076923077 0.9663461538461539 0.8389423076923077
2 0.41105769230769246 0.7451923076923077 0.3629807692307694 0.7451923076923077 0.3629807692307694 0.8389423076923077 0.41105769230769246 0.8389423076923077