5 0.5649038461538463 0.625 0.512019230769231 0.625 0.512019230769231 0.6971153846153846 0.5649038461538463 0.6971153846153846
2 0.48557692307692324 0.625 0.4375000000000001 0.625 0.4375000000000001 0.7067307692307693 0.48557692307692324 0.7067307692307693
4 0.24278846153846162 0.6394230769230769 0.19951923076923084 0.6394230769230769 0.19951923076923084 0.7043269230769231 0.24278846153846162 0.7043269230769231
4 0.40384615384615397 0.65625 0.3509615384615386 0.65625 0.3509615384615386 0.7331730769230769 0.40384615384615397 0.7331730769230769
2 0.3509615384615386 0.6610576923076923 0.2908653846153847 0.6610576923076923 0.2908653846153847 0.7427884615384616 0.3509615384615386 0.7427884615384616
9 0.6322115384615384 0.6706730769230769 0.5769230769230771 0.6706730769230769 0.5769230769230771 0.7692307692307693 0.6322115384615384 0.7692307692307693
5 0.5552884615384617 0.7067307692307693 0.4927884615384617 0.7067307692307693 0.4927884615384617 0.7980769230769231 0.5552884615384617 0.7980769230769231
2 0.28365384615384626 0.7043269230769231 0.22115384615384623 0.7043269230769231 0.22115384615384626 0.8413461538461539 0.2836538461538463 0.8413461538461539
2 0.6802884615384616 0.7379807692307693 0.6201923076923077 0.7379807692307693 0.6201923076923077 0.8197115384615384 0.6802884615384616 0.8197115384615384
4 0.7043269230769231 0.7836538461538461 0.6394230769230769 0.7836538461538461 0.6394230769230769 0.8725961538461539 0.7043269230769231 0.8725961538461539
2 0.6466346153846154 0.7764423076923077 0.5697115384615385 0.7764423076923077 0.5697115384615385 0.9423076923076923 0.6466346153846154 0.9423076923076923
2 0.9735576923076923 0.8317307692307693 0.8966346153846154 0.8317307692307693 0.8966346153846154 0.9471153846153846 0.9735576923076923 0.9471153846153846
4 0.8100961538461539 0.8822115384615384 0.7235576923076923 0.8822115384615384 0.7235576923076923 1 0.8100961538461539 1