2 0.19230769230769235 0.24278846153846154 0.15865384615384615 0.24278846153846154 0.1586538461538462 0.30288461538461536 0.19230769230769237 0.30288461538461536
2 0.5072115384615384 0.2596153846153847 0.46875 0.2596153846153847 0.46875 0.3245192307692308 0.5072115384615384 0.3245192307692308
2 0.4206730769230769 0.26682692307692313 0.3798076923076923 0.26682692307692313 0.3798076923076923 0.32211538461538464 0.4206730769230769 0.32211538461538464
2 0.37259615384615385 0.2692307692307693 0.33413461538461536 0.2692307692307693 0.33413461538461536 0.31971153846153844 0.37259615384615385 0.31971153846153844
2 0.5408653846153846 0.2860576923076924 0.5 0.2860576923076924 0.5 0.35336538461538464 0.5408653846153846 0.35336538461538464
2 0.2908653846153847 0.3004807692307693 0.24278846153846162 0.3004807692307692 0.24278846153846162 0.3485576923076923 0.2908653846153847 0.3485576923076923
2 0.5889423076923077 0.31971153846153855 0.53125 0.31971153846153844 0.53125 0.389423076923077 0.5889423076923077 0.38942307692307704
2 0.33653846153846156 0.34615384615384615 0.2836538461538462 0.34615384615384615 0.2836538461538462 0.40865384615384615 0.33653846153846156 0.40865384615384615
4 0.2788461538461539 0.35096153846153844 0.23076923076923084 0.35096153846153844 0.23076923076923084 0.41346153846153844 0.2788461538461539 0.41346153846153844
4 0.5360576923076923 0.3629807692307692 0.47596153846153844 0.3629807692307692 0.47596153846153844 0.4423076923076923 0.5360576923076923 0.4423076923076923
2 0.7451923076923077 0.42067307692307704 0.6538461538461539 0.42067307692307704 0.6538461538461539 0.5144230769230771 0.7451923076923077 0.5144230769230771
2 0.8341346153846154 0.4927884615384617 0.71875 0.4927884615384617 0.71875 0.6225961538461539 0.8341346153846154 0.6225961538461539
4 0.46394230769230776 0.5408653846153846 0.375 0.5408653846153846 0.37500000000000006 0.6298076923076923 0.4639423076923078 0.6298076923076923
2 0.3533653846153847 0.5456730769230769 0.2596153846153847 0.5456730769230769 0.2596153846153847 0.6658653846153846 0.35336538461538475 0.6658653846153846