8 0.1971153846153847 0.43990384615384615 0.12740384615384623 0.43990384615384615 0.12740384615384623 0.5288461538461539 0.1971153846153847 0.5288461538461539
2 0.19230769230769237 0.5192307692307693 0.1442307692307693 0.5192307692307693 0.1442307692307693 0.5841346153846154 0.19230769230769237 0.5841346153846154
4 0.29807692307692313 0.5240384615384616 0.25000000000000006 0.5240384615384616 0.25000000000000006 0.5841346153846154 0.29807692307692313 0.5841346153846154
8 0.06009615384615392 0.4879807692307692 5.976040870839248e-17 0.4879807692307692 6.947515495162868e-17 0.6466346153846154 0.06009615384615393 0.6466346153846154
2 0.4711538461538463 0.5745192307692307 0.42307692307692324 0.5745192307692307 0.42307692307692324 0.6442307692307693 0.4711538461538463 0.6442307692307693
2 0.5168269230769232 0.65625 0.4567307692307694 0.65625 0.4567307692307694 0.7403846153846154 0.5168269230769232 0.7403846153846154
2 0.3125000000000001 0.6995192307692307 0.25000000000000006 0.6995192307692307 0.25000000000000006 0.8028846153846154 0.3125000000000001 0.8028846153846154
2 0.6346153846153846 0.7331730769230769 0.5552884615384617 0.7331730769230769 0.5552884615384617 0.8557692307692307 0.6346153846153846 0.8557692307692307
8 0.15384615384615394 0.6899038461538461 0.050480769230769315 0.6899038461538461 0.050480769230769336 0.9134615384615384 0.153846153846154 0.9134615384615384
4 0.24759615384615394 0.7764423076923077 0.1754807692307693 0.7764423076923077 0.17548076923076933 0.8725961538461539 0.247596153846154 0.8725961538461539
4 0.7764423076923077 0.8004807692307693 0.6971153846153846 0.8004807692307693 0.6971153846153846 0.9182692307692307 0.7764423076923077 0.9182692307692307
4 0.3629807692307694 0.8245192307692307 0.28846153846153855 0.8245192307692307 0.28846153846153855 0.9158653846153846 0.3629807692307694 0.9158653846153846
5 0.9375 0.8293269230769231 0.8533653846153846 0.8293269230769231 0.8533653846153846 0.9519230769230769 0.9375 0.9519230769230769