8 0.24038461538461545 0.41586538461538464 0.12019230769230772 0.41586538461538464 0.12019230769230774 0.5889423076923077 0.24038461538461545 0.5889423076923077
8 0.7524038461538461 0.4495192307692309 0.6778846153846154 0.4495192307692309 0.6778846153846154 0.6177884615384616 0.7524038461538461 0.6177884615384616
4 0.358173076923077 0.5216346153846154 0.295673076923077 0.5216346153846154 0.295673076923077 0.5865384615384616 0.35817307692307704 0.5865384615384616
2 0.4711538461538462 0.5384615384615384 0.4206730769230769 0.5384615384615384 0.420673076923077 0.6201923076923077 0.4711538461538463 0.6201923076923077
8 0.6322115384615384 0.4663461538461539 0.5432692307692307 0.46634615384615385 0.5432692307692308 0.6995192307692307 0.6322115384615384 0.6995192307692307
8 0.10096153846153853 0.5240384615384616 0.0024038461538462177 0.5240384615384616 0.002403846153846227 0.6754807692307693 0.10096153846153853 0.6754807692307693
4 0.2067307692307693 0.5697115384615384 0.14903846153846162 0.5697115384615384 0.14903846153846162 0.6514423076923077 0.2067307692307693 0.6514423076923077
5 0.5360576923076924 0.5793269230769231 0.4711538461538463 0.5793269230769231 0.4711538461538463 0.65625 0.5360576923076924 0.65625
2 0.24038461538461545 0.6057692307692307 0.16346153846153852 0.6057692307692307 0.16346153846153852 0.6802884615384616 0.24038461538461545 0.6802884615384616
2 0.12740384615384623 0.6346153846153846 0.028846153846153924 0.6346153846153846 0.02884615384615393 0.7596153846153846 0.12740384615384626 0.7596153846153846
4 0.543269230769231 0.7043269230769231 0.4687500000000001 0.7043269230769231 0.4687500000000001 0.8221153846153846 0.543269230769231 0.8221153846153846
2 0.35817307692307704 0.84375 0.2620192307692309 0.84375 0.2620192307692309 0.9855769230769231 0.35817307692307704 0.9855769230769231