0 0.5841346153846154 0.41346153846153855 0.47596153846153844 0.41346153846153844 0.47596153846153855 0.6177884615384616 0.5841346153846155 0.6177884615384616
4 0.47596153846153855 0.5240384615384616 0.4375 0.5240384615384616 0.43750000000000006 0.5985576923076923 0.4759615384615386 0.5985576923076923
8 0.6802884615384616 0.4639423076923078 0.5841346153846154 0.4639423076923078 0.5841346153846154 0.6586538461538461 0.6802884615384616 0.6586538461538461
4 0.7620192307692307 0.5240384615384617 0.7091346153846154 0.5240384615384617 0.7091346153846154 0.6177884615384616 0.7620192307692307 0.6177884615384616
4 0.8269230769230769 0.5456730769230771 0.7692307692307693 0.5456730769230771 0.7692307692307693 0.6370192307692307 0.8269230769230769 0.6370192307692307
2 0.574519230769231 0.5865384615384616 0.5048076923076924 0.5865384615384616 0.5048076923076924 0.6971153846153846 0.574519230769231 0.6971153846153846
2 0.7163461538461539 0.591346153846154 0.6466346153846154 0.591346153846154 0.6466346153846154 0.7259615384615384 0.7163461538461539 0.7259615384615384
4 0.8052884615384616 0.6177884615384616 0.7403846153846154 0.6177884615384616 0.7403846153846154 0.7235576923076923 0.8052884615384616 0.7235576923076923
4 0.6033653846153848 0.6802884615384616 0.528846153846154 0.6802884615384616 0.528846153846154 0.7980769230769231 0.6033653846153848 0.7980769230769231
4 0.7956730769230769 0.7043269230769231 0.7067307692307693 0.7043269230769231 0.7067307692307693 0.8774038461538461 0.7956730769230769 0.8774038461538461
2 0.6826923076923077 0.6634615384615384 0.5769230769230771 0.6634615384615384 0.5769230769230771 0.9206730769230769 0.6826923076923077 0.9206730769230769
2 0.5480769230769232 0.7524038461538461 0.42788461538461553 0.7524038461538461 0.42788461538461553 1 0.5480769230769232 1