4 0.545673076923077 0.5120192307692307 0.4855769230769231 0.5120192307692307 0.48557692307692313 0.6033653846153846 0.5456730769230771 0.6033653846153846
4 0.38221153846153855 0.5408653846153846 0.33413461538461536 0.5408653846153846 0.3341346153846155 0.6153846153846154 0.3822115384615386 0.6153846153846154
9 0.31971153846153855 0.5480769230769231 0.25721153846153855 0.5480769230769231 0.25721153846153855 0.625 0.3197115384615386 0.625
4 0.41586538461538475 0.5649038461538461 0.3629807692307694 0.5649038461538461 0.3629807692307694 0.6274038461538461 0.41586538461538475 0.6274038461538461
4 0.5721153846153848 0.5697115384615385 0.5240384615384617 0.5697115384615384 0.5240384615384617 0.6418269230769231 0.5721153846153848 0.6418269230769231
2 0.3197115384615386 0.5985576923076923 0.25000000000000006 0.5985576923076923 0.25000000000000006 0.6875 0.3197115384615386 0.6875
4 0.264423076923077 0.6081730769230769 0.1971153846153847 0.6081730769230769 0.1971153846153847 0.6826923076923077 0.264423076923077 0.6826923076923077
2 0.13221153846153852 0.6153846153846154 0.055288461538461606 0.6153846153846154 0.05528846153846161 0.6923076923076923 0.13221153846153852 0.6923076923076923
5 0.36538461538461553 0.6129807692307693 0.3004807692307693 0.6129807692307693 0.3004807692307693 0.7043269230769231 0.36538461538461553 0.7043269230769231
4 0.1971153846153847 0.6225961538461539 0.12500000000000006 0.6225961538461539 0.12500000000000008 0.7043269230769231 0.1971153846153847 0.7043269230769231
4 0.6947115384615384 0.6201923076923077 0.6394230769230769 0.6201923076923077 0.6394230769230769 0.7115384615384616 0.6947115384615384 0.7115384615384616
4 0.605769230769231 0.6466346153846154 0.5456730769230771 0.6466346153846154 0.5456730769230771 0.7403846153846154 0.605769230769231 0.7403846153846154
9 0.11057692307692316 0.6730769230769231 0.024038461538461623 0.6730769230769231 0.024038461538461627 0.7572115384615384 0.11057692307692318 0.7572115384615384
2 0.4375000000000001 0.6442307692307693 0.35817307692307704 0.6442307692307693 0.35817307692307704 0.7884615384615384 0.4375000000000001 0.7884615384615384
5 0.11538461538461549 0.7283653846153846 0.024038461538461623 0.7283653846153846 0.024038461538461633 0.8317307692307693 0.11538461538461549 0.8317307692307693
4 0.23557692307692318 0.7668269230769231 0.14182692307692318 0.7668269230769231 0.14182692307692318 0.8846153846153846 0.2355769230769232 0.8846153846153846