8 0.21394230769230776 0.4879807692307692 0.12740384615384623 0.4879807692307692 0.12740384615384623 0.6201923076923077 0.21394230769230776 0.6201923076923077
2 0.528846153846154 0.5480769230769231 0.4855769230769231 0.5480769230769231 0.48557692307692313 0.6057692307692307 0.528846153846154 0.6057692307692307
4 0.5985576923076924 0.5552884615384616 0.5480769230769231 0.5552884615384616 0.5480769230769231 0.625 0.5985576923076924 0.625
8 0.7644230769230769 0.5096153846153848 0.6875 0.5096153846153848 0.6875 0.6754807692307693 0.7644230769230769 0.6754807692307693
2 0.05288461538461546 0.5673076923076923 0.004807692307692378 0.5673076923076923 0.0048076923076923826 0.6466346153846154 0.05288461538461547 0.6466346153846154
2 0.6802884615384616 0.5817307692307694 0.6298076923076923 0.5817307692307694 0.6298076923076923 0.6778846153846154 0.6802884615384616 0.6778846153846154
4 0.5048076923076924 0.6370192307692307 0.44711538461538475 0.6370192307692307 0.44711538461538475 0.7283653846153846 0.5048076923076924 0.7283653846153846
2 0.23076923076923084 0.6418269230769231 0.16105769230769237 0.6418269230769231 0.16105769230769237 0.7427884615384616 0.23076923076923084 0.7427884615384616
4 0.11778846153846162 0.6778846153846154 0.06490384615384624 0.6778846153846154 0.06490384615384624 0.7620192307692307 0.11778846153846165 0.7620192307692307
4 0.2283653846153847 0.7379807692307693 0.1658653846153847 0.7379807692307693 0.1658653846153847 0.8197115384615384 0.2283653846153847 0.8197115384615384
2 0.8028846153846154 0.7475961538461539 0.7115384615384616 0.7475961538461539 0.7115384615384616 0.8725961538461539 0.8028846153846154 0.8725961538461539
2 0.6850961538461539 0.7956730769230769 0.5937500000000001 0.7956730769230769 0.5937500000000001 0.9326923076923077 0.6850961538461539 0.9326923076923077