8 0.17788461538461545 0.42788461538461536 0.09375000000000007 0.42788461538461536 0.09375000000000007 0.5673076923076923 0.17788461538461545 0.5673076923076923
8 0.6514423076923077 0.44711538461538475 0.5985576923076923 0.44711538461538475 0.5985576923076923 0.5552884615384617 0.6514423076923077 0.5552884615384617
8 0.7043269230769231 0.4495192307692309 0.6466346153846154 0.4495192307692309 0.6466346153846154 0.574519230769231 0.7043269230769231 0.574519230769231
2 0.28125000000000006 0.4951923076923077 0.24278846153846162 0.4951923076923077 0.24278846153846162 0.5432692307692307 0.28125000000000006 0.5432692307692307
2 0.5408653846153847 0.5072115384615384 0.5048076923076923 0.5072115384615384 0.5048076923076924 0.5889423076923077 0.5408653846153848 0.5889423076923077
8 0.5937500000000001 0.49519230769230776 0.5432692307692307 0.4951923076923077 0.5432692307692308 0.6129807692307693 0.5937500000000001 0.6129807692307694
4 0.2860576923076924 0.5432692307692307 0.24519230769230776 0.5432692307692307 0.24519230769230776 0.59375 0.2860576923076924 0.59375
2 0.20192307692307698 0.5504807692307693 0.15144230769230776 0.5504807692307693 0.15144230769230776 0.6442307692307693 0.20192307692307698 0.6442307692307693
8 0.7884615384615384 0.5480769230769232 0.7067307692307693 0.5480769230769232 0.7067307692307693 0.7067307692307693 0.7884615384615384 0.7067307692307693
9 0.22596153846153852 0.6225961538461539 0.17067307692307698 0.6225961538461539 0.17067307692307698 0.7235576923076923 0.22596153846153852 0.7235576923076923
2 0.048076923076923156 0.6009615384615384 7.359656244875921e-17 0.6009615384615384 8.257534306750783e-17 0.7475961538461539 0.04807692307692316 0.7475961538461539
2 0.6899038461538461 0.6346153846153846 0.6177884615384616 0.6346153846153846 0.6177884615384616 0.7596153846153846 0.6899038461538461 0.7596153846153846
2 0.591346153846154 0.6418269230769231 0.5240384615384617 0.6418269230769231 0.5240384615384617 0.7548076923076923 0.591346153846154 0.7548076923076923
4 0.13221153846153857 0.7067307692307693 0.08173076923076933 0.7067307692307693 0.08173076923076933 0.7692307692307693 0.13221153846153857 0.7692307692307693
2 0.1250000000000001 0.7427884615384616 0.05528846153846163 0.7427884615384616 0.055288461538461633 0.8413461538461539 0.1250000000000001 0.8413461538461539
8 0.9519230769230769 0.6778846153846154 0.8100961538461539 0.6778846153846154 0.8100961538461539 0.9182692307692307 0.9519230769230769 0.9182692307692307
2 0.7572115384615384 0.7836538461538461 0.6658653846153846 0.7836538461538461 0.6658653846153846 0.90625 0.7572115384615384 0.90625
4 0.34134615384615397 0.7932692307692307 0.2716346153846155 0.7932692307692307 0.2716346153846155 0.8942307692307693 0.34134615384615397 0.8942307692307693
2 0.2620192307692309 0.7884615384615384 0.18028846153846162 0.7884615384615384 0.18028846153846165 0.9158653846153846 0.2620192307692309 0.9158653846153846
2 0.12019230769230779 0.8341346153846154 0.04086538461538472 0.8341346153846154 0.04086538461538473 0.9639423076923077 0.12019230769230779 0.9639423076923077