2 0.46394230769230776 0.5288461538461539 0.4206730769230769 0.5288461538461539 0.420673076923077 0.6274038461538461 0.4639423076923078 0.6274038461538461
2 0.13701923076923084 0.5456730769230769 0.07211538461538468 0.5456730769230769 0.07211538461538469 0.6442307692307693 0.13701923076923084 0.6442307692307693
8 0.7043269230769231 0.528846153846154 0.6225961538461539 0.528846153846154 0.6225961538461539 0.6875 0.7043269230769231 0.6875
4 0.6201923076923077 0.6009615384615385 0.5649038461538463 0.6009615384615385 0.5649038461538463 0.6899038461538461 0.6201923076923077 0.6899038461538461
4 0.5384615384615385 0.6153846153846154 0.48317307692307704 0.6153846153846154 0.48317307692307704 0.6875 0.5384615384615385 0.6875
2 0.06250000000000008 0.6153846153846154 0.012019230769230846 0.6153846153846154 0.01201923076923085 0.6995192307692307 0.06250000000000008 0.6995192307692307
2 0.2860576923076924 0.6274038461538461 0.23076923076923084 0.6274038461538461 0.23076923076923084 0.6995192307692307 0.2860576923076924 0.6995192307692307
4 0.23317307692307698 0.6658653846153846 0.1754807692307693 0.6658653846153846 0.1754807692307693 0.7403846153846154 0.23317307692307698 0.7403846153846154
8 0.139423076923077 0.6370192307692307 0.06971153846153855 0.6370192307692307 0.06971153846153856 0.78125 0.13942307692307704 0.78125
5 0.23557692307692318 0.7764423076923077 0.16346153846153852 0.7764423076923077 0.16346153846153857 0.8774038461538461 0.2355769230769232 0.8774038461538461
8 0.09855769230769243 0.8245192307692307 0.009615384615384718 0.8245192307692307 0.009615384615384727 0.9855769230769231 0.09855769230769244 0.9855769230769231
4 0.4326923076923078 0.8918269230769231 0.3365384615384617 0.8918269230769231 0.3365384615384617 1 0.4326923076923078 1