4 0.6706730769230769 0.3750000000000001 0.6370192307692307 0.3750000000000001 0.6370192307692307 0.4254807692307694 0.6706730769230769 0.4254807692307694
4 0.6033653846153846 0.38221153846153855 0.5552884615384616 0.38221153846153844 0.5552884615384616 0.4399038461538462 0.6033653846153846 0.4399038461538463
4 0.40865384615384615 0.40865384615384615 0.35096153846153844 0.40865384615384615 0.35096153846153844 0.46153846153846156 0.40865384615384615 0.46153846153846156
1 0.3076923076923077 0.41586538461538464 0.27644230769230776 0.41586538461538464 0.27644230769230776 0.49759615384615385 0.3076923076923077 0.49759615384615385
1 0.6490384615384616 0.42307692307692324 0.625 0.42307692307692324 0.625 0.5048076923076924 0.6490384615384616 0.5048076923076924
2 0.7884615384615384 0.4807692307692309 0.7091346153846154 0.4807692307692309 0.7091346153846154 0.5889423076923078 0.7884615384615384 0.5889423076923078
5 0.6466346153846154 0.48317307692307704 0.5769230769230769 0.48317307692307704 0.576923076923077 0.6081730769230771 0.6466346153846154 0.6081730769230771
2 0.8774038461538461 0.5024038461538463 0.8004807692307693 0.5024038461538463 0.8004807692307693 0.6105769230769232 0.8774038461538461 0.6105769230769232
2 0.31730769230769246 0.5745192307692307 0.19951923076923084 0.5745192307692307 0.19951923076923084 0.7403846153846154 0.31730769230769246 0.7403846153846154
2 0.8100961538461539 0.591346153846154 0.7139423076923077 0.591346153846154 0.7139423076923077 0.7884615384615384 0.8100961538461539 0.7884615384615384
2 0.9543269230769231 0.6129807692307694 0.8245192307692307 0.6129807692307694 0.8245192307692307 0.8701923076923077 0.9543269230769231 0.8701923076923077
4 0.7644230769230769 0.7644230769230769 0.6225961538461539 0.7644230769230769 0.6225961538461539 1 0.7644230769230769 1