2 0.6442307692307693 0.4134615384615386 0.5769230769230769 0.4134615384615386 0.5769230769230769 0.4927884615384617 0.6442307692307693 0.4927884615384617
2 0.4423076923076923 0.43028846153846156 0.3798076923076923 0.43028846153846156 0.3798076923076923 0.5072115384615384 0.4423076923076923 0.5072115384615384
4 0.2836538461538462 0.4519230769230769 0.23317307692307698 0.4519230769230769 0.23317307692307698 0.5144230769230769 0.2836538461538462 0.5144230769230769
2 0.34615384615384615 0.4543269230769231 0.295673076923077 0.4543269230769231 0.295673076923077 0.5360576923076923 0.34615384615384615 0.5360576923076923
4 0.5264423076923077 0.4879807692307692 0.46153846153846156 0.4879807692307692 0.4615384615384616 0.5649038461538461 0.5264423076923078 0.5649038461538461
4 0.4711538461538462 0.5168269230769231 0.4014423076923077 0.5168269230769231 0.40144230769230776 0.59375 0.4711538461538463 0.59375
4 0.7692307692307693 0.5336538461538463 0.6826923076923077 0.5336538461538463 0.6826923076923077 0.625 0.7692307692307693 0.625
5 0.2860576923076924 0.5865384615384616 0.21875000000000006 0.5865384615384616 0.21875000000000006 0.6971153846153846 0.2860576923076924 0.6971153846153846
2 0.3870192307692309 0.5865384615384616 0.3076923076923078 0.5865384615384616 0.3076923076923078 0.6947115384615384 0.3870192307692309 0.6947115384615384
4 0.4711538461538463 0.5913461538461539 0.39182692307692324 0.5913461538461539 0.39182692307692324 0.6923076923076923 0.4711538461538463 0.6923076923076923
2 0.8052884615384616 0.6802884615384616 0.6706730769230769 0.6802884615384616 0.6706730769230769 0.8317307692307693 0.8052884615384616 0.8317307692307693