5 0.4399038461538462 0.5408653846153846 0.37740384615384615 0.5408653846153846 0.3774038461538462 0.6298076923076923 0.4399038461538463 0.6298076923076923
4 0.6394230769230769 0.5456730769230771 0.5913461538461539 0.5456730769230771 0.591346153846154 0.6346153846153846 0.6394230769230769 0.6346153846153846
4 0.5072115384615385 0.5745192307692307 0.45432692307692324 0.5745192307692307 0.45432692307692324 0.6466346153846154 0.5072115384615385 0.6466346153846154
2 0.1754807692307693 0.5841346153846154 0.10096153846153853 0.5841346153846154 0.10096153846153853 0.6418269230769231 0.1754807692307693 0.6418269230769231
2 0.24038461538461545 0.5769230769230769 0.16105769230769237 0.5769230769230769 0.16105769230769237 0.6682692307692307 0.24038461538461545 0.6682692307692307
4 0.14182692307692316 0.6105769230769231 0.06490384615384623 0.6105769230769231 0.06490384615384623 0.6875 0.14182692307692316 0.6875
2 0.29326923076923084 0.625 0.20913461538461545 0.625 0.20913461538461545 0.7139423076923077 0.29326923076923084 0.7139423076923077
2 0.45432692307692324 0.6394230769230769 0.38942307692307704 0.6394230769230769 0.38942307692307704 0.7307692307692307 0.45432692307692324 0.7307692307692307
4 0.2908653846153847 0.6899038461538461 0.21394230769230776 0.6899038461538461 0.21394230769230776 0.7764423076923077 0.2908653846153847 0.7764423076923077
4 0.6682692307692307 0.6826923076923077 0.6009615384615385 0.6826923076923077 0.6009615384615385 0.7860576923076923 0.6682692307692307 0.7860576923076923
4 0.48557692307692324 0.7091346153846154 0.41105769230769246 0.7091346153846154 0.41105769230769246 0.8173076923076923 0.48557692307692324 0.8173076923076923
0 0.19711538461538472 0.6514423076923077 0.004807692307692387 0.6514423076923077 0.004807692307692402 0.8966346153846154 0.19711538461538475 0.8966346153846154