9 0.4182692307692308 0.43990384615384615 0.375 0.43990384615384615 0.375 0.5120192307692307 0.4182692307692308 0.5120192307692307
2 0.4471153846153847 0.4855769230769231 0.3942307692307692 0.4855769230769231 0.3942307692307693 0.5697115384615384 0.44711538461538475 0.5697115384615384
2 0.6682692307692307 0.560096153846154 0.6081730769230771 0.560096153846154 0.6081730769230771 0.6682692307692307 0.6682692307692307 0.6682692307692307
4 0.3076923076923078 0.59375 0.2475961538461539 0.59375 0.2475961538461539 0.6850961538461539 0.3076923076923078 0.6850961538461539
4 0.9230769230769231 0.5961538461538463 0.8557692307692307 0.5961538461538463 0.8557692307692307 0.6875 0.9230769230769231 0.6875
2 0.8966346153846154 0.6538461538461539 0.8269230769230769 0.6538461538461539 0.8269230769230769 0.7548076923076923 0.8966346153846154 0.7548076923076923
2 0.7019230769230769 0.6802884615384616 0.6225961538461539 0.6802884615384616 0.6225961538461539 0.8052884615384616 0.7019230769230769 0.8052884615384616
4 0.1298076923076924 0.7331730769230769 0.04807692307692316 0.7331730769230769 0.04807692307692317 0.84375 0.1298076923076924 0.84375
4 0.18509615384615394 0.7860576923076923 0.10096153846153856 0.7860576923076923 0.10096153846153856 0.8918269230769231 0.185096153846154 0.8918269230769231
2 0.3125000000000001 0.7764423076923077 0.2163461538461539 0.7764423076923077 0.21634615384615394 0.9038461538461539 0.3125000000000001 0.9038461538461539
2 0.5697115384615385 0.7403846153846154 0.4927884615384617 0.7403846153846154 0.4927884615384617 0.9375 0.5697115384615385 0.9375