8 0.6706730769230769 0.25721153846153855 0.5841346153846154 0.25721153846153855 0.5841346153846154 0.3461538461538463 0.6706730769230769 0.3461538461538463
2 0.4375 0.33653846153846156 0.3942307692307692 0.33653846153846156 0.3942307692307692 0.3798076923076923 0.4375 0.3798076923076923
8 0.90625 0.3149038461538463 0.8028846153846154 0.3149038461538463 0.8028846153846154 0.4375000000000001 0.90625 0.4375000000000001
2 0.7283653846153846 0.3389423076923078 0.6682692307692307 0.3389423076923078 0.6682692307692307 0.41586538461538475 0.7283653846153846 0.41586538461538475
4 0.3173076923076923 0.36538461538461536 0.2740384615384616 0.36538461538461536 0.2740384615384616 0.41586538461538464 0.3173076923076923 0.41586538461538464
2 0.6754807692307693 0.3509615384615386 0.6201923076923077 0.3509615384615386 0.6201923076923077 0.44711538461538475 0.6754807692307693 0.44711538461538475
8 0.9495192307692307 0.4014423076923078 0.8221153846153846 0.4014423076923078 0.8221153846153846 0.512019230769231 0.9495192307692307 0.512019230769231
2 0.5769230769230769 0.42307692307692313 0.5144230769230769 0.4230769230769231 0.5144230769230769 0.5072115384615385 0.5769230769230769 0.5072115384615385
4 0.5 0.4375 0.44711538461538464 0.4375 0.44711538461538464 0.5048076923076923 0.5 0.5048076923076923
5 0.8076923076923077 0.4254807692307694 0.7283653846153846 0.4254807692307694 0.7283653846153846 0.528846153846154 0.8076923076923077 0.528846153846154
2 0.44711538461538464 0.43990384615384615 0.3894230769230769 0.43990384615384615 0.3894230769230769 0.5528846153846154 0.44711538461538464 0.5528846153846154
2 0.38221153846153855 0.4735576923076923 0.3245192307692308 0.4735576923076923 0.32451923076923084 0.5841346153846154 0.3822115384615386 0.5841346153846154
2 0.9903846153846154 0.47836538461538475 0.8846153846153846 0.47836538461538475 0.8846153846153846 0.5961538461538463 0.9903846153846154 0.5961538461538463
2 0.5889423076923078 0.8293269230769231 0.4495192307692309 0.8293269230769231 0.4495192307692309 1 0.5889423076923078 1