9 0.21394230769230774 0.23798076923076922 0.18269230769230768 0.23798076923076922 0.18269230769230774 0.28125 0.21394230769230776 0.28125
4 0.18750000000000003 0.2548076923076923 0.15384615384615385 0.2548076923076923 0.15384615384615388 0.3076923076923077 0.18750000000000006 0.3076923076923077
2 0.4639423076923077 0.2524038461538462 0.4182692307692308 0.2524038461538462 0.4182692307692308 0.31971153846153844 0.4639423076923077 0.31971153846153844
4 0.37259615384615385 0.2716346153846155 0.34375 0.2716346153846155 0.34375 0.31971153846153844 0.37259615384615385 0.31971153846153844
2 0.2548076923076924 0.28125 0.22115384615384623 0.28125 0.22115384615384623 0.33653846153846156 0.2548076923076924 0.33653846153846156
2 0.4375 0.27644230769230776 0.3942307692307692 0.27644230769230776 0.3942307692307692 0.3389423076923077 0.4375 0.3389423076923077
2 0.5264423076923077 0.26682692307692313 0.47596153846153844 0.26682692307692313 0.47596153846153844 0.3605769230769231 0.5264423076923077 0.3605769230769231
2 0.3004807692307693 0.3125 0.2548076923076924 0.3125 0.2548076923076924 0.375 0.3004807692307693 0.375
2 0.26682692307692313 0.33653846153846156 0.21875000000000006 0.33653846153846156 0.21875000000000006 0.39903846153846156 0.26682692307692313 0.39903846153846156
2 0.6610576923076923 0.3629807692307694 0.5865384615384616 0.3629807692307694 0.5865384615384616 0.4447115384615386 0.6610576923076923 0.4447115384615386
8 0.3798076923076924 0.5528846153846154 0.20192307692307698 0.5528846153846154 0.20192307692307704 0.8701923076923077 0.37980769230769246 0.8701923076923077
2 0.8125 0.6995192307692307 0.6610576923076923 0.6995192307692307 0.6610576923076923 0.8822115384615384 0.8125 0.8822115384615384