4 0.5504807692307693 0.2596153846153847 0.5192307692307693 0.2596153846153847 0.5192307692307693 0.295673076923077 0.5504807692307693 0.295673076923077
2 0.5865384615384616 0.27644230769230776 0.5528846153846154 0.27644230769230776 0.5528846153846154 0.32451923076923084 0.5865384615384616 0.3245192307692309
4 0.6754807692307693 0.31730769230769246 0.6418269230769231 0.31730769230769246 0.6418269230769231 0.3701923076923078 0.6754807692307693 0.3701923076923078
5 0.4495192307692308 0.3389423076923077 0.39663461538461536 0.3389423076923077 0.39663461538461536 0.3918269230769231 0.4495192307692308 0.3918269230769231
1 0.3798076923076923 0.34615384615384615 0.35336538461538464 0.34615384615384615 0.35336538461538464 0.3942307692307692 0.3798076923076923 0.3942307692307692
4 0.6995192307692307 0.34855769230769246 0.6658653846153846 0.34855769230769246 0.6658653846153846 0.4182692307692309 0.6995192307692307 0.4182692307692309
5 0.7475961538461539 0.3557692307692309 0.7067307692307693 0.3557692307692309 0.7067307692307693 0.44230769230769246 0.7475961538461539 0.44230769230769246
5 0.5120192307692307 0.3557692307692308 0.4639423076923077 0.3557692307692308 0.4639423076923077 0.4423076923076923 0.5120192307692307 0.4423076923076923
2 0.43509615384615385 0.40625 0.36778846153846156 0.40625 0.36778846153846156 0.47596153846153844 0.43509615384615385 0.47596153846153844
4 0.6033653846153847 0.4927884615384616 0.5336538461538461 0.49278846153846156 0.5336538461538463 0.5889423076923077 0.6033653846153848 0.5889423076923078
5 0.4735576923076924 0.49759615384615385 0.3942307692307692 0.49759615384615385 0.3942307692307693 0.6225961538461539 0.47355769230769246 0.6225961538461539
8 0.12500000000000006 0.4735576923076923 5.799409120962226e-17 0.4735576923076923 6.94751549516287e-17 0.6610576923076923 0.12500000000000006 0.6610576923076923