2 0.3894230769230769 0.22355769230769237 0.3557692307692308 0.22355769230769237 0.3557692307692308 0.26682692307692313 0.3894230769230769 0.26682692307692313
2 0.22836538461538464 0.25240384615384615 0.19951923076923078 0.25240384615384615 0.1995192307692308 0.29086538461538464 0.2283653846153847 0.29086538461538464
4 0.3293269230769231 0.2548076923076924 0.2932692307692308 0.2548076923076924 0.2932692307692308 0.3004807692307693 0.3293269230769231 0.3004807692307693
4 0.375 0.2548076923076924 0.3485576923076923 0.2548076923076924 0.3485576923076923 0.3004807692307693 0.375 0.3004807692307693
2 0.45913461538461536 0.26682692307692313 0.41346153846153844 0.26682692307692313 0.41346153846153844 0.31971153846153844 0.45913461538461536 0.31971153846153844
2 0.21394230769230774 0.2620192307692308 0.17307692307692307 0.2620192307692308 0.1730769230769231 0.33413461538461536 0.21394230769230776 0.33413461538461536
2 0.4951923076923077 0.2860576923076924 0.4543269230769231 0.2860576923076924 0.4543269230769231 0.34615384615384615 0.4951923076923077 0.34615384615384615
4 0.4495192307692308 0.3173076923076923 0.40384615384615385 0.3173076923076923 0.40384615384615385 0.37259615384615385 0.4495192307692308 0.37259615384615385
2 0.3485576923076923 0.33653846153846156 0.295673076923077 0.33653846153846156 0.295673076923077 0.40625 0.3485576923076923 0.40625
2 0.5985576923076923 0.3485576923076924 0.5264423076923077 0.3485576923076923 0.5264423076923077 0.4158653846153847 0.5985576923076923 0.41586538461538475
2 0.6225961538461539 0.40144230769230776 0.5528846153846154 0.4014423076923077 0.5528846153846154 0.4903846153846155 0.6225961538461539 0.49038461538461553
4 0.34134615384615385 0.41586538461538464 0.2836538461538462 0.41586538461538464 0.2836538461538462 0.47836538461538464 0.34134615384615385 0.47836538461538464
2 0.42788461538461536 0.42788461538461536 0.36538461538461536 0.42788461538461536 0.36538461538461536 0.5072115384615384 0.42788461538461536 0.5072115384615384
2 0.8725961538461539 0.41586538461538475 0.78125 0.41586538461538475 0.78125 0.5312500000000001 0.8725961538461539 0.5312500000000001
4 0.6778846153846154 0.7668269230769231 0.5576923076923078 0.7668269230769231 0.5576923076923078 0.90625 0.6778846153846154 0.90625
2 0.5504807692307694 0.8149038461538461 0.3990384615384617 0.8149038461538461 0.3990384615384617 1 0.5504807692307694 1