9 0.6057692307692307 0.420673076923077 0.5288461538461539 0.4206730769230769 0.5288461538461539 0.5336538461538463 0.6057692307692307 0.5336538461538463
2 0.34134615384615385 0.43028846153846156 0.24519230769230776 0.43028846153846156 0.24519230769230776 0.5264423076923077 0.34134615384615385 0.5264423076923077
4 0.7139423076923077 0.49038461538461553 0.6418269230769231 0.49038461538461553 0.6418269230769231 0.591346153846154 0.7139423076923077 0.591346153846154
4 0.6009615384615385 0.5240384615384616 0.5096153846153846 0.5240384615384616 0.5096153846153847 0.6418269230769231 0.6009615384615385 0.6418269230769231
4 0.8413461538461539 0.5408653846153848 0.7644230769230769 0.5408653846153848 0.7644230769230769 0.6370192307692307 0.8413461538461539 0.6370192307692307
4 0.6658653846153846 0.5408653846153848 0.5793269230769231 0.5408653846153848 0.5793269230769231 0.6995192307692307 0.6658653846153846 0.6995192307692307
4 0.7259615384615384 0.605769230769231 0.6346153846153846 0.605769230769231 0.6346153846153846 0.7475961538461539 0.7259615384615384 0.7475961538461539
4 0.13221153846153855 0.6201923076923077 7.59516524471195e-17 0.6201923076923077 8.463604681607309e-17 0.7620192307692307 0.13221153846153857 0.7620192307692307
2 0.5769230769230771 0.6129807692307693 0.43509615384615397 0.6129807692307693 0.43509615384615397 0.8990384615384616 0.5769230769230771 0.8990384615384616
2 0.8197115384615384 0.6201923076923077 0.7163461538461539 0.6201923076923077 0.7163461538461539 0.9038461538461539 0.8197115384615384 0.9038461538461539
0 0.4182692307692309 0.6682692307692307 0.002403846153846236 0.6682692307692307 0.0024038461538462563 1 0.4182692307692309 1
4 0.6490384615384616 0.8100961538461539 0.47836538461538475 0.8100961538461539 0.47836538461538475 1 0.6490384615384616 1