9 0.7620192307692307 0.24278846153846162 0.7235576923076923 0.24278846153846162 0.7235576923076923 0.29326923076923084 0.7620192307692307 0.29326923076923084
2 0.8653846153846154 0.23076923076923087 0.8365384615384616 0.23076923076923084 0.8365384615384616 0.3076923076923078 0.8653846153846154 0.3076923076923078
4 0.7091346153846154 0.2596153846153847 0.6850961538461539 0.2596153846153847 0.6850961538461539 0.3028846153846155 0.7091346153846154 0.3028846153846155
2 0.6754807692307693 0.2548076923076924 0.6370192307692307 0.2548076923076924 0.6370192307692307 0.31009615384615397 0.6754807692307693 0.31009615384615397
4 0.8894230769230769 0.27884615384615397 0.8581730769230769 0.27884615384615397 0.8581730769230769 0.32932692307692324 0.8894230769230769 0.32932692307692324
9 0.6298076923076923 0.2836538461538462 0.5841346153846154 0.2836538461538462 0.5841346153846154 0.35336538461538475 0.6298076923076923 0.35336538461538475
9 0.7908653846153846 0.29807692307692313 0.7524038461538461 0.29807692307692313 0.7524038461538461 0.35336538461538475 0.7908653846153846 0.35336538461538475
4 0.5745192307692307 0.3028846153846155 0.5384615384615384 0.3028846153846155 0.5384615384615384 0.35096153846153855 0.5745192307692307 0.3509615384615386
9 0.5192307692307693 0.3076923076923077 0.46153846153846156 0.3076923076923077 0.46153846153846156 0.36538461538461536 0.5192307692307693 0.36538461538461536
4 0.6610576923076923 0.32692307692307704 0.625 0.32692307692307704 0.625 0.3750000000000001 0.6610576923076923 0.3750000000000001
1 0.9038461538461539 0.3509615384615386 0.8846153846153846 0.3509615384615386 0.8846153846153846 0.3942307692307694 0.9038461538461539 0.3942307692307694
5 0.71875 0.34134615384615397 0.6610576923076923 0.34134615384615397 0.6610576923076923 0.4062500000000001 0.71875 0.4062500000000001
4 0.5504807692307693 0.37259615384615385 0.49759615384615385 0.37259615384615385 0.49759615384615385 0.4423076923076923 0.5504807692307693 0.4423076923076923
4 0.8846153846153846 0.3701923076923078 0.8293269230769231 0.3701923076923078 0.8293269230769231 0.4615384615384617 0.8846153846153846 0.4615384615384617
4 0.608173076923077 0.4711538461538462 0.5360576923076923 0.47115384615384615 0.5360576923076924 0.5649038461538463 0.6081730769230771 0.5649038461538463
2 0.7283653846153846 0.5793269230769232 0.6225961538461539 0.5793269230769232 0.6225961538461539 0.7620192307692307 0.7283653846153846 0.7620192307692307
2 0.39182692307692324 0.8125 0.2163461538461539 0.8125 0.21634615384615394 1 0.39182692307692324 1
4 0.4687500000000001 0.8365384615384616 0.3317307692307694 0.8365384615384616 0.3317307692307694 1 0.4687500000000001 1