2 0.3004807692307693 0.4519230769230769 0.2548076923076924 0.4519230769230769 0.2548076923076924 0.5168269230769231 0.3004807692307693 0.5168269230769231
8 0.39182692307692313 0.46153846153846156 0.33413461538461536 0.46153846153846156 0.3341346153846155 0.5793269230769231 0.39182692307692324 0.5793269230769231
4 0.6346153846153846 0.528846153846154 0.5961538461538461 0.528846153846154 0.5961538461538463 0.5841346153846155 0.6346153846153846 0.5841346153846155
8 0.8725961538461539 0.560096153846154 0.8173076923076923 0.560096153846154 0.8173076923076923 0.6394230769230769 0.8725961538461539 0.6394230769230769
8 0.9975961538461539 0.528846153846154 0.9206730769230769 0.528846153846154 0.9206730769230769 0.7019230769230769 0.9975961538461539 0.7019230769230769
4 0.5721153846153848 0.5985576923076924 0.5216346153846155 0.5985576923076923 0.5216346153846155 0.6538461538461539 0.5721153846153848 0.6538461538461539
4 0.25721153846153855 0.59375 0.20192307692307698 0.59375 0.20192307692307698 0.6706730769230769 0.25721153846153855 0.6706730769230769
8 0.48557692307692313 0.53125 0.39903846153846156 0.53125 0.3990384615384616 0.7668269230769231 0.48557692307692324 0.7668269230769231
2 0.8605769230769231 0.6370192307692307 0.8076923076923077 0.6370192307692307 0.8076923076923077 0.7235576923076923 0.8605769230769231 0.7235576923076923
4 0.6370192307692307 0.6610576923076923 0.5841346153846155 0.6610576923076923 0.5841346153846155 0.7283653846153846 0.6370192307692307 0.7283653846153846
4 0.8149038461538461 0.6802884615384616 0.7596153846153846 0.6802884615384616 0.7596153846153846 0.7596153846153846 0.8149038461538461 0.7596153846153846
4 0.5817307692307694 0.7019230769230769 0.5192307692307694 0.7019230769230769 0.5192307692307694 0.7956730769230769 0.5817307692307694 0.7956730769230769
5 0.7283653846153846 0.7307692307692307 0.65625 0.7307692307692307 0.65625 0.8389423076923077 0.7283653846153846 0.8389423076923077
9 0.6201923076923077 0.7379807692307693 0.5576923076923078 0.7379807692307693 0.5576923076923078 0.84375 0.6201923076923077 0.84375
4 0.49759615384615397 0.8317307692307693 0.42307692307692324 0.8317307692307693 0.42307692307692324 0.9158653846153846 0.49759615384615397 0.9158653846153846