8 0.5721153846153846 0.2548076923076924 0.5096153846153846 0.2548076923076924 0.5096153846153846 0.3485576923076924 0.5721153846153846 0.34855769230769246
2 0.6201923076923077 0.2908653846153847 0.5793269230769231 0.2908653846153847 0.5793269230769231 0.3509615384615386 0.6201923076923077 0.3509615384615386
4 0.7572115384615384 0.3028846153846155 0.7163461538461539 0.3028846153846155 0.7163461538461539 0.36057692307692324 0.7572115384615384 0.36057692307692324
8 0.5216346153846154 0.2860576923076924 0.4230769230769231 0.2860576923076924 0.4230769230769231 0.3918269230769231 0.5216346153846154 0.3918269230769231
4 0.8197115384615384 0.31009615384615397 0.7692307692307693 0.31009615384615397 0.7692307692307693 0.37980769230769246 0.8197115384615384 0.37980769230769246
2 0.7067307692307693 0.3365384615384617 0.6586538461538461 0.3365384615384617 0.6586538461538461 0.44711538461538475 0.7067307692307693 0.44711538461538475
2 0.6346153846153846 0.39182692307692324 0.59375 0.39182692307692324 0.59375 0.4711538461538463 0.6346153846153846 0.4711538461538463
2 0.4567307692307692 0.40384615384615385 0.3942307692307692 0.40384615384615385 0.3942307692307692 0.5072115384615384 0.4567307692307692 0.5072115384615384
8 0.7572115384615384 0.37259615384615397 0.6682692307692307 0.37259615384615397 0.6682692307692307 0.5456730769230771 0.7572115384615384 0.5456730769230771
8 0.35336538461538464 0.41586538461538464 0.23557692307692316 0.41586538461538464 0.23557692307692316 0.5528846153846154 0.35336538461538464 0.5528846153846154
4 0.576923076923077 0.47596153846153855 0.5144230769230769 0.47596153846153844 0.514423076923077 0.5697115384615385 0.5769230769230771 0.5697115384615385
4 0.7788461538461539 0.6129807692307694 0.6971153846153846 0.6129807692307694 0.6971153846153846 0.7427884615384616 0.7788461538461539 0.7427884615384616