4 0.5096153846153846 0.4014423076923077 0.4543269230769231 0.4014423076923077 0.4543269230769231 0.47115384615384615 0.5096153846153846 0.47115384615384615
4 0.7764423076923077 0.4086538461538463 0.6875 0.4086538461538463 0.6875 0.49038461538461553 0.7764423076923077 0.49038461538461553
4 0.8076923076923077 0.46634615384615397 0.7139423076923077 0.46634615384615397 0.7139423076923077 0.5673076923076924 0.8076923076923077 0.5673076923076924
4 1 0.5000000000000001 0.9326923076923077 0.5000000000000001 0.9326923076923077 0.6274038461538461 1 0.6274038461538461
4 0.9302884615384616 0.7259615384615384 0.7644230769230769 0.7259615384615384 0.7644230769230769 0.9326923076923077 0.9302884615384616 0.9326923076923077
1 0.10817307692307702 0.8052884615384616 0.050480769230769336 0.8052884615384616 0.050480769230769336 0.875 0.10817307692307702 0.875
1 0.16586538461538472 0.8341346153846154 0.10817307692307702 0.8341346153846154 0.10817307692307702 0.9230769230769231 0.16586538461538475 0.9230769230769231
1 0.12019230769230779 0.8725961538461539 0.0625000000000001 0.8725961538461539 0.06250000000000011 0.9663461538461539 0.12019230769230779 0.9663461538461539
4 0.5360576923076923 0.29326923076923084 0.4831730769230769 0.29326923076923084 0.4831730769230769 0.35336538461538464 0.5360576923076923 0.35336538461538464
4 0.42788461538461536 0.28846153846153855 0.3870192307692308 0.28846153846153855 0.3870192307692308 0.3629807692307692 0.42788461538461536 0.3629807692307692
4 0.4735576923076923 0.29807692307692313 0.4375 0.29807692307692313 0.4375 0.3629807692307692 0.4735576923076923 0.3629807692307692
4 0.6466346153846154 0.3149038461538463 0.5889423076923077 0.3149038461538463 0.5889423076923077 0.37980769230769246 0.6466346153846154 0.37980769230769246
4 0.39903846153846156 0.3269230769230769 0.3485576923076923 0.3269230769230769 0.3485576923076923 0.3798076923076923 0.39903846153846156 0.3798076923076923
4 0.43990384615384615 0.36538461538461536 0.3798076923076923 0.36538461538461536 0.3798076923076923 0.46634615384615385 0.43990384615384615 0.46634615384615385