8 0.27644230769230776 0.53125 0.20913461538461545 0.53125 0.20913461538461545 0.6706730769230769 0.27644230769230776 0.6706730769230769
2 0.5841346153846155 0.5673076923076924 0.5360576923076924 0.5673076923076923 0.5360576923076924 0.6634615384615384 0.5841346153846155 0.6634615384615384
2 0.5240384615384617 0.5721153846153846 0.47836538461538475 0.5721153846153846 0.47836538461538475 0.6682692307692307 0.5240384615384617 0.6682692307692307
2 0.3245192307692309 0.6009615384615384 0.2740384615384616 0.6009615384615384 0.2740384615384616 0.6802884615384616 0.3245192307692309 0.6802884615384616
8 0.48557692307692324 0.59375 0.42788461538461553 0.59375 0.42788461538461553 0.7259615384615384 0.48557692307692324 0.7259615384615384
4 0.6394230769230769 0.6346153846153846 0.5841346153846155 0.6346153846153846 0.5841346153846155 0.7067307692307693 0.6394230769230769 0.7067307692307693
5 0.31009615384615397 0.6730769230769231 0.2475961538461539 0.6730769230769231 0.2475961538461539 0.7548076923076923 0.31009615384615397 0.7548076923076923
4 0.8461538461538461 0.6923076923076923 0.78125 0.6923076923076923 0.78125 0.7644230769230769 0.8461538461538461 0.7644230769230769
2 0.7307692307692307 0.6995192307692307 0.6682692307692307 0.6995192307692307 0.6682692307692307 0.8052884615384616 0.7307692307692307 0.8052884615384616
2 0.5576923076923078 0.7043269230769231 0.5024038461538463 0.7043269230769231 0.5024038461538463 0.8052884615384616 0.5576923076923078 0.8052884615384616
2 0.6586538461538461 0.7211538461538461 0.5961538461538463 0.7211538461538461 0.5961538461538463 0.8221153846153846 0.6586538461538461 0.8221153846153846
4 1 0.7259615384615384 0.9423076923076923 0.7259615384615384 0.9423076923076923 0.8269230769230769 1 0.8269230769230769
2 0.5961538461538463 0.7379807692307693 0.5264423076923078 0.7379807692307693 0.5264423076923078 0.8413461538461539 0.5961538461538463 0.8413461538461539
4 0.7980769230769231 0.7548076923076923 0.7211538461538461 0.7548076923076923 0.7211538461538461 0.8653846153846154 0.7980769230769231 0.8653846153846154