2 0.6754807692307693 0.5673076923076924 0.625 0.5673076923076924 0.625 0.6586538461538461 0.6754807692307693 0.6586538461538461
4 0.6129807692307694 0.605769230769231 0.5625000000000001 0.605769230769231 0.5625000000000001 0.6778846153846154 0.6129807692307694 0.6778846153846154
4 0.5456730769230771 0.6153846153846154 0.49038461538461553 0.6153846153846154 0.49038461538461553 0.6875 0.5456730769230771 0.6875
8 0.8365384615384616 0.574519230769231 0.7259615384615384 0.574519230769231 0.7259615384615384 0.7355769230769231 0.8365384615384616 0.7355769230769231
2 0.139423076923077 0.6322115384615384 0.08413461538461545 0.6322115384615384 0.08413461538461547 0.7019230769230769 0.13942307692307704 0.7019230769230769
2 0.3149038461538463 0.6322115384615384 0.264423076923077 0.6322115384615384 0.264423076923077 0.7067307692307693 0.3149038461538463 0.7067307692307693
4 0.47836538461538475 0.6370192307692307 0.42788461538461553 0.6370192307692307 0.42788461538461553 0.7091346153846154 0.47836538461538475 0.7091346153846154
4 0.5673076923076924 0.6514423076923077 0.5096153846153848 0.6514423076923077 0.5096153846153848 0.7331730769230769 0.5673076923076924 0.7331730769230769
2 0.71875 0.6490384615384616 0.6586538461538461 0.6490384615384616 0.6586538461538461 0.7403846153846154 0.71875 0.7403846153846154
4 0.2163461538461539 0.6778846153846154 0.16826923076923084 0.6778846153846154 0.16826923076923084 0.7427884615384616 0.2163461538461539 0.7427884615384616
2 0.32211538461538475 0.7139423076923077 0.2740384615384616 0.7139423076923077 0.2740384615384616 0.7980769230769231 0.32211538461538475 0.7980769230769231
4 0.22596153846153852 0.7259615384615384 0.1658653846153847 0.7259615384615384 0.1658653846153847 0.8125 0.22596153846153852 0.8125
4 0.11538461538461549 0.7331730769230769 0.05769230769230778 0.7331730769230769 0.057692307692307786 0.8173076923076923 0.11538461538461549 0.8173076923076923
2 0.3629807692307694 0.7403846153846154 0.29326923076923084 0.7403846153846154 0.2932692307692309 0.9086538461538461 0.3629807692307694 0.9086538461538461
5 0.17307692307692318 0.8341346153846154 0.08894230769230779 0.8341346153846154 0.08894230769230779 0.9615384615384616 0.1730769230769232 0.9615384615384616