2 0.5408653846153848 0.6346153846153846 0.48317307692307704 0.6346153846153846 0.48317307692307704 0.7620192307692307 0.5408653846153848 0.7620192307692307
2 0.4495192307692309 0.6778846153846154 0.38942307692307704 0.6778846153846154 0.38942307692307704 0.7932692307692307 0.4495192307692309 0.7932692307692307
4 0.5697115384615385 0.7451923076923077 0.5144230769230771 0.7451923076923077 0.5144230769230771 0.84375 0.5697115384615385 0.84375
4 0.6899038461538461 0.7788461538461539 0.6274038461538461 0.7788461538461539 0.6274038461538461 0.8605769230769231 0.6899038461538461 0.8605769230769231
8 0.32211538461538475 0.6947115384615384 0.21153846153846162 0.6947115384615384 0.21153846153846165 0.9519230769230769 0.32211538461538475 0.9519230769230769
2 0.6298076923076923 0.75 0.5625000000000001 0.75 0.5625000000000001 0.9014423076923077 0.6298076923076923 0.9014423076923077
2 0.47355769230769246 0.7884615384615384 0.41105769230769246 0.7884615384615384 0.41105769230769246 0.8990384615384616 0.47355769230769246 0.8990384615384616
2 0.7355769230769231 0.7836538461538461 0.6682692307692307 0.7836538461538461 0.6682692307692307 0.9182692307692307 0.7355769230769231 0.9182692307692307
2 0.4447115384615386 0.8293269230769231 0.3701923076923078 0.8293269230769231 0.3701923076923078 0.9326923076923077 0.4447115384615386 0.9326923076923077
2 0.6826923076923077 0.8653846153846154 0.6081730769230771 0.8653846153846154 0.6081730769230771 1 0.6826923076923077 1
4 0.8173076923076923 0.8846153846153846 0.7331730769230769 0.8846153846153846 0.7331730769230769 1 0.8173076923076923 1