2 0.2716346153846155 0.4543269230769231 0.22596153846153852 0.4543269230769231 0.22596153846153852 0.5264423076923077 0.2716346153846155 0.5264423076923077
8 0.11538461538461545 0.43990384615384615 0.03605769230769236 0.43990384615384615 0.03605769230769237 0.5576923076923077 0.11538461538461545 0.5576923076923077
4 0.4639423076923077 0.47596153846153844 0.41346153846153844 0.47596153846153844 0.41346153846153844 0.5528846153846154 0.4639423076923077 0.5528846153846154
2 0.7067307692307693 0.4687500000000001 0.6682692307692307 0.4687500000000001 0.6682692307692307 0.560096153846154 0.7067307692307693 0.560096153846154
5 0.18750000000000006 0.49759615384615385 0.12259615384615391 0.49759615384615385 0.12259615384615391 0.5745192307692307 0.18750000000000006 0.5745192307692307
4 0.9423076923076923 0.512019230769231 0.8846153846153846 0.512019230769231 0.8846153846153846 0.5937500000000001 0.9423076923076923 0.5937500000000001
5 0.7524038461538461 0.5192307692307694 0.7019230769230769 0.5192307692307694 0.7019230769230769 0.5985576923076924 0.7524038461538461 0.5985576923076924
4 0.37500000000000006 0.5480769230769231 0.3245192307692308 0.5480769230769231 0.32451923076923084 0.625 0.3750000000000001 0.625
4 0.43750000000000006 0.5528846153846154 0.38461538461538464 0.5528846153846154 0.3846153846153847 0.6225961538461539 0.4375000000000001 0.6225961538461539
2 0.4951923076923078 0.5697115384615384 0.4326923076923078 0.5697115384615384 0.4326923076923078 0.6490384615384616 0.4951923076923078 0.6490384615384616
2 0.6706730769230769 0.5552884615384617 0.6153846153846154 0.5552884615384617 0.6153846153846154 0.6682692307692307 0.6706730769230769 0.6682692307692307
2 0.9086538461538461 0.6514423076923077 0.8293269230769231 0.6514423076923077 0.8293269230769231 0.7692307692307693 0.9086538461538461 0.7692307692307693
2 0.19951923076923084 0.6850961538461539 0.11538461538461545 0.6850961538461539 0.11538461538461547 0.8004807692307693 0.19951923076923084 0.8004807692307693
2 0.605769230769231 0.7740384615384616 0.4927884615384617 0.7740384615384616 0.4927884615384617 1 0.605769230769231 1
5 0.8221153846153846 0.8293269230769231 0.7307692307692307 0.8293269230769231 0.7307692307692307 0.9711538461538461 0.8221153846153846 0.9711538461538461