2 0.22115384615384623 0.5961538461538461 0.15144230769230776 0.5961538461538461 0.15144230769230776 0.7307692307692307 0.22115384615384623 0.7307692307692307
2 0.3052884615384616 0.6322115384615384 0.23557692307692316 0.6322115384615384 0.23557692307692316 0.7956730769230769 0.3052884615384616 0.7956730769230769
2 0.6322115384615384 0.6658653846153846 0.5504807692307694 0.6658653846153846 0.5504807692307694 0.8052884615384616 0.6322115384615384 0.8052884615384616
4 0.16105769230769237 0.6899038461538461 0.09855769230769237 0.6899038461538461 0.09855769230769239 0.7788461538461539 0.16105769230769237 0.7788461538461539
4 0.7548076923076923 0.7355769230769231 0.6754807692307693 0.7355769230769231 0.6754807692307693 0.8461538461538461 0.7548076923076923 0.8461538461538461
4 0.8653846153846154 0.7451923076923077 0.7932692307692307 0.7451923076923077 0.7932692307692307 0.8581730769230769 0.8653846153846154 0.8581730769230769
2 0.09615384615384626 0.7475961538461539 0.012019230769230858 0.7475961538461539 0.012019230769230867 0.8725961538461539 0.09615384615384626 0.8725961538461539
9 0.6923076923076923 0.7451923076923077 0.5961538461538463 0.7451923076923077 0.5961538461538463 0.9038461538461539 0.6923076923076923 0.9038461538461539
4 0.9711538461538461 0.7860576923076923 0.8966346153846154 0.7860576923076923 0.8966346153846154 0.8870192307692307 0.9711538461538461 0.8870192307692307
5 0.5552884615384617 0.7956730769230769 0.4639423076923078 0.7956730769230769 0.4639423076923078 0.9302884615384616 0.5552884615384617 0.9302884615384616
4 0.2716346153846155 0.8100961538461539 0.18750000000000006 0.8100961538461539 0.1875000000000001 0.9302884615384616 0.27163461538461553 0.9302884615384616
4 0.6418269230769231 0.8605769230769231 0.5576923076923078 0.8605769230769231 0.5576923076923078 0.9855769230769231 0.6418269230769231 0.9855769230769231
4 0.18028846153846168 0.9110576923076923 0.07932692307692318 0.9110576923076923 0.0793269230769232 1 0.18028846153846168 1