8 0.29807692307692313 0.40865384615384615 0.21875000000000006 0.40865384615384615 0.21875000000000006 0.5240384615384616 0.29807692307692313 0.5240384615384616
4 0.59375 0.4711538461538462 0.5504807692307693 0.47115384615384615 0.5504807692307693 0.5336538461538463 0.59375 0.5336538461538463
2 0.3389423076923077 0.47836538461538464 0.3004807692307693 0.47836538461538464 0.3004807692307693 0.5576923076923077 0.3389423076923077 0.5576923076923077
8 0.6466346153846154 0.4879807692307694 0.5913461538461539 0.4879807692307694 0.591346153846154 0.6081730769230771 0.6466346153846154 0.6081730769230771
8 0.7211538461538461 0.47836538461538475 0.6610576923076923 0.47836538461538475 0.6610576923076923 0.6201923076923077 0.7211538461538461 0.6201923076923077
9 0.29326923076923084 0.5096153846153846 0.24519230769230776 0.5096153846153846 0.24519230769230776 0.5961538461538461 0.29326923076923084 0.5961538461538461
2 0.1442307692307693 0.5144230769230769 0.10096153846153853 0.5144230769230769 0.10096153846153853 0.5961538461538461 0.1442307692307693 0.5961538461538461
4 0.2067307692307693 0.5480769230769231 0.1538461538461539 0.5480769230769231 0.1538461538461539 0.6153846153846154 0.2067307692307693 0.6153846153846154
2 0.2475961538461539 0.5625 0.19951923076923084 0.5625 0.19951923076923084 0.6418269230769231 0.2475961538461539 0.6418269230769231
2 0.16826923076923084 0.5625 0.12259615384615391 0.5625 0.12259615384615391 0.65625 0.16826923076923084 0.65625
4 0.4687500000000001 0.5793269230769231 0.42307692307692324 0.5793269230769231 0.42307692307692324 0.6490384615384616 0.4687500000000001 0.6490384615384616
2 0.14182692307692316 0.5889423076923077 0.0865384615384616 0.5889423076923077 0.0865384615384616 0.6850961538461539 0.14182692307692316 0.6850961538461539
2 0.5456730769230771 0.6129807692307693 0.4879807692307694 0.6129807692307693 0.4879807692307694 0.6923076923076923 0.5456730769230771 0.6923076923076923
8 0.7115384615384616 0.6009615384615385 0.5985576923076924 0.6009615384615385 0.5985576923076924 0.7908653846153846 0.7115384615384616 0.7908653846153846
4 0.10817307692307701 0.6658653846153846 0.04567307692307701 0.6658653846153846 0.04567307692307701 0.7451923076923077 0.10817307692307702 0.7451923076923077
2 0.5985576923076924 0.6850961538461539 0.5336538461538463 0.6850961538461539 0.5336538461538463 0.78125 0.5985576923076924 0.78125
4 0.26923076923076933 0.7620192307692307 0.19951923076923084 0.7620192307692307 0.19951923076923087 0.8461538461538461 0.2692307692307694 0.8461538461538461
4 0.24278846153846165 0.8293269230769231 0.16346153846153852 0.8293269230769231 0.16346153846153857 0.9375 0.24278846153846168 0.9375