4 0.3918269230769231 0.2163461538461539 0.35336538461538464 0.2163461538461539 0.35336538461538464 0.2716346153846155 0.3918269230769231 0.2716346153846155
2 0.21153846153846156 0.23557692307692307 0.18028846153846154 0.23557692307692307 0.18028846153846156 0.28365384615384615 0.21153846153846162 0.28365384615384615
4 0.31490384615384615 0.23317307692307696 0.27884615384615385 0.23317307692307693 0.27884615384615385 0.2932692307692308 0.31490384615384615 0.29326923076923084
8 0.12980769230769235 0.2283653846153846 0.07451923076923081 0.2283653846153846 0.07451923076923081 0.33413461538461536 0.12980769230769235 0.33413461538461536
2 0.25480769230769235 0.24278846153846154 0.21875 0.24278846153846154 0.21875000000000003 0.32211538461538464 0.2548076923076924 0.32211538461538464
4 0.3918269230769231 0.2716346153846155 0.3485576923076923 0.2716346153846155 0.3485576923076923 0.3317307692307692 0.3918269230769231 0.3317307692307692
2 0.21875000000000003 0.27884615384615385 0.19230769230769232 0.27884615384615385 0.19230769230769235 0.33653846153846156 0.21875000000000006 0.33653846153846156
4 0.4495192307692308 0.2836538461538462 0.40625 0.2836538461538462 0.40625 0.33653846153846156 0.4495192307692308 0.33653846153846156
4 0.5240384615384616 0.31490384615384615 0.47836538461538464 0.31490384615384615 0.47836538461538464 0.3701923076923077 0.5240384615384616 0.3701923076923077
8 0.21153846153846162 0.30288461538461536 0.15625000000000006 0.30288461538461536 0.15625000000000006 0.39663461538461536 0.21153846153846162 0.39663461538461536
4 0.46153846153846156 0.31971153846153844 0.4110576923076923 0.31971153846153844 0.4110576923076923 0.3798076923076923 0.46153846153846156 0.3798076923076923
8 0.8557692307692307 0.29567307692307704 0.7163461538461539 0.295673076923077 0.7163461538461539 0.4639423076923078 0.8557692307692307 0.4639423076923078
2 0.3269230769230769 0.34375 0.2716346153846155 0.34375 0.2716346153846155 0.4182692307692308 0.3269230769230769 0.4182692307692308
5 0.7283653846153846 0.36538461538461553 0.6634615384615384 0.36538461538461553 0.6634615384615384 0.45913461538461553 0.7283653846153846 0.45913461538461553
4 0.5865384615384616 0.389423076923077 0.5168269230769231 0.3894230769230769 0.5168269230769231 0.4663461538461539 0.5865384615384616 0.46634615384615397
5 0.6850961538461539 0.38461538461538475 0.6177884615384616 0.38461538461538475 0.6177884615384616 0.48317307692307704 0.6850961538461539 0.48317307692307704
4 0.8365384615384616 0.42067307692307704 0.7524038461538461 0.42067307692307704 0.7524038461538461 0.5216346153846155 0.8365384615384616 0.5216346153846155
2 0.5817307692307693 0.5192307692307693 0.4831730769230769 0.5192307692307693 0.483173076923077 0.6177884615384616 0.5817307692307694 0.6177884615384616
2 0.5865384615384617 0.5985576923076924 0.47355769230769246 0.5985576923076923 0.47355769230769246 0.8100961538461539 0.5865384615384617 0.8100961538461539