2 0.2379807692307693 0.49278846153846156 0.1971153846153847 0.49278846153846156 0.1971153846153847 0.5721153846153846 0.2379807692307693 0.5721153846153846
2 0.2860576923076924 0.5120192307692307 0.24278846153846162 0.5120192307692307 0.24278846153846162 0.5889423076923077 0.2860576923076924 0.5889423076923077
8 0.15865384615384623 0.4951923076923077 0.0865384615384616 0.4951923076923077 0.0865384615384616 0.6081730769230769 0.15865384615384623 0.6081730769230769
2 0.6009615384615385 0.5096153846153847 0.5456730769230769 0.5096153846153846 0.545673076923077 0.6225961538461539 0.6009615384615385 0.6225961538461539
4 0.5216346153846154 0.5576923076923077 0.47836538461538464 0.5576923076923077 0.4783653846153847 0.625 0.5216346153846155 0.625
2 0.31730769230769246 0.5649038461538461 0.26682692307692313 0.5649038461538461 0.26682692307692313 0.6466346153846154 0.31730769230769246 0.6466346153846154
2 0.24278846153846162 0.5721153846153846 0.19471153846153852 0.5721153846153846 0.19471153846153852 0.6418269230769231 0.24278846153846162 0.6418269230769231
2 0.4711538461538463 0.5600961538461539 0.42067307692307704 0.5600961538461539 0.42067307692307704 0.6682692307692307 0.4711538461538463 0.6682692307692307
4 0.5504807692307694 0.6322115384615384 0.49759615384615397 0.6322115384615384 0.49759615384615397 0.7091346153846154 0.5504807692307694 0.7091346153846154
2 0.6177884615384616 0.6298076923076923 0.5552884615384617 0.6298076923076923 0.5552884615384617 0.7764423076923077 0.6177884615384616 0.7764423076923077
2 0.8004807692307693 0.6442307692307693 0.7379807692307693 0.6442307692307693 0.7379807692307693 0.7836538461538461 0.8004807692307693 0.7836538461538461
4 0.5096153846153848 0.6778846153846154 0.4567307692307694 0.6778846153846154 0.4567307692307694 0.7572115384615384 0.5096153846153848 0.7572115384615384
2 0.3197115384615386 0.6754807692307693 0.26201923076923084 0.6754807692307693 0.26201923076923084 0.8004807692307693 0.3197115384615386 0.8004807692307693
8 0.07451923076923087 0.65625 8.036744619404505e-17 0.65625 9.111254431156389e-17 0.8317307692307693 0.07451923076923087 0.8317307692307693