4 0.44471153846153844 0.295673076923077 0.39663461538461536 0.295673076923077 0.39663461538461536 0.35336538461538464 0.44471153846153844 0.35336538461538464
4 0.3245192307692308 0.3125 0.28125000000000006 0.3125 0.28125000000000006 0.36778846153846156 0.3245192307692308 0.36778846153846156
9 0.8221153846153846 0.2860576923076924 0.7596153846153846 0.2860576923076924 0.7596153846153846 0.39663461538461553 0.8221153846153846 0.39663461538461553
8 0.9975961538461539 0.22115384615384628 0.8509615384615384 0.22115384615384628 0.8509615384615384 0.4759615384615386 0.9975961538461539 0.4759615384615386
4 0.7451923076923077 0.31730769230769246 0.6947115384615384 0.31730769230769246 0.6947115384615384 0.3870192307692309 0.7451923076923077 0.3870192307692309
4 0.5048076923076923 0.33413461538461536 0.45913461538461536 0.33413461538461536 0.45913461538461536 0.38461538461538464 0.5048076923076923 0.38461538461538464
5 0.6754807692307693 0.31730769230769246 0.6201923076923077 0.31730769230769246 0.6201923076923077 0.4062500000000001 0.6754807692307693 0.4062500000000001
5 0.8028846153846154 0.38942307692307704 0.7451923076923077 0.38942307692307704 0.7451923076923077 0.49038461538461553 0.8028846153846154 0.49038461538461553
4 0.8966346153846154 0.5096153846153848 0.8173076923076923 0.5096153846153848 0.8173076923076923 0.6274038461538461 0.8966346153846154 0.6274038461538461
4 0.9663461538461539 0.5769230769230771 0.8798076923076923 0.5769230769230771 0.8798076923076923 0.7283653846153846 0.9663461538461539 0.7283653846153846
4 0.8990384615384616 0.7740384615384616 0.7764423076923077 0.7740384615384616 0.7764423076923077 0.9423076923076923 0.8990384615384616 0.9423076923076923