8 0.5096153846153846 0.23557692307692316 0.4543269230769231 0.23557692307692316 0.4543269230769231 0.3317307692307692 0.5096153846153846 0.3317307692307692
8 0.4206730769230769 0.24519230769230776 0.36538461538461536 0.24519230769230776 0.36538461538461536 0.3245192307692308 0.4206730769230769 0.3245192307692308
8 0.3701923076923077 0.26201923076923084 0.28365384615384615 0.26201923076923084 0.2836538461538462 0.3557692307692308 0.3701923076923077 0.3557692307692308
8 0.4519230769230769 0.2692307692307693 0.39903846153846156 0.2692307692307693 0.39903846153846156 0.3605769230769231 0.4519230769230769 0.3605769230769231
4 0.7307692307692307 0.32211538461538475 0.6995192307692307 0.32211538461538475 0.6995192307692307 0.3677884615384617 0.7307692307692307 0.3677884615384617
2 0.7668269230769231 0.3365384615384617 0.7307692307692307 0.3365384615384617 0.7307692307692307 0.41586538461538475 0.7668269230769231 0.41586538461538475
8 0.35096153846153844 0.3293269230769231 0.23317307692307698 0.3293269230769231 0.23317307692307698 0.44471153846153844 0.35096153846153844 0.44471153846153844
4 0.6225961538461539 0.38942307692307704 0.5817307692307693 0.38942307692307704 0.5817307692307693 0.4399038461538463 0.6225961538461539 0.4399038461538463
8 0.1971153846153847 0.3557692307692308 0.09134615384615388 0.3557692307692308 0.0913461538461539 0.5 0.1971153846153847 0.5
4 0.26682692307692313 0.4495192307692308 0.2163461538461539 0.4495192307692308 0.2163461538461539 0.5072115384615384 0.26682692307692313 0.5072115384615384
4 0.6394230769230769 0.4495192307692309 0.5889423076923077 0.4495192307692309 0.5889423076923077 0.512019230769231 0.6394230769230769 0.512019230769231
2 0.7043269230769231 0.44711538461538475 0.65625 0.44711538461538475 0.65625 0.5264423076923078 0.7043269230769231 0.5264423076923078
4 0.5096153846153847 0.5096153846153846 0.43990384615384615 0.5096153846153846 0.4399038461538462 0.5961538461538461 0.5096153846153848 0.5961538461538461
4 0.6610576923076923 0.528846153846154 0.6129807692307693 0.528846153846154 0.6129807692307693 0.5985576923076924 0.6610576923076923 0.5985576923076924
8 0.7427884615384616 0.5192307692307694 0.65625 0.5192307692307694 0.65625 0.7259615384615384 0.7427884615384616 0.7259615384615384
4 0.5000000000000001 0.6057692307692307 0.4182692307692309 0.6057692307692307 0.4182692307692309 0.7403846153846154 0.5000000000000001 0.7403846153846154
8 0.7019230769230769 0.6466346153846154 0.5793269230769232 0.6466346153846154 0.5793269230769232 0.9471153846153846 0.7019230769230769 0.9471153846153846
4 0.22836538461538472 0.7788461538461539 0.11298076923076933 0.7788461538461539 0.11298076923076933 0.9471153846153846 0.22836538461538475 0.9471153846153846
4 0.4086538461538463 0.7836538461538461 0.295673076923077 0.7836538461538461 0.29567307692307704 0.9423076923076923 0.4086538461538463 0.9423076923076923