2 0.31009615384615397 0.6057692307692307 0.2692307692307693 0.6057692307692307 0.2692307692307693 0.6682692307692307 0.31009615384615397 0.6682692307692307
2 0.45432692307692324 0.6322115384615384 0.4062500000000001 0.6322115384615384 0.4062500000000001 0.71875 0.45432692307692324 0.71875
2 0.39182692307692324 0.6442307692307693 0.3437500000000001 0.6442307692307693 0.3437500000000001 0.7211538461538461 0.39182692307692324 0.7211538461538461
2 0.5216346153846155 0.6466346153846154 0.4639423076923078 0.6466346153846154 0.4639423076923078 0.7379807692307693 0.5216346153846155 0.7379807692307693
2 0.3389423076923078 0.6490384615384616 0.28846153846153855 0.6490384615384616 0.28846153846153855 0.7572115384615384 0.3389423076923078 0.7572115384615384
4 0.5024038461538463 0.7067307692307693 0.4447115384615386 0.7067307692307693 0.4447115384615386 0.8100961538461539 0.5024038461538463 0.8100961538461539
8 0.6754807692307693 0.6610576923076923 0.543269230769231 0.6610576923076923 0.543269230769231 0.9182692307692307 0.6754807692307693 0.9182692307692307
2 0.45192307692307704 0.7379807692307693 0.3822115384615386 0.7379807692307693 0.3822115384615386 0.8629807692307693 0.45192307692307704 0.8629807692307693
2 0.5865384615384617 0.7548076923076923 0.5000000000000001 0.7548076923076923 0.5000000000000001 0.9423076923076923 0.5865384615384617 0.9423076923076923
2 0.5072115384615385 0.8076923076923077 0.42067307692307704 0.8076923076923077 0.42067307692307704 0.9879807692307693 0.5072115384615385 0.9879807692307693
2 0.8461538461538461 0.84375 0.7115384615384616 0.84375 0.7115384615384616 1 0.8461538461538461 1