2 0.3798076923076923 0.36538461538461536 0.3269230769230769 0.36538461538461536 0.3269230769230769 0.45913461538461536 0.3798076923076923 0.45913461538461536
2 0.5024038461538461 0.37740384615384615 0.4543269230769231 0.37740384615384615 0.4543269230769231 0.45913461538461536 0.5024038461538461 0.45913461538461536
4 0.7451923076923077 0.39182692307692324 0.7115384615384616 0.39182692307692324 0.7115384615384616 0.45192307692307704 0.7451923076923077 0.45192307692307704
9 0.35336538461538464 0.4423076923076923 0.28846153846153855 0.4423076923076923 0.28846153846153855 0.5264423076923077 0.35336538461538464 0.5264423076923077
2 0.27644230769230776 0.43509615384615385 0.21394230769230776 0.43509615384615385 0.21394230769230776 0.5384615384615384 0.27644230769230776 0.5384615384615384
4 0.6586538461538461 0.4567307692307694 0.6057692307692307 0.4567307692307694 0.6057692307692307 0.528846153846154 0.6586538461538461 0.528846153846154
8 0.13942307692307698 0.37259615384615385 0.004807692307692352 0.37259615384615385 0.004807692307692369 0.6322115384615384 0.13942307692307698 0.6322115384615384
5 0.16346153846153852 0.5120192307692307 0.0817307692307693 0.5120192307692307 0.0817307692307693 0.5985576923076923 0.16346153846153852 0.5985576923076923
4 0.21153846153846162 0.5552884615384616 0.13942307692307698 0.5552884615384616 0.13942307692307698 0.6538461538461539 0.21153846153846162 0.6538461538461539
4 0.5480769230769232 0.6274038461538461 0.4711538461538463 0.6274038461538461 0.4711538461538463 0.7163461538461539 0.5480769230769232 0.7163461538461539
2 0.29567307692307704 0.7548076923076923 0.18028846153846162 0.7548076923076923 0.18028846153846165 0.8870192307692307 0.29567307692307704 0.8870192307692307
2 0.5240384615384617 0.7908653846153846 0.4254807692307694 0.7908653846153846 0.4254807692307694 0.9447115384615384 0.5240384615384617 0.9447115384615384