2 0.3798076923076924 0.5072115384615384 0.2908653846153847 0.5072115384615384 0.2908653846153847 0.6177884615384616 0.37980769230769246 0.6177884615384616
2 0.295673076923077 0.5408653846153846 0.2163461538461539 0.5408653846153846 0.2163461538461539 0.6370192307692307 0.295673076923077 0.6370192307692307
4 0.4927884615384616 0.5528846153846154 0.41346153846153844 0.5528846153846154 0.41346153846153855 0.6442307692307693 0.4927884615384617 0.6442307692307693
4 0.5649038461538463 0.5745192307692308 0.5048076923076924 0.5745192307692307 0.5048076923076924 0.6754807692307693 0.5649038461538463 0.6754807692307693
2 0.41586538461538475 0.6009615384615384 0.31009615384615397 0.6009615384615384 0.31009615384615397 0.7596153846153846 0.41586538461538475 0.7596153846153846
4 0.2475961538461539 0.6538461538461539 0.14903846153846162 0.6538461538461539 0.14903846153846162 0.7668269230769231 0.2475961538461539 0.7668269230769231
9 0.13221153846153855 0.6586538461538461 0.002403846153846235 0.6586538461538461 0.0024038461538462433 0.8028846153846154 0.13221153846153857 0.8028846153846154
4 0.7403846153846154 0.6658653846153846 0.6538461538461539 0.6658653846153846 0.6538461538461539 0.8052884615384616 0.7403846153846154 0.8052884615384616
4 0.5096153846153848 0.6682692307692307 0.41586538461538475 0.6682692307692307 0.41586538461538475 0.8293269230769231 0.5096153846153848 0.8293269230769231
4 0.6129807692307694 0.71875 0.5216346153846155 0.71875 0.5216346153846155 0.8629807692307693 0.6129807692307694 0.8629807692307693
2 0.2187500000000001 0.7668269230769231 0.08173076923076933 0.7668269230769231 0.08173076923076933 0.90625 0.21875000000000014 0.90625
4 0.247596153846154 0.8557692307692307 0.10817307692307702 0.8557692307692307 0.10817307692307704 1 0.247596153846154 1