8 0.20913461538461545 0.4182692307692308 0.14663461538461542 0.4182692307692308 0.14663461538461545 0.5528846153846154 0.20913461538461545 0.5528846153846154
8 0.37259615384615385 0.43028846153846156 0.31971153846153844 0.43028846153846156 0.31971153846153844 0.5528846153846154 0.37259615384615385 0.5528846153846154
8 0.29807692307692313 0.46634615384615385 0.2524038461538462 0.46634615384615385 0.2524038461538462 0.5576923076923077 0.29807692307692313 0.5576923076923077
2 0.47115384615384615 0.4855769230769231 0.4375 0.4855769230769231 0.4375 0.5384615384615384 0.47115384615384615 0.5384615384615384
4 0.25721153846153855 0.4831730769230769 0.2163461538461539 0.4831730769230769 0.2163461538461539 0.5456730769230769 0.25721153846153855 0.5456730769230769
2 0.31971153846153855 0.5120192307692307 0.2788461538461539 0.5120192307692307 0.2788461538461539 0.5769230769230769 0.3197115384615386 0.5769230769230769
2 0.5024038461538463 0.5216346153846154 0.46634615384615385 0.5216346153846154 0.4663461538461539 0.5745192307692307 0.5024038461538463 0.5745192307692307
2 0.5264423076923077 0.5432692307692307 0.47836538461538464 0.5432692307692307 0.4783653846153847 0.6009615384615384 0.5264423076923078 0.6009615384615384
8 0.4254807692307693 0.5240384615384616 0.3581730769230769 0.5240384615384616 0.358173076923077 0.6490384615384616 0.4254807692307694 0.6490384615384616
4 0.6730769230769231 0.7115384615384616 0.6129807692307694 0.7115384615384616 0.6129807692307694 0.7908653846153846 0.6730769230769231 0.7908653846153846
4 0.2836538461538462 0.7019230769230769 0.21875000000000006 0.7019230769230769 0.21875000000000006 0.8028846153846154 0.2836538461538462 0.8028846153846154
4 0.5961538461538463 0.7067307692307693 0.5456730769230771 0.7067307692307693 0.5456730769230771 0.8076923076923077 0.5961538461538463 0.8076923076923077
8 0.5528846153846155 0.6153846153846154 0.44711538461538475 0.6153846153846154 0.44711538461538475 0.9134615384615384 0.5528846153846155 0.9134615384615384
4 0.7788461538461539 0.8052884615384616 0.7019230769230769 0.8052884615384616 0.7019230769230769 0.8966346153846154 0.7788461538461539 0.8966346153846154
4 0.7067307692307693 0.8677884615384616 0.625 0.8677884615384616 0.625 0.9423076923076923 0.7067307692307693 0.9423076923076923