2 0.4543269230769231 0.3798076923076923 0.375 0.3798076923076923 0.375 0.46153846153846156 0.4543269230769231 0.46153846153846156
4 0.5384615384615384 0.3918269230769231 0.4807692307692308 0.3918269230769231 0.4807692307692308 0.45913461538461536 0.5384615384615384 0.45913461538461536
4 0.6177884615384616 0.4086538461538462 0.5480769230769231 0.40865384615384615 0.5480769230769231 0.5024038461538463 0.6177884615384616 0.5024038461538463
2 0.6826923076923077 0.42788461538461553 0.6129807692307693 0.42788461538461553 0.6129807692307693 0.5384615384615385 0.6826923076923077 0.5384615384615385
8 0.8245192307692307 0.41105769230769246 0.7115384615384616 0.41105769230769246 0.7115384615384616 0.6129807692307694 0.8245192307692307 0.6129807692307694
2 0.7235576923076923 0.4375000000000001 0.6346153846153846 0.4375000000000001 0.6346153846153846 0.6298076923076923 0.7235576923076923 0.6298076923076923
4 0.25721153846153855 0.5625 0.1346153846153847 0.5625 0.1346153846153847 0.6706730769230769 0.25721153846153855 0.6706730769230769
8 0.49759615384615397 0.5600961538461539 0.36538461538461553 0.5600961538461539 0.36538461538461553 0.8173076923076923 0.49759615384615397 0.8173076923076923
4 0.3197115384615386 0.6899038461538461 0.16346153846153852 0.6899038461538461 0.16346153846153857 0.8822115384615384 0.3197115384615386 0.8822115384615384
2 0.560096153846154 0.7355769230769231 0.40384615384615397 0.7355769230769231 0.40384615384615397 0.9375 0.560096153846154 0.9375
4 0.6442307692307693 0.84375 0.4759615384615386 0.84375 0.4759615384615386 1 0.6442307692307693 1