2 0.37259615384615385 0.26682692307692313 0.3269230769230769 0.26682692307692313 0.3269230769230769 0.36778846153846156 0.37259615384615385 0.36778846153846156
2 0.43028846153846156 0.3028846153846155 0.3918269230769231 0.3028846153846155 0.3918269230769231 0.38461538461538464 0.43028846153846156 0.38461538461538464
5 0.5048076923076923 0.3245192307692308 0.4543269230769231 0.3245192307692308 0.4543269230769231 0.3942307692307692 0.5048076923076923 0.3942307692307692
8 0.9158653846153846 0.26442307692307704 0.7836538461538461 0.264423076923077 0.7836538461538461 0.4927884615384617 0.9158653846153846 0.4927884615384617
2 0.9663461538461539 0.31009615384615397 0.90625 0.31009615384615397 0.90625 0.45913461538461553 0.9663461538461539 0.45913461538461553
4 0.2908653846153847 0.35336538461538464 0.23076923076923084 0.35336538461538464 0.23076923076923084 0.43028846153846156 0.2908653846153847 0.43028846153846156
4 0.7668269230769231 0.38461538461538475 0.7115384615384616 0.38461538461538475 0.7115384615384616 0.48317307692307704 0.7668269230769231 0.48317307692307704
2 0.326923076923077 0.4519230769230769 0.24038461538461545 0.4519230769230769 0.24038461538461545 0.5697115384615384 0.32692307692307704 0.5697115384615384
4 0.7548076923076923 0.512019230769231 0.6730769230769231 0.512019230769231 0.6730769230769231 0.6442307692307693 0.7548076923076923 0.6442307692307693
4 0.3966346153846155 0.5288461538461539 0.32211538461538464 0.5288461538461539 0.3221153846153847 0.6490384615384616 0.39663461538461553 0.6490384615384616
4 0.9326923076923077 0.5721153846153848 0.8125 0.5721153846153848 0.8125 0.71875 0.9326923076923077 0.71875
2 0.8221153846153846 0.543269230769231 0.7043269230769231 0.543269230769231 0.7043269230769231 0.8413461538461539 0.8221153846153846 0.8413461538461539