2 0.2716346153846155 0.39903846153846156 0.2379807692307693 0.39903846153846156 0.2379807692307693 0.47115384615384615 0.2716346153846155 0.47115384615384615
2 0.22115384615384623 0.4230769230769231 0.18750000000000006 0.4230769230769231 0.18750000000000006 0.4735576923076923 0.22115384615384623 0.4735576923076923
8 0.10817307692307697 0.3942307692307692 0.028846153846153896 0.3942307692307692 0.028846153846153903 0.5192307692307693 0.108173076923077 0.5192307692307693
8 0.6899038461538461 0.4014423076923078 0.6346153846153846 0.4014423076923078 0.6346153846153846 0.5360576923076924 0.6899038461538461 0.5360576923076924
2 0.12980769230769237 0.44711538461538464 0.08894230769230776 0.44711538461538464 0.08894230769230776 0.5360576923076923 0.12980769230769237 0.5360576923076923
2 0.53125 0.47596153846153844 0.4951923076923077 0.47596153846153844 0.4951923076923077 0.53125 0.53125 0.53125
9 0.1850961538461539 0.4831730769230769 0.1346153846153847 0.4831730769230769 0.1346153846153847 0.5673076923076923 0.1850961538461539 0.5673076923076923
2 0.07211538461538468 0.5264423076923077 0.016826923076923142 0.5264423076923077 0.016826923076923146 0.6057692307692307 0.07211538461538468 0.6057692307692307
8 0.6754807692307693 0.5216346153846155 0.625 0.5216346153846155 0.625 0.6298076923076923 0.6754807692307693 0.6298076923076923
2 0.5480769230769231 0.5384615384615384 0.5048076923076923 0.5384615384615384 0.5048076923076924 0.6322115384615384 0.5480769230769232 0.6322115384615384
2 0.605769230769231 0.5625000000000001 0.560096153846154 0.5625000000000001 0.560096153846154 0.6274038461538461 0.605769230769231 0.6274038461538461
4 0.06490384615384623 0.6129807692307693 0.0048076923076923826 0.6129807692307693 0.004807692307692388 0.6923076923076923 0.06490384615384624 0.6923076923076923
2 0.591346153846154 0.6850961538461539 0.5312500000000001 0.6850961538461539 0.5312500000000001 0.8100961538461539 0.591346153846154 0.8100961538461539
2 0.7716346153846154 0.7139423076923077 0.7067307692307693 0.7139423076923077 0.7067307692307693 0.8052884615384616 0.7716346153846154 0.8052884615384616
4 0.6850961538461539 0.7283653846153846 0.6274038461538461 0.7283653846153846 0.6274038461538461 0.8197115384615384 0.6850961538461539 0.8197115384615384
4 0.6370192307692307 0.7956730769230769 0.5697115384615385 0.7956730769230769 0.5697115384615385 0.9038461538461539 0.6370192307692307 0.9038461538461539
4 0.625 0.8894230769230769 0.5408653846153848 0.8894230769230769 0.5408653846153848 1 0.625 1