4 0.39182692307692324 0.5625 0.35817307692307704 0.5625 0.35817307692307704 0.6105769230769231 0.39182692307692324 0.6105769230769231
8 0.4879807692307693 0.5192307692307693 0.4230769230769231 0.5192307692307693 0.42307692307692313 0.6586538461538461 0.4879807692307694 0.6586538461538461
2 0.14663461538461545 0.5576923076923077 0.10336538461538468 0.5576923076923077 0.10336538461538468 0.6274038461538461 0.14663461538461545 0.6274038461538461
4 0.35336538461538475 0.5769230769230769 0.3197115384615386 0.5769230769230769 0.3197115384615386 0.6274038461538461 0.35336538461538475 0.6274038461538461
4 0.41586538461538475 0.6009615384615384 0.37980769230769246 0.6009615384615384 0.37980769230769246 0.6538461538461539 0.41586538461538475 0.6538461538461539
4 0.3750000000000001 0.6153846153846154 0.33413461538461553 0.6153846153846154 0.33413461538461553 0.6706730769230769 0.3750000000000001 0.6706730769230769
4 0.31730769230769246 0.6153846153846154 0.2788461538461539 0.6153846153846154 0.2788461538461539 0.6754807692307693 0.31730769230769246 0.6754807692307693
2 0.4447115384615386 0.6298076923076923 0.4014423076923078 0.6298076923076923 0.4014423076923078 0.7067307692307693 0.4447115384615386 0.7067307692307693
8 0.5841346153846155 0.6057692307692308 0.47836538461538475 0.6057692307692307 0.47836538461538475 0.7860576923076923 0.5841346153846155 0.7860576923076923
2 0.3245192307692309 0.6658653846153846 0.2740384615384616 0.6658653846153846 0.2740384615384616 0.7475961538461539 0.3245192307692309 0.7475961538461539
2 0.5072115384615385 0.6634615384615384 0.4375000000000001 0.6634615384615384 0.4375000000000001 0.8004807692307693 0.5072115384615385 0.8004807692307693
2 0.42067307692307704 0.6802884615384616 0.36057692307692324 0.6802884615384616 0.36057692307692324 0.7908653846153846 0.42067307692307704 0.7908653846153846
4 0.5480769230769232 0.78125 0.47836538461538475 0.78125 0.47836538461538475 0.8918269230769231 0.5480769230769232 0.8918269230769231
2 0.47355769230769246 0.78125 0.3990384615384617 0.78125 0.3990384615384617 0.9134615384615384 0.47355769230769246 0.9134615384615384
5 0.37980769230769246 0.7884615384615384 0.3052884615384616 0.7884615384615384 0.3052884615384616 0.9399038461538461 0.37980769230769246 0.9399038461538461
4 0.153846153846154 0.8389423076923077 0.08894230769230779 0.8389423076923077 0.08894230769230779 0.9567307692307693 0.153846153846154 0.9567307692307693
4 0.6394230769230769 0.875 0.543269230769231 0.875 0.543269230769231 1 0.6394230769230769 1