0 0.7836538461538461 0.4254807692307694 0.7475961538461539 0.4254807692307694 0.7475961538461539 0.5096153846153848 0.7836538461538461 0.5096153846153848
4 0.8221153846153846 0.4495192307692309 0.7956730769230769 0.4495192307692309 0.7956730769230769 0.49759615384615397 0.8221153846153846 0.49759615384615397
0 0.9134615384615384 0.6490384615384616 0.8798076923076923 0.6490384615384616 0.8798076923076923 0.7427884615384616 0.9134615384615384 0.7427884615384616
4 0.591346153846154 0.6514423076923077 0.5144230769230771 0.6514423076923077 0.5144230769230771 0.7451923076923077 0.591346153846154 0.7451923076923077
4 0.8677884615384616 0.6850961538461539 0.8461538461538461 0.6850961538461539 0.8461538461538461 0.7403846153846154 0.8677884615384616 0.7403846153846154
1 0.9543269230769231 0.7019230769230769 0.9326923076923077 0.7019230769230769 0.9326923076923077 0.7644230769230769 0.9543269230769231 0.7644230769230769
8 0.25721153846153855 0.6658653846153846 0.12500000000000006 0.6658653846153846 0.12500000000000008 0.8317307692307693 0.25721153846153855 0.8317307692307693
4 0.8653846153846154 0.7475961538461539 0.8389423076923077 0.7475961538461539 0.8389423076923077 0.8100961538461539 0.8653846153846154 0.8100961538461539
8 0.9134615384615384 0.7548076923076923 0.8774038461538461 0.7548076923076923 0.8774038461538461 0.8365384615384616 0.9134615384615384 0.8365384615384616
4 0.5937500000000001 0.7956730769230769 0.4951923076923078 0.7956730769230769 0.4951923076923078 0.9495192307692307 0.5937500000000001 0.9495192307692307
4 0.9399038461538461 0.9206730769230769 0.8725961538461539 0.9206730769230769 0.8725961538461539 1 0.9399038461538461 1