9 0.4326923076923077 0.39903846153846156 0.39903846153846156 0.39903846153846156 0.39903846153846156 0.47836538461538464 0.4326923076923077 0.47836538461538464
2 0.6322115384615384 0.512019230769231 0.59375 0.512019230769231 0.5937500000000001 0.5769230769230771 0.6322115384615384 0.5769230769230771
8 0.1850961538461539 0.4879807692307692 0.11538461538461545 0.4879807692307692 0.11538461538461545 0.6105769230769231 0.1850961538461539 0.6105769230769231
4 0.8125 0.560096153846154 0.7620192307692307 0.560096153846154 0.7620192307692307 0.6418269230769231 0.8125 0.6418269230769231
4 0.7019230769230769 0.574519230769231 0.6466346153846154 0.574519230769231 0.6466346153846154 0.6658653846153846 0.7019230769230769 0.6658653846153846
4 0.21875000000000006 0.5889423076923077 0.16826923076923084 0.5889423076923077 0.16826923076923084 0.6514423076923077 0.21875000000000006 0.6514423076923077
4 0.13942307692307698 0.6201923076923077 0.09615384615384623 0.6201923076923077 0.09615384615384623 0.6706730769230769 0.13942307692307698 0.6706730769230769
2 0.37980769230769246 0.6370192307692307 0.32692307692307704 0.6370192307692307 0.32692307692307704 0.71875 0.37980769230769246 0.71875
4 0.15144230769230776 0.6850961538461539 0.08894230769230776 0.6850961538461539 0.08894230769230778 0.7451923076923077 0.1514423076923078 0.7451923076923077
4 0.9014423076923077 0.6923076923076923 0.8413461538461539 0.6923076923076923 0.8413461538461539 0.7908653846153846 0.9014423076923077 0.7908653846153846
4 0.14903846153846165 0.7475961538461539 0.08173076923076933 0.7475961538461539 0.08173076923076933 0.8365384615384616 0.14903846153846165 0.8365384615384616
8 0.4134615384615386 0.7451923076923077 0.36057692307692324 0.7451923076923077 0.36057692307692324 0.8509615384615384 0.4134615384615386 0.8509615384615384
4 0.6826923076923077 0.8653846153846154 0.625 0.8653846153846154 0.625 0.9759615384615384 0.6826923076923077 0.9759615384615384
4 0.8245192307692307 0.8677884615384616 0.7451923076923077 0.8677884615384616 0.7451923076923077 0.9855769230769231 0.8245192307692307 0.9855769230769231