4 0.3052884615384616 0.59375 0.2596153846153847 0.59375 0.2596153846153847 0.6346153846153846 0.3052884615384616 0.6346153846153846
2 0.5096153846153848 0.5865384615384616 0.4615384615384617 0.5865384615384616 0.4615384615384617 0.6538461538461539 0.5096153846153848 0.6538461538461539
4 0.7836538461538461 0.6153846153846154 0.7331730769230769 0.6153846153846154 0.7331730769230769 0.6706730769230769 0.7836538461538461 0.6706730769230769
4 0.6971153846153846 0.6081730769230771 0.6418269230769231 0.6081730769230771 0.6418269230769231 0.6875 0.6971153846153846 0.6875
4 0.23076923076923084 0.6346153846153846 0.16826923076923084 0.6346153846153846 0.16826923076923084 0.6923076923076923 0.23076923076923084 0.6923076923076923
2 0.6009615384615385 0.6153846153846154 0.5312500000000001 0.6153846153846154 0.5312500000000001 0.7379807692307693 0.6009615384615385 0.7379807692307693
4 0.7235576923076923 0.6826923076923077 0.6682692307692307 0.6826923076923077 0.6682692307692307 0.7644230769230769 0.7235576923076923 0.7644230769230769
9 0.29326923076923084 0.6730769230769231 0.20432692307692316 0.6730769230769231 0.20432692307692316 0.7764423076923077 0.29326923076923084 0.7764423076923077
4 0.7788461538461539 0.7788461538461539 0.7115384615384616 0.7788461538461539 0.7115384615384616 0.8653846153846154 0.7788461538461539 0.8653846153846154
2 0.5096153846153848 0.8341346153846154 0.4014423076923078 0.8341346153846154 0.4014423076923078 0.96875 0.5096153846153848 0.96875
4 0.7355769230769231 0.9086538461538461 0.6538461538461539 0.9086538461538461 0.6538461538461539 1 0.7355769230769231 1