4 0.7091346153846154 0.4062500000000001 0.6346153846153846 0.4062500000000001 0.6346153846153846 0.4951923076923078 0.7091346153846154 0.4951923076923078
4 0.3269230769230769 0.4206730769230769 0.2596153846153847 0.4206730769230769 0.2596153846153847 0.5096153846153846 0.3269230769230769 0.5096153846153846
2 0.5721153846153846 0.43269230769230776 0.49759615384615385 0.4326923076923077 0.49759615384615385 0.5408653846153847 0.5721153846153846 0.5408653846153848
4 0.8076923076923077 0.6514423076923077 0.65625 0.6514423076923077 0.65625 0.7860576923076923 0.8076923076923077 0.7860576923076923
4 1 0.7043269230769231 0.8557692307692307 0.7043269230769231 0.8557692307692307 0.8990384615384616 1 0.8990384615384616
5 0.14903846153846165 0.8052884615384616 0.016826923076923177 0.8052884615384616 0.01682692307692318 0.9086538461538461 0.14903846153846165 0.9086538461538461
4 0.9110576923076923 0.8389423076923077 0.7067307692307693 0.8389423076923077 0.7067307692307693 1 0.9110576923076923 1
8 0.5504807692307693 0.2379807692307693 0.4951923076923077 0.2379807692307693 0.4951923076923077 0.3245192307692308 0.5504807692307693 0.3245192307692308
4 0.6153846153846154 0.2860576923076924 0.5600961538461539 0.2860576923076924 0.5600961538461539 0.34855769230769246 0.6153846153846154 0.34855769230769246
9 0.3004807692307693 0.3269230769230769 0.24519230769230776 0.3269230769230769 0.24519230769230776 0.3870192307692308 0.3004807692307693 0.3870192307692308
2 0.6730769230769231 0.33413461538461553 0.6153846153846154 0.33413461538461553 0.6153846153846154 0.41105769230769246 0.6730769230769231 0.41105769230769246
9 0.7379807692307693 0.34855769230769246 0.6778846153846154 0.34855769230769246 0.6778846153846154 0.43509615384615397 0.7379807692307693 0.43509615384615397