8 0.9302884615384616 0.23798076923076936 0.8942307692307693 0.23798076923076936 0.8942307692307693 0.32692307692307704 0.9302884615384616 0.32692307692307704
2 0.8509615384615384 0.2620192307692309 0.8245192307692307 0.26201923076923084 0.8245192307692307 0.31009615384615397 0.8509615384615384 0.31009615384615397
2 0.6730769230769231 0.2860576923076924 0.6418269230769231 0.2860576923076924 0.6418269230769231 0.33413461538461553 0.6730769230769231 0.33413461538461553
4 0.5961538461538461 0.2908653846153847 0.5649038461538461 0.2908653846153847 0.5649038461538461 0.3389423076923078 0.5961538461538461 0.3389423076923078
4 0.5264423076923077 0.33413461538461536 0.4879807692307692 0.33413461538461536 0.4879807692307692 0.38221153846153844 0.5264423076923077 0.38221153846153844
4 0.8461538461538461 0.3389423076923078 0.8052884615384616 0.3389423076923078 0.8052884615384616 0.4134615384615386 0.8461538461538461 0.4134615384615386
4 0.5721153846153846 0.42307692307692313 0.5216346153846154 0.4230769230769231 0.5216346153846154 0.4783653846153847 0.5721153846153846 0.47836538461538475
2 0.6875 0.4134615384615386 0.6346153846153846 0.4134615384615386 0.6346153846153846 0.5048076923076924 0.6875 0.5048076923076924
4 0.3317307692307692 0.45913461538461536 0.2596153846153847 0.45913461538461536 0.2596153846153847 0.5168269230769231 0.3317307692307692 0.5168269230769231
4 0.6610576923076923 0.5673076923076924 0.5769230769230771 0.5673076923076924 0.5769230769230771 0.6875 0.6610576923076923 0.6875
4 0.11778846153846165 0.8076923076923077 9.891377993113237e-17 0.8076923076923077 1.0921729867395866e-16 0.9759615384615384 0.11778846153846165 0.9759615384615384