4 0.59375 0.3990384615384616 0.5384615384615384 0.39903846153846156 0.5384615384615384 0.4663461538461539 0.59375 0.46634615384615397
2 0.5625 0.4302884615384616 0.49759615384615385 0.43028846153846156 0.49759615384615385 0.5072115384615385 0.5625 0.5072115384615385
4 0.8004807692307693 0.41105769230769246 0.7043269230769231 0.41105769230769246 0.7043269230769231 0.528846153846154 0.8004807692307693 0.528846153846154
2 0.6514423076923077 0.49038461538461553 0.5697115384615384 0.49038461538461553 0.5697115384615385 0.6225961538461539 0.6514423076923077 0.6225961538461539
4 1 0.5216346153846155 0.90625 0.5216346153846155 0.90625 0.6634615384615384 1 0.6634615384615384
4 0.5865384615384616 0.5504807692307693 0.4879807692307692 0.5504807692307693 0.4879807692307693 0.6730769230769231 0.5865384615384617 0.6730769230769231
4 0.9110576923076923 0.6298076923076923 0.7692307692307693 0.6298076923076923 0.7692307692307693 0.7788461538461539 0.9110576923076923 0.7788461538461539
4 0.16346153846153857 0.8028846153846154 0.04807692307692318 0.8028846153846154 0.04807692307692318 0.9038461538461539 0.1634615384615386 0.9038461538461539
4 0.9879807692307693 0.7644230769230769 0.7884615384615384 0.7644230769230769 0.7884615384615384 0.9543269230769231 0.9879807692307693 0.9543269230769231
4 0.11778846153846166 0.8774038461538461 1.0745098117518845e-16 0.8774038461538461 1.1422186492047429e-16 0.9879807692307693 0.11778846153846168 0.9879807692307693
9 0.5360576923076923 0.2836538461538462 0.5 0.2836538461538462 0.5 0.3485576923076923 0.5360576923076923 0.3485576923076923
2 0.46153846153846156 0.35096153846153844 0.38461538461538464 0.35096153846153844 0.38461538461538464 0.4807692307692308 0.46153846153846156 0.4807692307692308