4 0.4519230769230769 0.33413461538461536 0.4182692307692308 0.33413461538461536 0.4182692307692308 0.38221153846153844 0.4519230769230769 0.38221153846153844
5 0.6730769230769231 0.32692307692307704 0.6322115384615384 0.32692307692307704 0.6322115384615384 0.39182692307692324 0.6730769230769231 0.39182692307692324
2 0.7668269230769231 0.3389423076923078 0.71875 0.3389423076923078 0.71875 0.42788461538461553 0.7668269230769231 0.42788461538461553
2 0.6875 0.3750000000000001 0.6442307692307693 0.3750000000000001 0.6442307692307693 0.45432692307692324 0.6875 0.45432692307692324
4 0.3052884615384616 0.4230769230769231 0.2548076923076924 0.4230769230769231 0.2548076923076924 0.4879807692307692 0.3052884615384616 0.4879807692307692
4 0.35336538461538464 0.42788461538461536 0.3004807692307693 0.42788461538461536 0.3004807692307693 0.5 0.35336538461538464 0.5
2 0.6057692307692308 0.4711538461538462 0.5432692307692307 0.47115384615384615 0.5432692307692308 0.5817307692307693 0.605769230769231 0.5817307692307694
4 0.514423076923077 0.4879807692307692 0.44711538461538464 0.4879807692307692 0.4471153846153847 0.5793269230769231 0.5144230769230771 0.5793269230769231
2 0.6754807692307693 0.4567307692307694 0.6177884615384616 0.4567307692307694 0.6177884615384616 0.6129807692307694 0.6754807692307693 0.6129807692307694
2 0.625 0.528846153846154 0.5552884615384616 0.5288461538461539 0.5552884615384616 0.7091346153846154 0.625 0.7091346153846154
2 0.6923076923076923 0.6466346153846154 0.6081730769230771 0.6466346153846154 0.6081730769230771 0.8389423076923077 0.6923076923076923 0.8389423076923077