5 0.43990384615384615 0.29326923076923084 0.3894230769230769 0.29326923076923084 0.3894230769230769 0.3389423076923077 0.43990384615384615 0.3389423076923077
2 0.5024038461538461 0.295673076923077 0.4639423076923077 0.295673076923077 0.4639423076923077 0.34134615384615385 0.5024038461538461 0.34134615384615385
2 0.5216346153846154 0.34375 0.46634615384615385 0.34375 0.46634615384615385 0.4254807692307692 0.5216346153846154 0.4254807692307692
2 0.4735576923076923 0.36538461538461536 0.4254807692307692 0.36538461538461536 0.4254807692307692 0.42788461538461536 0.4735576923076923 0.42788461538461536
4 0.5913461538461539 0.38221153846153855 0.5432692307692307 0.38221153846153844 0.5432692307692307 0.45432692307692313 0.5913461538461539 0.45432692307692324
8 0.7788461538461539 0.3750000000000001 0.7043269230769231 0.3750000000000001 0.7043269230769231 0.528846153846154 0.7788461538461539 0.528846153846154
5 0.389423076923077 0.4831730769230769 0.31490384615384615 0.4831730769230769 0.3149038461538462 0.5673076923076923 0.38942307692307704 0.5673076923076923
4 0.5793269230769231 0.5048076923076924 0.5168269230769231 0.5048076923076923 0.5168269230769231 0.591346153846154 0.5793269230769232 0.591346153846154
9 0.16346153846153852 0.5240384615384616 0.06730769230769237 0.5240384615384616 0.06730769230769237 0.6129807692307693 0.16346153846153852 0.6129807692307693
4 0.22115384615384623 0.59375 0.12019230769230776 0.59375 0.12019230769230778 0.7019230769230769 0.22115384615384623 0.7019230769230769
2 0.65625 0.7019230769230769 0.5528846153846155 0.7019230769230769 0.5528846153846155 0.8966346153846154 0.65625 0.8966346153846154
4 0.5384615384615385 0.7403846153846154 0.43509615384615397 0.7403846153846154 0.43509615384615397 0.9182692307692307 0.5384615384615385 0.9182692307692307