4 0.5673076923076924 0.5793269230769231 0.5264423076923078 0.5793269230769231 0.5264423076923078 0.6394230769230769 0.5673076923076924 0.6394230769230769
8 0.46875000000000006 0.5552884615384616 0.4014423076923077 0.5552884615384616 0.40144230769230776 0.6778846153846154 0.4687500000000001 0.6778846153846154
4 0.5360576923076924 0.6129807692307693 0.49038461538461553 0.6129807692307693 0.49038461538461553 0.6875 0.5360576923076924 0.6875
2 0.625 0.6201923076923077 0.574519230769231 0.6201923076923077 0.574519230769231 0.7091346153846154 0.625 0.7091346153846154
8 0.5072115384615385 0.6442307692307693 0.45432692307692324 0.6442307692307693 0.45432692307692324 0.7379807692307693 0.5072115384615385 0.7379807692307693
2 0.5769230769230771 0.6490384615384616 0.5264423076923078 0.6490384615384616 0.5264423076923078 0.7331730769230769 0.5769230769230771 0.7331730769230769
4 0.6682692307692307 0.6706730769230769 0.6129807692307694 0.6706730769230769 0.6129807692307694 0.7451923076923077 0.6682692307692307 0.7451923076923077
2 0.5360576923076924 0.6850961538461539 0.47355769230769246 0.6850961538461539 0.47355769230769246 0.7692307692307693 0.5360576923076924 0.7692307692307693
2 0.9110576923076923 0.7115384615384616 0.84375 0.7115384615384616 0.84375 0.8052884615384616 0.9110576923076923 0.8052884615384616
4 0.6947115384615384 0.7620192307692307 0.6129807692307694 0.7620192307692307 0.6129807692307694 0.8653846153846154 0.6947115384615384 0.8653846153846154
8 0.1923076923076924 0.65625 0.03365384615384623 0.65625 0.03365384615384625 1 0.19230769230769246 1