5 0.5528846153846154 0.2283653846153847 0.5216346153846154 0.2283653846153847 0.5216346153846154 0.2692307692307693 0.5528846153846154 0.2692307692307693
2 0.5 0.25721153846153855 0.46634615384615385 0.25721153846153855 0.46634615384615385 0.3076923076923077 0.5 0.3076923076923077
5 0.5384615384615384 0.2596153846153847 0.5024038461538461 0.2596153846153847 0.5024038461538461 0.3173076923076923 0.5384615384615384 0.3173076923076923
4 0.5865384615384616 0.27644230769230776 0.5576923076923077 0.27644230769230776 0.5576923076923077 0.3149038461538462 0.5865384615384616 0.3149038461538463
1 0.44471153846153844 0.3028846153846155 0.4182692307692308 0.3028846153846155 0.4182692307692308 0.3485576923076923 0.44471153846153844 0.3485576923076923
4 0.5769230769230769 0.3173076923076924 0.5384615384615384 0.3173076923076923 0.5384615384615384 0.3629807692307693 0.5769230769230769 0.3629807692307694
1 0.3894230769230769 0.33653846153846156 0.36538461538461536 0.33653846153846156 0.36538461538461536 0.38221153846153844 0.3894230769230769 0.38221153846153844
9 0.46634615384615385 0.34615384615384615 0.40384615384615385 0.34615384615384615 0.40384615384615385 0.40865384615384615 0.46634615384615385 0.40865384615384615
2 0.6274038461538461 0.33413461538461553 0.5745192307692307 0.33413461538461553 0.5745192307692307 0.4375000000000001 0.6274038461538461 0.4375000000000001
9 0.6971153846153846 0.3461538461538463 0.6490384615384616 0.3461538461538463 0.6490384615384616 0.4447115384615386 0.6971153846153846 0.4447115384615386
4 0.5120192307692307 0.3701923076923077 0.46634615384615385 0.3701923076923077 0.46634615384615385 0.4326923076923077 0.5120192307692307 0.4326923076923077
4 0.5552884615384616 0.4014423076923077 0.5072115384615384 0.4014423076923077 0.5072115384615384 0.47115384615384615 0.5552884615384616 0.47115384615384615
2 0.5889423076923077 0.44471153846153855 0.5360576923076923 0.44471153846153844 0.5360576923076923 0.5336538461538463 0.5889423076923077 0.5336538461538463
2 0.7692307692307693 0.4711538461538463 0.7115384615384616 0.4711538461538463 0.7115384615384616 0.5673076923076924 0.7692307692307693 0.5673076923076924
4 0.15144230769230776 0.5528846153846154 0.0504807692307693 0.5528846153846154 0.05048076923076931 0.6298076923076923 0.15144230769230776 0.6298076923076923
4 0.32932692307692313 0.5552884615384616 0.25000000000000006 0.5552884615384616 0.25000000000000006 0.6298076923076923 0.32932692307692324 0.6298076923076923
4 0.5961538461538463 0.5841346153846154 0.528846153846154 0.5841346153846154 0.528846153846154 0.7019230769230769 0.5961538461538463 0.7019230769230769
2 0.18269230769230776 0.6225961538461539 0.04807692307692314 0.6225961538461539 0.048076923076923156 0.7355769230769231 0.18269230769230776 0.7355769230769231
4 0.7019230769230769 0.6754807692307693 0.6274038461538461 0.6754807692307693 0.6274038461538461 0.8293269230769231 0.7019230769230769 0.8293269230769231