2 0.6682692307692307 0.4495192307692309 0.6370192307692307 0.4495192307692309 0.6370192307692307 0.4927884615384617 0.6682692307692307 0.4927884615384617
9 0.6201923076923077 0.44230769230769246 0.5865384615384616 0.44230769230769246 0.5865384615384616 0.5096153846153848 0.6201923076923077 0.5096153846153848
8 0.7331730769230769 0.4254807692307694 0.6826923076923077 0.4254807692307694 0.6826923076923077 0.5360576923076924 0.7331730769230769 0.5360576923076924
2 0.5192307692307693 0.4807692307692308 0.4807692307692308 0.4807692307692308 0.4807692307692308 0.5384615384615384 0.5192307692307693 0.5384615384615384
2 0.5408653846153847 0.5120192307692307 0.5024038461538461 0.5120192307692307 0.5024038461538463 0.5600961538461539 0.5408653846153848 0.5600961538461539
4 0.19951923076923084 0.5240384615384616 0.15625000000000006 0.5240384615384616 0.15625000000000006 0.5745192307692307 0.19951923076923084 0.5745192307692307
2 0.591346153846154 0.5384615384615385 0.5576923076923077 0.5384615384615384 0.5576923076923077 0.6057692307692308 0.591346153846154 0.605769230769231
4 0.25721153846153855 0.5552884615384616 0.21153846153846162 0.5552884615384616 0.21153846153846162 0.6153846153846154 0.25721153846153855 0.6153846153846154
2 0.5312500000000001 0.5552884615384616 0.49038461538461536 0.5552884615384616 0.4903846153846155 0.6225961538461539 0.5312500000000001 0.6225961538461539
5 0.6586538461538461 0.5721153846153848 0.6129807692307694 0.5721153846153848 0.6129807692307694 0.6418269230769231 0.6586538461538461 0.6418269230769231
2 0.46634615384615397 0.5769230769230769 0.42067307692307704 0.5769230769230769 0.42067307692307704 0.6778846153846154 0.46634615384615397 0.6778846153846154
2 0.5456730769230771 0.6081730769230769 0.4951923076923078 0.6081730769230769 0.4951923076923078 0.6754807692307693 0.5456730769230771 0.6754807692307693
2 0.6274038461538461 0.5985576923076924 0.574519230769231 0.5985576923076924 0.574519230769231 0.6826923076923077 0.6274038461538461 0.6826923076923077
2 0.5576923076923078 0.6418269230769231 0.5096153846153848 0.6418269230769231 0.5096153846153848 0.7211538461538461 0.5576923076923078 0.7211538461538461
9 0.7355769230769231 0.6466346153846154 0.6730769230769231 0.6466346153846154 0.6730769230769231 0.7692307692307693 0.7355769230769231 0.7692307692307693
4 0.591346153846154 0.6850961538461539 0.5384615384615385 0.6850961538461539 0.5384615384615385 0.7692307692307693 0.591346153846154 0.7692307692307693
2 0.7115384615384616 0.6947115384615384 0.6442307692307693 0.6947115384615384 0.6442307692307693 0.7980769230769231 0.7115384615384616 0.7980769230769231
2 0.6081730769230771 0.7596153846153846 0.5240384615384617 0.7596153846153846 0.5240384615384617 0.8701923076923077 0.6081730769230771 0.8701923076923077
8 0.1466346153846155 0.7043269230769231 0.012019230769230855 0.7043269230769231 0.012019230769230874 1 0.14663461538461553 1
4 0.24038461538461547 0.8076923076923077 0.15865384615384623 0.8076923076923077 0.15865384615384626 0.9110576923076923 0.24038461538461553 0.9110576923076923
9 0.4399038461538463 0.8942307692307693 0.34855769230769246 0.8942307692307693 0.34855769230769246 1 0.4399038461538463 1