2 0.5721153846153847 0.5336538461538463 0.53125 0.5336538461538461 0.5312500000000001 0.6057692307692308 0.5721153846153848 0.605769230769231
2 0.15625000000000006 0.5240384615384616 0.09615384615384623 0.5240384615384616 0.09615384615384623 0.6153846153846154 0.15625000000000006 0.6153846153846154
2 0.4711538461538462 0.5480769230769231 0.4182692307692308 0.5480769230769231 0.41826923076923084 0.6706730769230769 0.4711538461538463 0.6706730769230769
2 0.27644230769230776 0.5745192307692307 0.2283653846153847 0.5745192307692307 0.2283653846153847 0.6514423076923077 0.27644230769230776 0.6514423076923077
2 0.08894230769230776 0.5817307692307693 0.040865384615384685 0.5817307692307693 0.04086538461538469 0.65625 0.08894230769230776 0.65625
8 0.7259615384615384 0.5528846153846155 0.6466346153846154 0.5528846153846155 0.6466346153846154 0.7259615384615384 0.7259615384615384 0.7259615384615384
4 0.23317307692307698 0.6274038461538461 0.18269230769230776 0.6274038461538461 0.18269230769230776 0.6971153846153846 0.23317307692307698 0.6971153846153846
2 0.14903846153846162 0.5985576923076923 0.0865384615384616 0.5985576923076923 0.08653846153846162 0.7331730769230769 0.14903846153846165 0.7331730769230769
4 0.6514423076923077 0.6442307692307693 0.591346153846154 0.6442307692307693 0.591346153846154 0.7331730769230769 0.6514423076923077 0.7331730769230769
4 0.5697115384615385 0.6514423076923077 0.5144230769230771 0.6514423076923077 0.5144230769230771 0.7355769230769231 0.5697115384615385 0.7355769230769231
5 0.22115384615384623 0.6971153846153846 0.15144230769230776 0.6971153846153846 0.15144230769230776 0.8100961538461539 0.22115384615384623 0.8100961538461539
8 0.055288461538461633 0.7427884615384616 9.096535118666638e-17 0.7427884615384616 9.920816618092741e-17 0.8774038461538461 0.05528846153846164 0.8774038461538461
4 0.36057692307692324 0.7884615384615384 0.28125000000000006 0.7884615384615384 0.2812500000000001 0.8822115384615384 0.36057692307692324 0.8822115384615384
4 0.29086538461538475 0.9014423076923077 0.1995192307692309 0.9014423076923077 0.1995192307692309 1 0.29086538461538475 1
2 0.4687500000000001 0.9230769230769231 0.3677884615384617 0.9230769230769231 0.3677884615384617 1 0.4687500000000001 1