2 0.6923076923076923 0.2475961538461539 0.6490384615384616 0.2475961538461539 0.6490384615384616 0.3076923076923078 0.6923076923076923 0.3076923076923078
0 0.9182692307692307 0.23317307692307707 0.8653846153846154 0.23317307692307707 0.8653846153846154 0.32692307692307704 0.9182692307692307 0.32692307692307704
2 0.8677884615384616 0.24278846153846165 0.8221153846153846 0.24278846153846162 0.8221153846153846 0.3245192307692309 0.8677884615384616 0.3245192307692309
4 0.9543269230769231 0.28605769230769246 0.9206730769230769 0.28605769230769246 0.9206730769230769 0.3365384615384617 0.9543269230769231 0.3365384615384617
4 0.8725961538461539 0.3317307692307694 0.8293269230769231 0.3317307692307694 0.8293269230769231 0.4014423076923078 0.8725961538461539 0.4014423076923078
9 0.9399038461538461 0.3365384615384617 0.8822115384615384 0.3365384615384617 0.8822115384615384 0.4375000000000001 0.9399038461538461 0.4375000000000001
8 0.75 0.2836538461538462 0.5985576923076923 0.2836538461538462 0.5985576923076923 0.543269230769231 0.75 0.543269230769231
4 0.8846153846153846 0.512019230769231 0.8004807692307693 0.512019230769231 0.8004807692307693 0.6418269230769231 0.8846153846153846 0.6418269230769231
4 0.6274038461538461 0.6682692307692307 0.4302884615384617 0.6682692307692307 0.4302884615384617 0.9014423076923077 0.6274038461538461 0.9014423076923077
2 0.2596153846153847 0.7692307692307693 9.420359993441179e-17 0.7692307692307693 1.0833413992457355e-16 1 0.25961538461538475 1
2 0.7211538461538461 0.8197115384615384 0.4447115384615386 0.8197115384615384 0.4447115384615386 1 0.7211538461538461 1