2 0.2283653846153847 0.5408653846153846 0.18269230769230776 0.5408653846153846 0.18269230769230776 0.6153846153846154 0.2283653846153847 0.6153846153846154
2 0.5625000000000001 0.5889423076923077 0.5168269230769232 0.5889423076923077 0.5168269230769232 0.6514423076923077 0.5625000000000001 0.6514423076923077
2 0.26682692307692313 0.6009615384615384 0.21394230769230776 0.6009615384615384 0.21394230769230776 0.6706730769230769 0.26682692307692313 0.6706730769230769
2 0.38942307692307704 0.5769230769230769 0.3389423076923078 0.5769230769230769 0.3389423076923078 0.6971153846153846 0.38942307692307704 0.6971153846153846
4 0.49038461538461553 0.6105769230769231 0.44711538461538475 0.6105769230769231 0.44711538461538475 0.6682692307692307 0.49038461538461553 0.6682692307692307
2 0.3461538461538463 0.6129807692307693 0.28846153846153855 0.6129807692307693 0.28846153846153855 0.7235576923076923 0.3461538461538463 0.7235576923076923
4 0.8365384615384616 0.6875 0.7836538461538461 0.6875 0.7836538461538461 0.7716346153846154 0.8365384615384616 0.7716346153846154
2 0.9855769230769231 0.6610576923076923 0.9182692307692307 0.6610576923076923 0.9182692307692307 0.8245192307692307 0.9855769230769231 0.8245192307692307
8 0.28846153846153855 0.6634615384615384 0.2163461538461539 0.6634615384615384 0.2163461538461539 0.8269230769230769 0.28846153846153855 0.8269230769230769
2 0.40384615384615397 0.6923076923076923 0.33413461538461553 0.6923076923076923 0.33413461538461553 0.8317307692307693 0.40384615384615397 0.8317307692307693
4 0.6947115384615384 0.7427884615384616 0.625 0.7427884615384616 0.625 0.8221153846153846 0.6947115384615384 0.8221153846153846
8 0.5528846153846155 0.6850961538461539 0.44230769230769246 0.6850961538461539 0.44230769230769246 0.90625 0.5528846153846155 0.90625