2 0.6682692307692307 0.4879807692307694 0.6298076923076923 0.4879807692307694 0.6298076923076923 0.5817307692307694 0.6682692307692307 0.5817307692307694
1 0.35096153846153855 0.5144230769230769 0.3269230769230769 0.5144230769230769 0.326923076923077 0.5673076923076923 0.3509615384615386 0.5673076923076923
1 0.24038461538461545 0.5216346153846154 0.22115384615384623 0.5216346153846154 0.22115384615384623 0.5673076923076923 0.24038461538461545 0.5673076923076923
4 0.4423076923076924 0.5264423076923077 0.4110576923076923 0.5264423076923077 0.4110576923076924 0.5865384615384616 0.44230769230769246 0.5865384615384616
2 0.6370192307692307 0.5216346153846155 0.6009615384615384 0.5216346153846155 0.6009615384615385 0.6009615384615385 0.6370192307692307 0.6009615384615385
2 0.1754807692307693 0.5504807692307693 0.12740384615384623 0.5504807692307693 0.12740384615384623 0.6153846153846154 0.1754807692307693 0.6153846153846154
9 0.8317307692307693 0.5625000000000001 0.7860576923076923 0.5625000000000001 0.7860576923076923 0.6538461538461539 0.8317307692307693 0.6538461538461539
2 0.5985576923076924 0.5817307692307693 0.5576923076923078 0.5817307692307693 0.5576923076923078 0.6754807692307693 0.5985576923076924 0.6754807692307693
2 0.9423076923076923 0.5961538461538463 0.8990384615384616 0.5961538461538463 0.8990384615384616 0.6923076923076923 0.9423076923076923 0.6923076923076923
4 0.6778846153846154 0.6538461538461539 0.6274038461538461 0.6538461538461539 0.6274038461538461 0.7475961538461539 0.6778846153846154 0.7475961538461539
2 1 0.6730769230769231 0.9350961538461539 0.6730769230769231 0.9350961538461539 0.7668269230769231 1 0.7668269230769231
1 0.9134615384615384 0.6947115384615384 0.8798076923076923 0.6947115384615384 0.8798076923076923 0.7620192307692307 0.9134615384615384 0.7620192307692307
2 0.7908653846153846 0.84375 0.71875 0.84375 0.71875 0.9831730769230769 0.7908653846153846 0.9831730769230769