8 0.7427884615384616 0.4807692307692309 0.6634615384615384 0.4807692307692309 0.6634615384615384 0.6274038461538461 0.7427884615384616 0.6274038461538461
2 0.6466346153846154 0.5216346153846155 0.6057692307692307 0.5216346153846155 0.6057692307692308 0.6033653846153848 0.6466346153846154 0.6033653846153848
2 0.32451923076923084 0.5336538461538461 0.264423076923077 0.5336538461538461 0.264423076923077 0.6322115384615384 0.3245192307692309 0.6322115384615384
9 0.4711538461538462 0.5552884615384616 0.4206730769230769 0.5552884615384616 0.420673076923077 0.6298076923076923 0.4711538461538463 0.6298076923076923
8 0.17067307692307698 0.53125 0.09615384615384623 0.53125 0.09615384615384623 0.6730769230769231 0.17067307692307698 0.6730769230769231
2 0.6418269230769231 0.6442307692307693 0.5865384615384617 0.6442307692307693 0.5865384615384617 0.7259615384615384 0.6418269230769231 0.7259615384615384
2 0.5168269230769232 0.65625 0.45432692307692324 0.65625 0.45432692307692324 0.7403846153846154 0.5168269230769232 0.7403846153846154
2 0.8990384615384616 0.6298076923076923 0.8125 0.6298076923076923 0.8125 0.7764423076923077 0.8990384615384616 0.7764423076923077
2 0.23076923076923087 0.7091346153846154 0.1658653846153847 0.7091346153846154 0.16586538461538472 0.8461538461538461 0.2307692307692309 0.8461538461538461
2 0.6081730769230771 0.7283653846153846 0.5168269230769232 0.7283653846153846 0.5168269230769232 0.8701923076923077 0.6081730769230771 0.8701923076923077
4 0.12259615384615395 0.7764423076923077 0.05769230769230779 0.7764423076923077 0.05769230769230779 0.8677884615384616 0.12259615384615395 0.8677884615384616
5 0.9399038461538461 0.7668269230769231 0.8533653846153846 0.7668269230769231 0.8533653846153846 0.8966346153846154 0.9399038461538461 0.8966346153846154
4 0.28605769230769246 0.875 0.20192307692307707 0.875 0.20192307692307707 0.9711538461538461 0.28605769230769246 0.9711538461538461