8 0.15625000000000006 0.3701923076923077 0.08653846153846158 0.3701923076923077 0.08653846153846159 0.4639423076923077 0.15625000000000006 0.4639423076923077
2 0.19951923076923084 0.38461538461538464 0.16105769230769237 0.38461538461538464 0.16105769230769237 0.4495192307692308 0.19951923076923084 0.4495192307692308
4 0.24519230769230776 0.39663461538461536 0.21153846153846162 0.39663461538461536 0.21153846153846162 0.4495192307692308 0.24519230769230776 0.4495192307692308
8 0.14182692307692316 0.4254807692307692 0.07211538461538466 0.4254807692307692 0.07211538461538468 0.5264423076923077 0.14182692307692316 0.5264423076923077
8 0.6923076923076923 0.41586538461538475 0.6298076923076923 0.41586538461538475 0.6298076923076923 0.5384615384615385 0.6923076923076923 0.5384615384615385
9 0.20192307692307698 0.4831730769230769 0.1538461538461539 0.4831730769230769 0.1538461538461539 0.5552884615384616 0.20192307692307698 0.5552884615384616
2 0.5985576923076924 0.4975961538461539 0.5552884615384616 0.49759615384615385 0.5552884615384616 0.5985576923076924 0.5985576923076924 0.5985576923076924
2 0.5336538461538463 0.5168269230769231 0.4951923076923077 0.5168269230769231 0.49519230769230776 0.5841346153846154 0.5336538461538463 0.5841346153846154
2 0.0865384615384616 0.5192307692307693 0.03125000000000006 0.5192307692307693 0.03125000000000007 0.5961538461538461 0.0865384615384616 0.5961538461538461
5 0.15144230769230776 0.5360576923076923 0.10336538461538468 0.5360576923076923 0.10336538461538468 0.6057692307692307 0.15144230769230776 0.6057692307692307
2 0.6899038461538461 0.5625000000000001 0.6394230769230769 0.5625000000000001 0.6394230769230769 0.6730769230769231 0.6899038461538461 0.6730769230769231
4 0.09375000000000007 0.5961538461538461 0.03605769230769239 0.5961538461538461 0.03605769230769239 0.6706730769230769 0.09375000000000007 0.6706730769230769
4 0.6370192307692307 0.6346153846153846 0.5865384615384617 0.6346153846153846 0.5865384615384617 0.7163461538461539 0.6370192307692307 0.7163461538461539
2 0.5793269230769232 0.6706730769230769 0.5216346153846155 0.6706730769230769 0.5216346153846155 0.7884615384615384 0.5793269230769232 0.7884615384615384
2 0.7596153846153846 0.6947115384615384 0.6995192307692307 0.6947115384615384 0.6995192307692307 0.8052884615384616 0.7596153846153846 0.8052884615384616