8 0.5480769230769231 0.3004807692307693 0.4567307692307692 0.3004807692307693 0.4567307692307692 0.40625 0.5480769230769231 0.40625
8 0.5985576923076923 0.31971153846153855 0.5384615384615384 0.31971153846153844 0.5384615384615384 0.3990384615384616 0.5985576923076923 0.3990384615384617
2 0.6322115384615384 0.35817307692307704 0.5793269230769231 0.35817307692307704 0.5793269230769231 0.4182692307692309 0.6322115384615384 0.4182692307692309
8 0.5625 0.37019230769230776 0.5120192307692307 0.3701923076923077 0.5120192307692307 0.44471153846153855 0.5625 0.4447115384615386
8 0.49038461538461536 0.37740384615384615 0.40384615384615385 0.37740384615384615 0.40384615384615385 0.46875 0.49038461538461536 0.46875
2 0.3173076923076924 0.4735576923076923 0.20192307692307698 0.4735576923076923 0.20192307692307698 0.6129807692307693 0.31730769230769246 0.6129807692307693
4 0.36057692307692313 0.5336538461538461 0.2716346153846155 0.5336538461538461 0.2716346153846155 0.6322115384615384 0.36057692307692324 0.6322115384615384
5 0.18269230769230776 0.5408653846153846 0.06730769230769237 0.5408653846153846 0.06730769230769239 0.6682692307692307 0.18269230769230776 0.6682692307692307
8 0.7980769230769231 0.45192307692307704 0.6490384615384616 0.45192307692307704 0.6490384615384616 0.8028846153846154 0.7980769230769231 0.8028846153846154
8 0.6370192307692307 0.5649038461538463 0.4399038461538463 0.5649038461538461 0.4399038461538463 0.875 0.6370192307692307 0.875
2 0.39663461538461553 0.6418269230769231 0.25000000000000006 0.6418269230769231 0.25000000000000006 0.8004807692307693 0.39663461538461553 0.8004807692307693
2 0.3437500000000001 0.7331730769230769 0.13701923076923087 0.7331730769230769 0.1370192307692309 1 0.3437500000000001 1