0 0.6947115384615384 0.3677884615384617 0.5721153846153846 0.3677884615384617 0.5721153846153847 0.560096153846154 0.6947115384615384 0.560096153846154
2 0.5649038461538461 0.4567307692307693 0.4951923076923077 0.4567307692307692 0.4951923076923077 0.5552884615384616 0.5649038461538461 0.5552884615384617
4 0.7091346153846154 0.4879807692307694 0.6394230769230769 0.4879807692307694 0.6394230769230769 0.6033653846153848 0.7091346153846154 0.6033653846153848
2 0.7884615384615384 0.4879807692307694 0.7115384615384616 0.4879807692307694 0.7115384615384616 0.625 0.7884615384615384 0.625
4 0.8798076923076923 0.5024038461538463 0.8100961538461539 0.5024038461538463 0.8100961538461539 0.6129807692307694 0.8798076923076923 0.6129807692307694
2 0.5576923076923077 0.5528846153846154 0.45913461538461536 0.5528846153846154 0.4591346153846155 0.71875 0.5576923076923078 0.71875
4 0.4326923076923078 0.5745192307692307 0.3317307692307694 0.5745192307692307 0.3317307692307694 0.7091346153846154 0.4326923076923078 0.7091346153846154
4 0.1850961538461539 0.6153846153846154 0.028846153846153924 0.6153846153846154 0.02884615384615393 0.7668269230769231 0.1850961538461539 0.7668269230769231
8 0.75 0.5841346153846155 0.5793269230769232 0.5841346153846155 0.5793269230769232 0.9038461538461539 0.75 0.9038461538461539
4 0.8365384615384616 0.6706730769230769 0.7548076923076923 0.6706730769230769 0.7548076923076923 0.8485576923076923 0.8365384615384616 0.8485576923076923
8 0.30048076923076933 0.75 0.06490384615384624 0.75 0.06490384615384626 1 0.3004807692307694 1
2 0.48557692307692324 0.8221153846153846 0.3125000000000001 0.8221153846153846 0.3125000000000001 1 0.48557692307692324 1