2 0.11778846153846158 0.22596153846153846 0.07211538461538465 0.22596153846153846 0.07211538461538465 0.30528846153846156 0.11778846153846158 0.30528846153846156
2 0.4326923076923077 0.2475961538461539 0.3918269230769231 0.2475961538461539 0.3918269230769231 0.3004807692307693 0.4326923076923077 0.3004807692307693
8 0.1899038461538462 0.2692307692307692 0.13461538461538464 0.2692307692307692 0.13461538461538464 0.3485576923076923 0.18990384615384623 0.3485576923076923
2 0.26682692307692313 0.2932692307692308 0.2283653846153847 0.2932692307692308 0.2283653846153847 0.3557692307692308 0.26682692307692313 0.3557692307692308
4 0.5096153846153846 0.31009615384615385 0.4639423076923077 0.31009615384615385 0.4639423076923077 0.375 0.5096153846153846 0.375
5 0.4567307692307692 0.31971153846153844 0.41346153846153844 0.31971153846153844 0.41346153846153844 0.38461538461538464 0.4567307692307692 0.38461538461538464
4 0.6201923076923077 0.36057692307692324 0.5721153846153846 0.36057692307692324 0.5721153846153846 0.4375000000000001 0.6201923076923077 0.4375000000000001
2 0.5625 0.37019230769230776 0.5024038461538461 0.3701923076923077 0.5024038461538461 0.44471153846153855 0.5625 0.4447115384615386
2 0.41586538461538464 0.39903846153846156 0.3581730769230769 0.39903846153846156 0.3581730769230769 0.47115384615384615 0.41586538461538464 0.47115384615384615
5 0.9206730769230769 0.43509615384615397 0.8317307692307693 0.43509615384615397 0.8317307692307693 0.5408653846153848 0.9206730769230769 0.5408653846153848
2 0.4086538461538462 0.44471153846153844 0.3317307692307692 0.44471153846153844 0.3317307692307693 0.5721153846153846 0.4086538461538463 0.5721153846153846
5 0.8725961538461539 0.4639423076923078 0.7932692307692307 0.4639423076923078 0.7932692307692307 0.5961538461538463 0.8725961538461539 0.5961538461538463
4 0.7860576923076923 0.49038461538461553 0.6971153846153846 0.49038461538461553 0.6971153846153846 0.605769230769231 0.7860576923076923 0.605769230769231