8 0.39182692307692313 0.46153846153846156 0.3245192307692308 0.46153846153846156 0.32451923076923084 0.5841346153846154 0.39182692307692324 0.5841346153846154
2 0.28846153846153855 0.5360576923076923 0.23557692307692316 0.5360576923076923 0.23557692307692316 0.6129807692307693 0.28846153846153855 0.6129807692307693
9 0.4903846153846155 0.5504807692307693 0.43990384615384615 0.5504807692307693 0.4399038461538462 0.6442307692307693 0.49038461538461553 0.6442307692307693
4 0.5985576923076924 0.6201923076923077 0.5456730769230771 0.6201923076923077 0.5456730769230771 0.6947115384615384 0.5985576923076924 0.6947115384615384
1 0.0408653846153847 0.65625 0.01201923076923085 0.65625 0.012019230769230857 0.7620192307692307 0.0408653846153847 0.7620192307692307
8 0.3076923076923078 0.6394230769230769 0.2283653846153847 0.6394230769230769 0.2283653846153847 0.8052884615384616 0.3076923076923078 0.8052884615384616
8 0.42788461538461553 0.6514423076923077 0.32692307692307704 0.6514423076923077 0.32692307692307704 0.9278846153846154 0.42788461538461553 0.9278846153846154
2 0.5096153846153848 0.7451923076923077 0.4326923076923078 0.7451923076923077 0.4326923076923078 0.8653846153846154 0.5096153846153848 0.8653846153846154
4 0.7836538461538461 0.8173076923076923 0.7043269230769231 0.8173076923076923 0.7043269230769231 0.9134615384615384 0.7836538461538461 0.9134615384615384
2 0.2812500000000001 0.8173076923076923 0.20192307692307698 0.8173076923076923 0.20192307692307704 0.9158653846153846 0.2812500000000001 0.9158653846153846
9 0.6971153846153846 0.7932692307692307 0.6033653846153848 0.7932692307692307 0.6033653846153848 0.9495192307692307 0.6971153846153846 0.9495192307692307
4 0.5528846153846155 0.8365384615384616 0.4615384615384617 0.8365384615384616 0.4615384615384617 0.9278846153846154 0.5528846153846155 0.9278846153846154