9 0.4855769230769231 0.2716346153846155 0.4543269230769231 0.2716346153846155 0.4543269230769231 0.31971153846153844 0.4855769230769231 0.31971153846153844
8 0.6466346153846154 0.2596153846153847 0.5769230769230769 0.2596153846153847 0.5769230769230769 0.36057692307692324 0.6466346153846154 0.36057692307692324
8 0.31009615384615385 0.2716346153846154 0.2644230769230769 0.27163461538461536 0.264423076923077 0.36538461538461536 0.31009615384615385 0.36538461538461536
2 0.46634615384615385 0.35336538461538464 0.4254807692307692 0.35336538461538464 0.4254807692307692 0.40865384615384615 0.46634615384615385 0.40865384615384615
8 0.8629807692307693 0.3076923076923078 0.7139423076923077 0.3076923076923078 0.7139423076923077 0.4759615384615386 0.8629807692307693 0.4759615384615386
2 0.5024038461538461 0.4326923076923077 0.44711538461538464 0.4326923076923077 0.44711538461538464 0.5144230769230769 0.5024038461538461 0.5144230769230769
2 0.5865384615384616 0.4399038461538462 0.5216346153846154 0.43990384615384615 0.5216346153846154 0.5216346153846154 0.5865384615384616 0.5216346153846155
2 0.6346153846153846 0.5673076923076924 0.5504807692307694 0.5673076923076923 0.5504807692307694 0.6850961538461539 0.6346153846153846 0.6850961538461539
2 0.7740384615384616 0.5576923076923078 0.6754807692307693 0.5576923076923078 0.6754807692307693 0.7067307692307693 0.7740384615384616 0.7067307692307693
2 0.6802884615384616 0.7211538461538461 0.5576923076923078 0.7211538461538461 0.5576923076923078 0.9519230769230769 0.6802884615384616 0.9519230769230769
2 0.9831730769230769 0.8653846153846154 0.7908653846153846 0.8653846153846154 0.7908653846153846 1 0.9831730769230769 1