0 0.4062500000000001 0.5625 0.32932692307692324 0.5625 0.32932692307692324 0.7379807692307693 0.4062500000000001 0.7379807692307693
8 0.47355769230769246 0.6153846153846154 0.39182692307692324 0.6153846153846154 0.39182692307692324 0.8317307692307693 0.47355769230769246 0.8317307692307693
5 0.2692307692307693 0.6971153846153846 0.20432692307692316 0.6971153846153846 0.20432692307692316 0.7956730769230769 0.2692307692307693 0.7956730769230769
4 0.6346153846153846 0.7163461538461539 0.5817307692307694 0.7163461538461539 0.5817307692307694 0.7836538461538461 0.6346153846153846 0.7836538461538461
4 0.5649038461538463 0.7307692307692307 0.5192307692307694 0.7307692307692307 0.5192307692307694 0.8052884615384616 0.5649038461538463 0.8052884615384616
9 0.3677884615384617 0.7283653846153846 0.3052884615384616 0.7283653846153846 0.3052884615384616 0.8365384615384616 0.3677884615384617 0.8365384615384616
4 0.6971153846153846 0.7740384615384616 0.6153846153846154 0.7740384615384616 0.6153846153846154 0.8677884615384616 0.6971153846153846 0.8677884615384616
2 0.47836538461538475 0.7620192307692307 0.4086538461538463 0.7620192307692307 0.4086538461538463 0.9182692307692307 0.47836538461538475 0.9182692307692307
4 0.5456730769230771 0.8100961538461539 0.48317307692307704 0.8100961538461539 0.48317307692307704 0.8942307692307693 0.5456730769230771 0.8942307692307693
2 0.3197115384615386 0.7596153846153846 0.21394230769230776 0.7596153846153846 0.2139423076923078 0.9807692307692307 0.3197115384615386 0.9807692307692307
4 0.7379807692307693 0.84375 0.6730769230769231 0.84375 0.6730769230769231 0.9278846153846154 0.7379807692307693 0.9278846153846154
4 0.8173076923076923 0.8942307692307693 0.7283653846153846 0.8942307692307693 0.7283653846153846 1 0.8173076923076923 1