8 0.08413461538461545 0.5144230769230769 0.02644230769230775 0.5144230769230769 0.02644230769230776 0.6225961538461539 0.08413461538461545 0.6225961538461539
2 0.3173076923076924 0.5336538461538461 0.2716346153846155 0.5336538461538461 0.2716346153846155 0.6394230769230769 0.31730769230769246 0.6394230769230769
2 0.5384615384615385 0.5360576923076923 0.47836538461538464 0.5360576923076923 0.4783653846153847 0.6490384615384616 0.5384615384615385 0.6490384615384616
9 0.6418269230769231 0.5649038461538463 0.5937500000000001 0.5649038461538463 0.5937500000000001 0.6466346153846154 0.6418269230769231 0.6466346153846154
2 0.47355769230769246 0.5817307692307693 0.4182692307692309 0.5817307692307693 0.4182692307692309 0.6610576923076923 0.47355769230769246 0.6610576923076923
5 0.17788461538461545 0.5841346153846154 0.12980769230769237 0.5841346153846154 0.12980769230769237 0.6610576923076923 0.17788461538461545 0.6610576923076923
9 0.16346153846153852 0.6826923076923077 0.09615384615384623 0.6826923076923077 0.09615384615384624 0.8028846153846154 0.16346153846153852 0.8028846153846154
4 0.3125000000000001 0.7019230769230769 0.2524038461538462 0.7019230769230769 0.2524038461538462 0.7860576923076923 0.3125000000000001 0.7860576923076923
4 0.6610576923076923 0.7283653846153846 0.6009615384615385 0.7283653846153846 0.6009615384615385 0.8173076923076923 0.6610576923076923 0.8173076923076923
2 0.23798076923076933 0.7572115384615384 0.1658653846153847 0.7572115384615384 0.16586538461538472 0.8990384615384616 0.23798076923076936 0.8990384615384616
2 0.6995192307692307 0.8149038461538461 0.6009615384615385 0.8149038461538461 0.6009615384615385 0.9639423076923077 0.6995192307692307 0.9639423076923077
2 0.13942307692307704 0.8197115384615384 0.0625000000000001 0.8197115384615384 0.06250000000000011 0.9615384615384616 0.13942307692307704 0.9615384615384616
4 0.8028846153846154 0.8557692307692307 0.7307692307692307 0.8557692307692307 0.7307692307692307 0.96875 0.8028846153846154 0.96875
4 0.9927884615384616 0.8990384615384616 0.8918269230769231 0.8990384615384616 0.8918269230769231 1 0.9927884615384616 1