2 0.5576923076923077 0.25721153846153855 0.5240384615384616 0.25721153846153855 0.5240384615384616 0.31009615384615385 0.5576923076923077 0.31009615384615385
8 0.49038461538461536 0.2548076923076924 0.4326923076923077 0.2548076923076924 0.4326923076923077 0.3389423076923077 0.49038461538461536 0.3389423076923077
4 0.6033653846153846 0.2908653846153847 0.5697115384615384 0.2908653846153847 0.5697115384615384 0.3365384615384617 0.6033653846153846 0.3365384615384617
4 0.5384615384615384 0.31490384615384615 0.5 0.31490384615384615 0.5 0.36778846153846156 0.5384615384615384 0.36778846153846156
9 0.6778846153846154 0.31009615384615397 0.6394230769230769 0.31009615384615397 0.6394230769230769 0.37980769230769246 0.6778846153846154 0.37980769230769246
1 0.43028846153846156 0.3293269230769231 0.40625 0.3293269230769231 0.40625 0.37259615384615385 0.43028846153846156 0.37259615384615385
4 0.4855769230769231 0.33653846153846156 0.44711538461538464 0.33653846153846156 0.44711538461538464 0.3798076923076923 0.4855769230769231 0.3798076923076923
2 0.6153846153846154 0.3461538461538463 0.5697115384615384 0.3461538461538463 0.5697115384615384 0.42788461538461553 0.6153846153846154 0.42788461538461553
8 0.2692307692307693 0.35096153846153844 0.03125000000000004 0.35096153846153844 0.031250000000000056 0.5793269230769231 0.2692307692307693 0.5793269230769231
8 0.7331730769230769 0.3942307692307694 0.6418269230769231 0.3942307692307694 0.6418269230769231 0.5721153846153848 0.7331730769230769 0.5721153846153848
2 0.3245192307692308 0.4519230769230769 0.25721153846153855 0.4519230769230769 0.25721153846153855 0.5168269230769231 0.3245192307692308 0.5168269230769231
4 0.5649038461538461 0.4711538461538462 0.5048076923076923 0.47115384615384615 0.5048076923076923 0.5504807692307693 0.5649038461538461 0.5504807692307694
4 0.2716346153846155 0.5408653846153846 0.18990384615384623 0.5408653846153846 0.18990384615384623 0.6274038461538461 0.2716346153846155 0.6274038461538461
4 0.42307692307692313 0.5552884615384616 0.3485576923076923 0.5552884615384616 0.3485576923076924 0.6658653846153846 0.42307692307692324 0.6658653846153846
2 0.12019230769230778 0.5793269230769231 7.094708620060388e-17 0.5793269230769231 7.918990119486491e-17 0.7139423076923077 0.12019230769230779 0.7139423076923077