4 0.21875000000000006 0.6201923076923077 0.1754807692307693 0.6201923076923077 0.1754807692307693 0.6947115384615384 0.21875000000000006 0.6947115384615384
4 0.1346153846153847 0.625 0.0865384615384616 0.625 0.0865384615384616 0.6947115384615384 0.1346153846153847 0.6947115384615384
4 0.5721153846153848 0.6274038461538461 0.5192307692307694 0.6274038461538461 0.5192307692307694 0.6995192307692307 0.5721153846153848 0.6995192307692307
2 0.3004807692307693 0.6081730769230769 0.2475961538461539 0.6081730769230769 0.2475961538461539 0.7331730769230769 0.3004807692307693 0.7331730769230769
2 0.5024038461538463 0.6418269230769231 0.44711538461538475 0.6418269230769231 0.44711538461538475 0.7427884615384616 0.5024038461538463 0.7427884615384616
5 0.14663461538461547 0.6682692307692307 0.08894230769230776 0.6682692307692307 0.08894230769230778 0.7620192307692307 0.14663461538461547 0.7620192307692307
2 0.7860576923076923 0.6514423076923077 0.7139423076923077 0.6514423076923077 0.7139423076923077 0.7836538461538461 0.7860576923076923 0.7836538461538461
8 0.9735576923076923 0.6177884615384616 0.8269230769230769 0.6177884615384616 0.8269230769230769 0.8461538461538461 0.9735576923076923 0.8461538461538461
4 0.6129807692307694 0.7019230769230769 0.5576923076923078 0.7019230769230769 0.5576923076923078 0.7884615384615384 0.6129807692307694 0.7884615384615384
4 0.7019230769230769 0.7067307692307693 0.6394230769230769 0.7067307692307693 0.6394230769230769 0.7860576923076923 0.7019230769230769 0.7860576923076923
2 0.8918269230769231 0.7716346153846154 0.8149038461538461 0.7716346153846154 0.8149038461538461 0.8822115384615384 0.8918269230769231 0.8822115384615384
2 0.6995192307692307 0.7716346153846154 0.6177884615384616 0.7716346153846154 0.6177884615384616 0.8822115384615384 0.6995192307692307 0.8822115384615384
4 0.625 0.7908653846153846 0.560096153846154 0.7908653846153846 0.560096153846154 0.90625 0.625 0.90625
9 0.24519230769230782 0.8413461538461539 0.13701923076923087 0.8413461538461539 0.1370192307692309 1 0.24519230769230782 1
4 0.43509615384615397 0.8990384615384616 0.3437500000000001 0.8990384615384616 0.3437500000000001 1 0.43509615384615397 1