2 0.45432692307692313 0.5480769230769231 0.41586538461538464 0.5480769230769231 0.4158653846153847 0.6490384615384616 0.45432692307692324 0.6490384615384616
2 0.41105769230769246 0.5913461538461539 0.3557692307692309 0.5913461538461539 0.3557692307692309 0.6923076923076923 0.41105769230769246 0.6923076923076923
4 0.48317307692307704 0.6322115384615384 0.4375000000000001 0.6322115384615384 0.4375000000000001 0.6995192307692307 0.48317307692307704 0.6995192307692307
2 0.5937500000000001 0.6322115384615384 0.5336538461538463 0.6322115384615384 0.5336538461538463 0.7307692307692307 0.5937500000000001 0.7307692307692307
2 0.5192307692307694 0.6201923076923077 0.46634615384615397 0.6201923076923077 0.46634615384615397 0.7451923076923077 0.5192307692307694 0.7451923076923077
2 0.34134615384615397 0.6490384615384616 0.28846153846153855 0.6490384615384616 0.28846153846153855 0.7283653846153846 0.34134615384615397 0.7283653846153846
8 0.2788461538461539 0.6009615384615384 0.18990384615384623 0.6009615384615384 0.18990384615384623 0.8028846153846154 0.2788461538461539 0.8028846153846154
2 0.37259615384615397 0.6826923076923077 0.3149038461538463 0.6826923076923077 0.3149038461538463 0.7596153846153846 0.37259615384615397 0.7596153846153846
4 0.6225961538461539 0.6971153846153846 0.5697115384615385 0.6971153846153846 0.5697115384615385 0.7644230769230769 0.6225961538461539 0.7644230769230769
2 0.7764423076923077 0.6850961538461539 0.7235576923076923 0.6850961538461539 0.7235576923076923 0.7788461538461539 0.7764423076923077 0.7788461538461539
2 0.5552884615384617 0.7019230769230769 0.4951923076923078 0.7019230769230769 0.4951923076923078 0.7884615384615384 0.5552884615384617 0.7884615384615384
4 0.37980769230769246 0.7524038461538461 0.3197115384615386 0.7524038461538461 0.3197115384615386 0.8341346153846154 0.37980769230769246 0.8341346153846154
4 0.6875 0.7548076923076923 0.6081730769230771 0.7548076923076923 0.6081730769230771 0.8509615384615384 0.6875 0.8509615384615384
4 0.4687500000000001 0.7836538461538461 0.4086538461538463 0.7836538461538461 0.4086538461538463 0.8677884615384616 0.4687500000000001 0.8677884615384616
4 0.9975961538461539 0.8100961538461539 0.9254807692307693 0.8100961538461539 0.9254807692307693 0.8990384615384616 0.9975961538461539 0.8990384615384616
4 0.40384615384615397 0.8125 0.32932692307692324 0.8125 0.32932692307692324 0.9158653846153846 0.40384615384615397 0.9158653846153846
4 0.5216346153846155 0.8894230769230769 0.4375000000000001 0.8894230769230769 0.4375000000000001 1 0.5216346153846155 1
5 0.8173076923076923 0.8942307692307693 0.7355769230769231 0.8942307692307693 0.7355769230769231 1 0.8173076923076923 1
4 0.71875 0.8990384615384616 0.6322115384615384 0.8990384615384616 0.6322115384615384 1 0.71875 1