5 0.5048076923076924 0.6177884615384616 0.43509615384615397 0.6177884615384616 0.43509615384615397 0.7115384615384616 0.5048076923076924 0.7115384615384616
2 0.1850961538461539 0.6129807692307693 0.1177884615384616 0.6129807692307693 0.11778846153846162 0.7692307692307693 0.1850961538461539 0.7692307692307693
9 0.35817307692307704 0.6370192307692307 0.28846153846153855 0.6370192307692307 0.28846153846153855 0.7475961538461539 0.35817307692307704 0.7475961538461539
2 0.6682692307692307 0.6346153846153846 0.5937500000000001 0.6346153846153846 0.5937500000000001 0.7620192307692307 0.6682692307692307 0.7620192307692307
4 0.3389423076923078 0.6995192307692307 0.26201923076923084 0.6995192307692307 0.26201923076923084 0.7884615384615384 0.3389423076923078 0.7884615384615384
4 0.8822115384615384 0.6971153846153846 0.8052884615384616 0.6971153846153846 0.8052884615384616 0.8100961538461539 0.8822115384615384 0.8100961538461539
4 0.1250000000000001 0.71875 0.04326923076923085 0.71875 0.043269230769230865 0.8028846153846154 0.1250000000000001 0.8028846153846154
2 0.25721153846153855 0.6658653846153846 0.1754807692307693 0.6658653846153846 0.17548076923076933 0.8677884615384616 0.2572115384615386 0.8677884615384616
9 0.7427884615384616 0.6995192307692307 0.6490384615384616 0.6995192307692307 0.6490384615384616 0.8605769230769231 0.7427884615384616 0.8605769230769231
4 0.9831730769230769 0.7331730769230769 0.9110576923076923 0.7331730769230769 0.9110576923076923 0.8365384615384616 0.9831730769230769 0.8365384615384616
5 0.6009615384615385 0.7331730769230769 0.5168269230769232 0.7331730769230769 0.5168269230769232 0.8581730769230769 0.6009615384615385 0.8581730769230769
4 0.33413461538461553 0.7836538461538461 0.23557692307692316 0.7836538461538461 0.23557692307692318 0.8870192307692307 0.33413461538461553 0.8870192307692307
4 0.6875 0.8197115384615384 0.6081730769230771 0.8197115384615384 0.6081730769230771 0.9206730769230769 0.6875 0.9206730769230769
4 0.5096153846153848 0.8413461538461539 0.41586538461538475 0.8413461538461539 0.41586538461538475 0.9807692307692307 0.5096153846153848 0.9807692307692307
2 0.6105769230769232 0.8221153846153846 0.5144230769230771 0.8221153846153846 0.5144230769230771 1 0.6105769230769232 1
4 0.1995192307692309 0.8701923076923077 0.09855769230769242 0.8701923076923077 0.09855769230769243 0.9855769230769231 0.1995192307692309 0.9855769230769231