4 0.41346153846153844 0.26682692307692313 0.37259615384615385 0.26682692307692313 0.37259615384615385 0.31971153846153844 0.41346153846153844 0.31971153846153844
4 0.25480769230769235 0.2668269230769231 0.21634615384615385 0.2668269230769231 0.21634615384615388 0.3245192307692308 0.2548076923076924 0.3245192307692308
5 0.5240384615384616 0.2860576923076924 0.46634615384615385 0.2860576923076924 0.46634615384615385 0.3485576923076923 0.5240384615384616 0.3485576923076923
8 0.6442307692307693 0.2524038461538462 0.5192307692307693 0.2524038461538462 0.5192307692307693 0.38221153846153855 0.6442307692307693 0.3822115384615386
2 0.8221153846153846 0.31009615384615397 0.7427884615384616 0.31009615384615397 0.7427884615384616 0.42307692307692324 0.8221153846153846 0.42307692307692324
2 0.7283653846153846 0.3677884615384617 0.6610576923076923 0.3677884615384617 0.6610576923076923 0.4399038461538463 0.7283653846153846 0.4399038461538463
4 0.7019230769230769 0.39663461538461553 0.6394230769230769 0.39663461538461553 0.6394230769230769 0.4879807692307694 0.7019230769230769 0.4879807692307694
2 0.6322115384615384 0.40144230769230776 0.5528846153846154 0.4014423076923077 0.5528846153846154 0.4927884615384616 0.6322115384615384 0.4927884615384617
9 0.4927884615384616 0.43509615384615385 0.40384615384615385 0.43509615384615385 0.4038461538461539 0.5673076923076923 0.4927884615384617 0.5673076923076923
4 0.6298076923076923 0.7115384615384616 0.5072115384615385 0.7115384615384616 0.5072115384615385 0.8605769230769231 0.6298076923076923 0.8605769230769231
2 0.875 0.7427884615384616 0.6971153846153846 0.7427884615384616 0.6971153846153846 0.9663461538461539 0.875 0.9663461538461539