8 0.3653846153846155 0.5144230769230769 0.2908653846153847 0.5144230769230769 0.2908653846153847 0.7139423076923077 0.36538461538461553 0.7139423076923077
5 0.5673076923076924 0.5961538461538463 0.5264423076923078 0.5961538461538461 0.5264423076923078 0.6610576923076923 0.5673076923076924 0.6610576923076923
2 0.25721153846153855 0.5889423076923077 0.19951923076923084 0.5889423076923077 0.19951923076923084 0.6778846153846154 0.25721153846153855 0.6778846153846154
9 0.4951923076923078 0.5865384615384616 0.4302884615384617 0.5865384615384616 0.4302884615384617 0.6802884615384616 0.4951923076923078 0.6802884615384616
5 0.6274038461538461 0.6370192307692307 0.5649038461538463 0.6370192307692307 0.5649038461538463 0.7259615384615384 0.6274038461538461 0.7259615384615384
9 0.7139423076923077 0.7019230769230769 0.6442307692307693 0.7019230769230769 0.6442307692307693 0.8317307692307693 0.7139423076923077 0.8317307692307693
8 0.528846153846154 0.6634615384615384 0.4302884615384617 0.6634615384615384 0.4302884615384617 0.8701923076923077 0.528846153846154 0.8701923076923077
2 0.6129807692307694 0.7211538461538461 0.5480769230769232 0.7211538461538461 0.5480769230769232 0.8365384615384616 0.6129807692307694 0.8365384615384616
9 0.3149038461538463 0.7596153846153846 0.23557692307692316 0.7596153846153846 0.23557692307692318 0.8918269230769231 0.3149038461538463 0.8918269230769231
9 0.6802884615384616 0.7788461538461539 0.6033653846153848 0.7788461538461539 0.6033653846153848 0.9134615384615384 0.6802884615384616 0.9134615384615384
5 0.5456730769230771 0.8341346153846154 0.4639423076923078 0.8341346153846154 0.4639423076923078 0.9543269230769231 0.5456730769230771 0.9543269230769231