8 0.08413461538461545 0.49038461538461536 0.002403846153846214 0.49038461538461536 0.002403846153846222 0.625 0.08413461538461545 0.625
2 0.2692307692307693 0.5216346153846154 0.23076923076923084 0.5216346153846154 0.23076923076923084 0.6009615384615384 0.2692307692307693 0.6009615384615384
4 0.21153846153846162 0.5384615384615384 0.1754807692307693 0.5384615384615384 0.1754807692307693 0.5961538461538461 0.21153846153846162 0.5961538461538461
8 0.6610576923076923 0.528846153846154 0.6033653846153846 0.528846153846154 0.6033653846153847 0.6394230769230769 0.6610576923076923 0.6394230769230769
5 0.6009615384615385 0.5865384615384616 0.5552884615384617 0.5865384615384616 0.5552884615384617 0.6370192307692307 0.6009615384615385 0.6370192307692307
2 0.3052884615384616 0.5649038461538461 0.2524038461538462 0.5649038461538461 0.2524038461538462 0.6802884615384616 0.3052884615384616 0.6802884615384616
2 0.5216346153846155 0.5865384615384616 0.4759615384615386 0.5865384615384616 0.4759615384615386 0.6634615384615384 0.5216346153846155 0.6634615384615384
4 0.22355769230769237 0.6105769230769231 0.17067307692307698 0.6105769230769231 0.17067307692307698 0.6826923076923077 0.22355769230769237 0.6826923076923077
8 0.7836538461538461 0.5793269230769232 0.6923076923076923 0.5793269230769232 0.6923076923076923 0.7283653846153846 0.7836538461538461 0.7283653846153846
2 0.14663461538461547 0.6658653846153846 0.09615384615384623 0.6658653846153846 0.09615384615384624 0.7716346153846154 0.14663461538461547 0.7716346153846154
4 0.6201923076923077 0.6923076923076923 0.5649038461538463 0.6923076923076923 0.5649038461538463 0.7716346153846154 0.6201923076923077 0.7716346153846154
4 0.8774038461538461 0.7620192307692307 0.8100961538461539 0.7620192307692307 0.8100961538461539 0.8798076923076923 0.8774038461538461 0.8798076923076923
2 0.7548076923076923 0.78125 0.6658653846153846 0.78125 0.6658653846153846 0.8990384615384616 0.7548076923076923 0.8990384615384616