8 0.1850961538461539 0.3605769230769231 0.12500000000000003 0.3605769230769231 0.12500000000000006 0.4639423076923077 0.1850961538461539 0.4639423076923077
2 0.28125000000000006 0.40384615384615385 0.24038461538461545 0.40384615384615385 0.24038461538461545 0.45913461538461536 0.28125000000000006 0.45913461538461536
2 0.2283653846153847 0.39663461538461536 0.18269230769230776 0.39663461538461536 0.18269230769230776 0.4735576923076923 0.2283653846153847 0.4735576923076923
2 0.17788461538461545 0.4639423076923077 0.13942307692307698 0.4639423076923077 0.13942307692307698 0.5216346153846154 0.17788461538461545 0.5216346153846154
4 0.23557692307692316 0.4831730769230769 0.1971153846153847 0.4831730769230769 0.1971153846153847 0.5384615384615384 0.23557692307692316 0.5384615384615384
2 0.53125 0.4951923076923077 0.49038461538461536 0.4951923076923077 0.49038461538461536 0.5456730769230769 0.53125 0.5456730769230769
2 0.17307692307692316 0.5072115384615384 0.1177884615384616 0.5072115384615384 0.1177884615384616 0.5889423076923077 0.17307692307692316 0.5889423076923077
2 0.591346153846154 0.5096153846153847 0.5504807692307693 0.5096153846153846 0.5504807692307693 0.6177884615384616 0.591346153846154 0.6177884615384616
8 0.6658653846153846 0.512019230769231 0.6105769230769231 0.512019230769231 0.6105769230769231 0.6274038461538461 0.6658653846153846 0.6274038461538461
8 0.7860576923076923 0.5504807692307694 0.7139423076923077 0.5504807692307694 0.7139423076923077 0.6947115384615384 0.7860576923076923 0.6947115384615384
2 0.08413461538461545 0.5769230769230769 0.012019230769230841 0.5769230769230769 0.012019230769230846 0.6778846153846154 0.08413461538461545 0.6778846153846154
4 0.560096153846154 0.5985576923076924 0.5096153846153848 0.5985576923076923 0.5096153846153848 0.6730769230769231 0.560096153846154 0.6730769230769231
2 0.7307692307692307 0.6033653846153848 0.6802884615384616 0.6033653846153848 0.6802884615384616 0.7475961538461539 0.7307692307692307 0.7475961538461539
2 0.6658653846153846 0.6730769230769231 0.6081730769230771 0.6730769230769231 0.6081730769230771 0.7716346153846154 0.6658653846153846 0.7716346153846154
8 0.7932692307692307 0.6514423076923077 0.7019230769230769 0.6514423076923077 0.7019230769230769 0.8485576923076923 0.7932692307692307 0.8485576923076923
4 0.6009615384615385 0.7524038461538461 0.5360576923076924 0.7524038461538461 0.5360576923076924 0.8533653846153846 0.6009615384615385 0.8533653846153846