8 0.14903846153846162 0.49038461538461536 0.05769230769230776 0.49038461538461536 0.05769230769230777 0.6346153846153846 0.14903846153846162 0.6346153846153846
8 0.7572115384615384 0.49759615384615397 0.6706730769230769 0.49759615384615397 0.6706730769230769 0.6586538461538461 0.7572115384615384 0.6586538461538461
2 0.4591346153846155 0.5408653846153846 0.4206730769230769 0.5408653846153846 0.420673076923077 0.6153846153846154 0.45913461538461553 0.6153846153846154
8 0.20432692307692316 0.5552884615384616 0.15144230769230776 0.5552884615384616 0.15144230769230776 0.625 0.20432692307692316 0.625
2 0.6394230769230769 0.5673076923076924 0.591346153846154 0.5673076923076924 0.591346153846154 0.6394230769230769 0.6394230769230769 0.6394230769230769
2 0.5384615384615385 0.5600961538461539 0.48557692307692324 0.5600961538461539 0.48557692307692324 0.6586538461538461 0.5384615384615385 0.6586538461538461
9 0.2908653846153847 0.6490384615384616 0.24278846153846162 0.6490384615384616 0.24278846153846162 0.7259615384615384 0.2908653846153847 0.7259615384615384
8 0.14423076923076933 0.5913461538461539 0.04567307692307699 0.5913461538461539 0.04567307692307701 0.8028846153846154 0.14423076923076933 0.8028846153846154
8 0.9807692307692307 0.5865384615384617 0.8413461538461539 0.5865384615384617 0.8413461538461539 0.8485576923076923 0.9807692307692307 0.8485576923076923
4 0.5336538461538463 0.6923076923076923 0.47355769230769246 0.6923076923076923 0.47355769230769246 0.7764423076923077 0.5336538461538463 0.7764423076923077
5 0.7067307692307693 0.6826923076923077 0.6394230769230769 0.6826923076923077 0.6394230769230769 0.7932692307692307 0.7067307692307693 0.7932692307692307
8 0.9375 0.6634615384615384 0.7740384615384616 0.6634615384615384 0.7740384615384616 0.9110576923076923 0.9375 0.9110576923076923
5 0.35336538461538475 0.7884615384615384 0.2908653846153847 0.7884615384615384 0.2908653846153847 0.8870192307692307 0.35336538461538475 0.8870192307692307
4 0.15865384615384626 0.7908653846153846 0.07692307692307702 0.7908653846153846 0.07692307692307702 0.8966346153846154 0.15865384615384628 0.8966346153846154
4 0.2716346153846155 0.8100961538461539 0.1971153846153847 0.8100961538461539 0.19711538461538472 0.9158653846153846 0.27163461538461553 0.9158653846153846
4 0.7596153846153846 0.8894230769230769 0.6610576923076923 0.8894230769230769 0.6610576923076923 1 0.7596153846153846 1