2 0.2908653846153847 0.31490384615384615 0.25721153846153855 0.31490384615384615 0.25721153846153855 0.3605769230769231 0.2908653846153847 0.3605769230769231
5 0.26682692307692313 0.33413461538461536 0.23317307692307698 0.33413461538461536 0.23317307692307698 0.37740384615384615 0.26682692307692313 0.37740384615384615
2 0.49278846153846156 0.33653846153846156 0.4543269230769231 0.33653846153846156 0.4543269230769231 0.39663461538461536 0.49278846153846156 0.39663461538461536
2 0.3605769230769231 0.34375 0.3245192307692308 0.34375 0.3245192307692308 0.3918269230769231 0.3605769230769231 0.3918269230769231
2 0.31971153846153844 0.3485576923076923 0.2836538461538462 0.3485576923076923 0.2836538461538462 0.39663461538461536 0.31971153846153844 0.39663461538461536
5 0.4014423076923077 0.3798076923076923 0.3629807692307692 0.3798076923076923 0.3629807692307692 0.43028846153846156 0.4014423076923077 0.43028846153846156
4 0.24519230769230776 0.3918269230769231 0.20432692307692316 0.3918269230769231 0.20432692307692316 0.4423076923076923 0.24519230769230776 0.4423076923076923
4 0.3052884615384616 0.39663461538461536 0.2548076923076924 0.39663461538461536 0.2548076923076924 0.4519230769230769 0.3052884615384616 0.4519230769230769
2 0.375 0.3894230769230769 0.3245192307692308 0.3894230769230769 0.3245192307692308 0.4639423076923077 0.375 0.4639423076923077
9 0.6153846153846154 0.5024038461538463 0.5048076923076923 0.5024038461538461 0.5048076923076924 0.6538461538461539 0.6153846153846154 0.6538461538461539
2 0.4711538461538463 0.6466346153846154 0.36538461538461553 0.6466346153846154 0.36538461538461553 0.7980769230769231 0.4711538461538463 0.7980769230769231
4 0.7211538461538461 0.7644230769230769 0.5841346153846155 0.7644230769230769 0.5841346153846155 0.9326923076923077 0.7211538461538461 0.9326923076923077