8 0.389423076923077 0.5024038461538461 0.32211538461538464 0.5024038461538461 0.3221153846153847 0.6201923076923077 0.38942307692307704 0.6201923076923077
4 0.5312500000000001 0.6057692307692307 0.4807692307692309 0.6057692307692307 0.4807692307692309 0.6658653846153846 0.5312500000000001 0.6658653846153846
4 0.23076923076923084 0.6153846153846154 0.18750000000000006 0.6153846153846154 0.18750000000000006 0.6754807692307693 0.23076923076923084 0.6754807692307693
4 0.47355769230769246 0.6153846153846154 0.42307692307692324 0.6153846153846154 0.42307692307692324 0.6754807692307693 0.47355769230769246 0.6754807692307693
2 0.35817307692307704 0.6466346153846154 0.3125000000000001 0.6466346153846154 0.3125000000000001 0.7163461538461539 0.35817307692307704 0.7163461538461539
4 0.3461538461538463 0.6778846153846154 0.29326923076923084 0.6778846153846154 0.29326923076923084 0.7475961538461539 0.3461538461538463 0.7475961538461539
4 0.8725961538461539 0.7139423076923077 0.8149038461538461 0.7139423076923077 0.8149038461538461 0.7908653846153846 0.8725961538461539 0.7908653846153846
4 0.37259615384615397 0.8125 0.31009615384615397 0.8125 0.31009615384615397 0.8894230769230769 0.37259615384615397 0.8894230769230769
8 0.5937500000000001 0.7139423076923077 0.4687500000000001 0.7139423076923077 0.4687500000000001 0.9975961538461539 0.5937500000000001 0.9975961538461539
5 0.9855769230769231 0.8365384615384616 0.9110576923076923 0.8365384615384616 0.9110576923076923 0.9591346153846154 0.9855769230769231 0.9591346153846154
4 0.41105769230769246 0.8822115384615384 0.3461538461538463 0.8822115384615384 0.3461538461538463 0.9783653846153846 0.41105769230769246 0.9783653846153846
2 0.7283653846153846 0.8894230769230769 0.6394230769230769 0.8894230769230769 0.6394230769230769 1 0.7283653846153846 1