2 0.13942307692307698 0.5288461538461539 0.08894230769230776 0.5288461538461539 0.08894230769230776 0.6105769230769231 0.13942307692307698 0.6105769230769231
2 0.32451923076923084 0.5456730769230769 0.2788461538461539 0.5456730769230769 0.2788461538461539 0.6153846153846154 0.3245192307692309 0.6153846153846154
4 0.47355769230769246 0.5961538461538461 0.4182692307692309 0.5961538461538461 0.4182692307692309 0.6923076923076923 0.47355769230769246 0.6923076923076923
2 0.23076923076923084 0.59375 0.17307692307692316 0.59375 0.17307692307692316 0.6971153846153846 0.23076923076923084 0.6971153846153846
2 0.14903846153846162 0.6081730769230769 0.09375000000000007 0.6081730769230769 0.09375000000000007 0.6875 0.14903846153846162 0.6875
8 0.7307692307692307 0.6225961538461539 0.6610576923076923 0.6225961538461539 0.6610576923076923 0.7283653846153846 0.7307692307692307 0.7283653846153846
2 0.5865384615384617 0.6442307692307693 0.5240384615384617 0.6442307692307693 0.5240384615384617 0.7331730769230769 0.5865384615384617 0.7331730769230769
9 0.3125000000000001 0.6610576923076923 0.2596153846153847 0.6610576923076923 0.2596153846153847 0.7572115384615384 0.3125000000000001 0.7572115384615384
2 0.23317307692307698 0.6706730769230769 0.15865384615384623 0.6706730769230769 0.15865384615384623 0.8197115384615384 0.23317307692307698 0.8197115384615384
2 0.7163461538461539 0.7355769230769231 0.625 0.7355769230769231 0.625 0.8822115384615384 0.7163461538461539 0.8822115384615384
4 0.13942307692307704 0.8557692307692307 0.05769230769230779 0.8557692307692307 0.05769230769230781 0.96875 0.13942307692307704 0.96875