8 0.4086538461538463 0.5625 0.32932692307692324 0.5625 0.32932692307692324 0.7283653846153846 0.4086538461538463 0.7283653846153846
4 0.5000000000000001 0.6442307692307693 0.4447115384615386 0.6442307692307693 0.4447115384615386 0.7283653846153846 0.5000000000000001 0.7283653846153846
2 0.32692307692307704 0.6682692307692307 0.28125000000000006 0.6682692307692307 0.28125000000000006 0.7403846153846154 0.32692307692307704 0.7403846153846154
4 0.6033653846153848 0.6754807692307693 0.5528846153846155 0.6754807692307693 0.5528846153846155 0.7451923076923077 0.6033653846153848 0.7451923076923077
2 0.5480769230769232 0.6899038461538461 0.48557692307692324 0.6899038461538461 0.48557692307692324 0.7764423076923077 0.5480769230769232 0.7764423076923077
4 0.2524038461538462 0.6971153846153846 0.20192307692307698 0.6971153846153846 0.20192307692307698 0.78125 0.2524038461538462 0.78125
4 0.6466346153846154 0.7211538461538461 0.591346153846154 0.7211538461538461 0.591346153846154 0.7956730769230769 0.6466346153846154 0.7956730769230769
4 0.3677884615384617 0.7307692307692307 0.3052884615384616 0.7307692307692307 0.3052884615384616 0.8100961538461539 0.3677884615384617 0.8100961538461539
4 0.26682692307692313 0.7451923076923077 0.20913461538461545 0.7451923076923077 0.20913461538461545 0.8317307692307693 0.26682692307692313 0.8317307692307693
4 0.6730769230769231 0.7620192307692307 0.6129807692307694 0.7620192307692307 0.6129807692307694 0.8389423076923077 0.6730769230769231 0.8389423076923077
2 0.5769230769230771 0.7620192307692307 0.5144230769230771 0.7620192307692307 0.5144230769230771 0.8413461538461539 0.5769230769230771 0.8413461538461539
2 0.9711538461538461 0.7668269230769231 0.9038461538461539 0.7668269230769231 0.9038461538461539 0.8846153846153846 0.9711538461538461 0.8846153846153846
2 0.4495192307692309 0.8004807692307693 0.3822115384615386 0.8004807692307693 0.3822115384615386 0.9182692307692307 0.4495192307692309 0.9182692307692307
4 0.5168269230769232 0.8894230769230769 0.44711538461538475 0.8894230769230769 0.44711538461538475 0.9783653846153846 0.5168269230769232 0.9783653846153846
4 0.6995192307692307 0.9230769230769231 0.6177884615384616 0.9230769230769231 0.6177884615384616 0.9975961538461539 0.6995192307692307 0.9975961538461539