4 0.24519230769230776 0.31490384615384615 0.2163461538461539 0.31490384615384615 0.2163461538461539 0.35096153846153844 0.24519230769230776 0.35096153846153844
4 0.28125000000000006 0.31971153846153844 0.2524038461538462 0.31971153846153844 0.2524038461538462 0.3581730769230769 0.28125000000000006 0.3581730769230769
4 0.3245192307692308 0.3245192307692308 0.295673076923077 0.3245192307692308 0.295673076923077 0.3629807692307692 0.3245192307692308 0.3629807692307692
8 0.2283653846153847 0.31490384615384615 0.18269230769230776 0.31490384615384615 0.18269230769230776 0.41346153846153844 0.2283653846153847 0.41346153846153844
5 0.2740384615384616 0.34375 0.23557692307692316 0.34375 0.23557692307692316 0.40384615384615385 0.2740384615384616 0.40384615384615385
5 0.3125 0.3942307692307692 0.2716346153846155 0.3942307692307692 0.2716346153846155 0.4519230769230769 0.3125 0.4519230769230769
2 0.42788461538461536 0.3942307692307692 0.38221153846153844 0.3942307692307692 0.38221153846153844 0.46634615384615385 0.42788461538461536 0.46634615384615385
2 0.375 0.40625 0.3245192307692308 0.40625 0.3245192307692308 0.47115384615384615 0.375 0.47115384615384615
4 0.28125000000000006 0.4735576923076923 0.2283653846153847 0.4735576923076923 0.2283653846153847 0.5456730769230769 0.28125000000000006 0.5456730769230769
4 0.3798076923076924 0.5024038461538461 0.3173076923076923 0.5024038461538461 0.3173076923076924 0.5841346153846154 0.37980769230769246 0.5841346153846154
2 0.4879807692307693 0.49278846153846156 0.4110576923076923 0.49278846153846156 0.4110576923076924 0.6153846153846154 0.4879807692307694 0.6153846153846154