2 0.5480769230769232 0.5985576923076923 0.5024038461538463 0.5985576923076923 0.5024038461538463 0.6778846153846154 0.5480769230769232 0.6778846153846154
4 0.2524038461538462 0.6634615384615384 0.19951923076923084 0.6634615384615384 0.19951923076923084 0.7259615384615384 0.2524038461538462 0.7259615384615384
2 0.5096153846153848 0.65625 0.4567307692307694 0.65625 0.4567307692307694 0.7331730769230769 0.5096153846153848 0.7331730769230769
5 0.5985576923076924 0.65625 0.5336538461538463 0.65625 0.5336538461538463 0.7355769230769231 0.5985576923076924 0.7355769230769231
4 0.4254807692307694 0.6706730769230769 0.3701923076923078 0.6706730769230769 0.3701923076923078 0.7620192307692307 0.4254807692307694 0.7620192307692307
2 0.36057692307692324 0.6802884615384616 0.29807692307692313 0.6802884615384616 0.29807692307692313 0.7716346153846154 0.36057692307692324 0.7716346153846154
9 0.6682692307692307 0.7019230769230769 0.6033653846153848 0.7019230769230769 0.6033653846153848 0.8173076923076923 0.6682692307692307 0.8173076923076923
5 0.5817307692307694 0.7307692307692307 0.5168269230769232 0.7307692307692307 0.5168269230769232 0.8293269230769231 0.5817307692307694 0.8293269230769231
2 0.28365384615384626 0.7379807692307693 0.22115384615384623 0.7379807692307693 0.22115384615384626 0.8894230769230769 0.2836538461538463 0.8894230769230769
8 0.8894230769230769 0.78125 0.8269230769230769 0.78125 0.8269230769230769 0.8798076923076923 0.8894230769230769 0.8798076923076923
2 0.9735576923076923 0.7884615384615384 0.90625 0.7884615384615384 0.90625 0.8774038461538461 0.9735576923076923 0.8774038461538461
4 0.7572115384615384 0.8365384615384616 0.6947115384615384 0.8365384615384616 0.6947115384615384 0.9375 0.7572115384615384 0.9375
2 0.7067307692307693 0.8317307692307693 0.6177884615384616 0.8317307692307693 0.6177884615384616 1 0.7067307692307693 1