2 0.5480769230769231 0.3052884615384616 0.5096153846153846 0.3052884615384616 0.5096153846153846 0.3605769230769231 0.5480769230769231 0.3605769230769231
8 0.6995192307692307 0.2836538461538462 0.6129807692307693 0.2836538461538462 0.6129807692307693 0.3942307692307694 0.6995192307692307 0.3942307692307694
2 0.40625 0.3173076923076923 0.36538461538461536 0.3173076923076923 0.36538461538461536 0.38221153846153844 0.40625 0.38221153846153844
8 0.3269230769230769 0.2884615384615385 0.264423076923077 0.28846153846153844 0.264423076923077 0.4230769230769231 0.3269230769230769 0.4230769230769231
2 0.6177884615384616 0.3629807692307694 0.5625 0.3629807692307694 0.5625 0.4375000000000001 0.6177884615384616 0.4375000000000001
4 0.7019230769230769 0.38942307692307704 0.6466346153846154 0.38942307692307704 0.6466346153846154 0.45432692307692324 0.7019230769230769 0.45432692307692324
5 0.8485576923076923 0.41105769230769246 0.7764423076923077 0.41105769230769246 0.7764423076923077 0.4927884615384617 0.8485576923076923 0.4927884615384617
2 0.4254807692307692 0.4182692307692308 0.37740384615384615 0.4182692307692308 0.37740384615384615 0.49038461538461536 0.4254807692307692 0.49038461538461536
5 0.6225961538461539 0.4567307692307694 0.5625 0.4567307692307694 0.5625 0.5408653846153848 0.6225961538461539 0.5408653846153848
2 0.3798076923076923 0.45913461538461536 0.31971153846153844 0.45913461538461536 0.31971153846153844 0.5456730769230769 0.3798076923076923 0.5456730769230769
4 0.8629807692307693 0.4615384615384617 0.78125 0.4615384615384617 0.78125 0.5504807692307694 0.8629807692307693 0.5504807692307694
2 0.591346153846154 0.5048076923076924 0.5120192307692307 0.5048076923076923 0.5120192307692308 0.6057692307692308 0.591346153846154 0.605769230769231