4 0.8125 0.3149038461538463 0.7620192307692307 0.3149038461538463 0.7620192307692307 0.3942307692307694 0.8125 0.3942307692307694
2 0.75 0.3317307692307694 0.6923076923076923 0.3317307692307694 0.6923076923076923 0.42788461538461553 0.75 0.42788461538461553
9 0.4951923076923077 0.33413461538461536 0.44471153846153844 0.33413461538461536 0.44471153846153844 0.42788461538461536 0.4951923076923077 0.42788461538461536
5 0.40384615384615385 0.4182692307692308 0.34134615384615385 0.4182692307692308 0.34134615384615385 0.5048076923076923 0.40384615384615385 0.5048076923076923
2 0.5024038461538461 0.43509615384615385 0.43990384615384615 0.43509615384615385 0.43990384615384615 0.5336538461538461 0.5024038461538461 0.5336538461538461
4 0.22596153846153852 0.43990384615384615 0.17307692307692316 0.43990384615384615 0.17307692307692316 0.53125 0.22596153846153852 0.53125
8 0.2836538461538462 0.45913461538461536 0.17067307692307698 0.45913461538461536 0.17067307692307698 0.6610576923076923 0.2836538461538462 0.6610576923076923
9 0.7620192307692307 0.5144230769230771 0.6826923076923077 0.5144230769230771 0.6826923076923077 0.6850961538461539 0.7620192307692307 0.6850961538461539
4 0.9927884615384616 0.605769230769231 0.8966346153846154 0.605769230769231 0.8966346153846154 0.7548076923076923 0.9927884615384616 0.7548076923076923
4 0.4711538461538463 0.65625 0.3774038461538463 0.65625 0.3774038461538463 0.7884615384615384 0.4711538461538463 0.7884615384615384
8 0.22115384615384626 0.5096153846153846 6.240988495654781e-17 0.5096153846153846 9.243728243564156e-17 1 0.22115384615384628 1