9 0.6586538461538461 0.23557692307692316 0.6201923076923077 0.23557692307692316 0.6201923076923077 0.2836538461538462 0.6586538461538461 0.2836538461538462
2 0.78125 0.24278846153846162 0.7451923076923077 0.24278846153846162 0.7451923076923077 0.3197115384615386 0.78125 0.3197115384615386
4 0.5985576923076923 0.27644230769230776 0.5600961538461539 0.27644230769230776 0.5600961538461539 0.3197115384615386 0.5985576923076923 0.3197115384615386
2 0.8052884615384616 0.26682692307692313 0.7668269230769231 0.26682692307692313 0.7668269230769231 0.34134615384615397 0.8052884615384616 0.34134615384615397
4 0.6802884615384616 0.2860576923076924 0.6442307692307693 0.2860576923076924 0.6442307692307693 0.32692307692307704 0.6802884615384616 0.32692307692307704
2 0.9134615384615384 0.2836538461538463 0.875 0.2836538461538463 0.875 0.33413461538461553 0.9134615384615384 0.33413461538461553
4 0.5865384615384616 0.29807692307692313 0.5456730769230769 0.29807692307692313 0.5456730769230769 0.3485576923076924 0.5865384615384616 0.34855769230769246
1 0.5408653846153846 0.3125 0.5144230769230769 0.3125 0.5144230769230769 0.3557692307692308 0.5408653846153846 0.3557692307692308
4 0.6754807692307693 0.3125000000000001 0.6418269230769231 0.3125000000000001 0.6418269230769231 0.36057692307692324 0.6754807692307693 0.36057692307692324
2 0.4735576923076923 0.3269230769230769 0.4206730769230769 0.3269230769230769 0.4206730769230769 0.3894230769230769 0.4735576923076923 0.3894230769230769
8 0.8509615384615384 0.33413461538461553 0.8100961538461539 0.33413461538461553 0.8100961538461539 0.3942307692307694 0.8509615384615384 0.3942307692307694
4 0.5096153846153846 0.33653846153846156 0.46634615384615385 0.33653846153846156 0.46634615384615385 0.40384615384615385 0.5096153846153846 0.40384615384615385
8 0.7427884615384616 0.3557692307692309 0.6826923076923077 0.3557692307692309 0.6826923076923077 0.4495192307692309 0.7427884615384616 0.4495192307692309
4 0.8701923076923077 0.44230769230769246 0.8173076923076923 0.44230769230769246 0.8173076923076923 0.5312500000000001 0.8701923076923077 0.5312500000000001
1 0.3173076923076923 0.46634615384615385 0.2836538461538462 0.46634615384615385 0.2836538461538462 0.53125 0.3173076923076923 0.53125
2 0.40625 0.4543269230769231 0.3293269230769231 0.4543269230769231 0.3293269230769231 0.5432692307692307 0.40625 0.5432692307692307
2 0.5745192307692308 0.4735576923076924 0.49038461538461536 0.4735576923076923 0.4903846153846155 0.5937500000000001 0.574519230769231 0.5937500000000001
2 0.7307692307692307 0.5721153846153848 0.65625 0.5721153846153848 0.65625 0.7019230769230769 0.7307692307692307 0.7019230769230769
2 0.2596153846153847 0.6586538461538461 0.108173076923077 0.6586538461538461 0.10817307692307701 0.8004807692307693 0.2596153846153847 0.8004807692307693
4 0.28365384615384626 0.8197115384615384 0.11538461538461549 0.8197115384615384 0.1153846153846155 1 0.2836538461538463 1
4 0.574519230769231 0.8509615384615384 0.44711538461538475 0.8509615384615384 0.44711538461538475 1 0.574519230769231 1