4 0.2716346153846155 0.6658653846153846 0.20913461538461545 0.6658653846153846 0.20913461538461545 0.7451923076923077 0.2716346153846155 0.7451923076923077
4 0.35336538461538475 0.6730769230769231 0.2908653846153847 0.6730769230769231 0.2908653846153847 0.7740384615384616 0.35336538461538475 0.7740384615384616
2 0.9783653846153846 0.6875 0.9038461538461539 0.6875 0.9038461538461539 0.8197115384615384 0.9783653846153846 0.8197115384615384
2 0.19471153846153852 0.7043269230769231 0.11538461538461549 0.7043269230769231 0.11538461538461549 0.8100961538461539 0.19471153846153852 0.8100961538461539
9 0.84375 0.7283653846153846 0.7668269230769231 0.7283653846153846 0.7668269230769231 0.84375 0.84375 0.84375
5 0.6129807692307694 0.7331730769230769 0.5216346153846155 0.7331730769230769 0.5216346153846155 0.8557692307692307 0.6129807692307694 0.8557692307692307
2 0.3389423076923078 0.75 0.26201923076923084 0.75 0.2620192307692309 0.8485576923076923 0.3389423076923078 0.8485576923076923
5 0.28846153846153855 0.7932692307692307 0.20432692307692316 0.7932692307692307 0.20432692307692318 0.9206730769230769 0.2884615384615386 0.9206730769230769
4 0.5216346153846155 0.8365384615384616 0.4447115384615386 0.8365384615384616 0.4447115384615386 0.9399038461538461 0.5216346153846155 0.9399038461538461
4 0.15625000000000014 0.8509615384615384 0.0625000000000001 0.8509615384615384 0.06250000000000011 0.9615384615384616 0.15625000000000014 0.9615384615384616
2 0.7980769230769231 0.8774038461538461 0.7163461538461539 0.8774038461538461 0.7163461538461539 1 0.7980769230769231 1
4 0.4639423076923078 0.8966346153846154 0.3437500000000001 0.8966346153846154 0.3437500000000001 1 0.4639423076923078 1