2 0.39663461538461536 0.4375 0.34615384615384615 0.4375 0.34615384615384615 0.5024038461538461 0.39663461538461536 0.5024038461538461
8 0.1850961538461539 0.4495192307692308 0.07451923076923082 0.4495192307692308 0.07451923076923082 0.5889423076923077 0.1850961538461539 0.5889423076923077
2 0.36057692307692313 0.5096153846153846 0.29326923076923084 0.5096153846153846 0.29326923076923084 0.5985576923076923 0.36057692307692324 0.5985576923076923
5 0.5937500000000001 0.5168269230769231 0.5360576923076923 0.5168269230769231 0.5360576923076924 0.6105769230769231 0.5937500000000001 0.6105769230769232
2 0.6682692307692307 0.528846153846154 0.6153846153846154 0.528846153846154 0.6153846153846154 0.6009615384615385 0.6682692307692307 0.6009615384615385
4 0.4879807692307693 0.5552884615384616 0.4254807692307692 0.5552884615384616 0.4254807692307693 0.6298076923076923 0.4879807692307694 0.6298076923076923
4 0.5168269230769232 0.6225961538461539 0.4567307692307694 0.6225961538461539 0.4567307692307694 0.7043269230769231 0.5168269230769232 0.7043269230769231
5 0.6201923076923077 0.6081730769230771 0.560096153846154 0.6081730769230771 0.560096153846154 0.7163461538461539 0.6201923076923077 0.7163461538461539
4 0.5721153846153848 0.6802884615384616 0.5048076923076924 0.6802884615384616 0.5048076923076924 0.8028846153846154 0.5721153846153848 0.8028846153846154
4 0.512019230769231 0.8413461538461539 0.4254807692307694 0.8413461538461539 0.4254807692307694 0.9591346153846154 0.512019230769231 0.9591346153846154
2 0.21394230769230782 0.8533653846153846 0.10336538461538472 0.8533653846153846 0.10336538461538473 1 0.21394230769230782 1