2 0.6081730769230771 0.6129807692307693 0.5552884615384617 0.6129807692307693 0.5552884615384617 0.6995192307692307 0.6081730769230771 0.6995192307692307
2 0.7860576923076923 0.6466346153846154 0.7379807692307693 0.6466346153846154 0.7379807692307693 0.7283653846153846 0.7860576923076923 0.7283653846153846
8 0.5000000000000001 0.6033653846153846 0.40384615384615397 0.6033653846153846 0.40384615384615397 0.7980769230769231 0.5000000000000001 0.7980769230769231
4 0.560096153846154 0.6802884615384616 0.5024038461538463 0.6802884615384616 0.5024038461538463 0.7572115384615384 0.560096153846154 0.7572115384615384
4 0.6658653846153846 0.6899038461538461 0.6081730769230771 0.6899038461538461 0.6081730769230771 0.7644230769230769 0.6658653846153846 0.7644230769230769
2 0.2836538461538462 0.6923076923076923 0.22115384615384623 0.6923076923076923 0.22115384615384623 0.7716346153846154 0.2836538461538462 0.7716346153846154
2 0.8581730769230769 0.6923076923076923 0.7980769230769231 0.6923076923076923 0.7980769230769231 0.7884615384615384 0.8581730769230769 0.7884615384615384
4 0.7235576923076923 0.7403846153846154 0.6538461538461539 0.7403846153846154 0.6538461538461539 0.8269230769230769 0.7235576923076923 0.8269230769230769
2 1 0.7379807692307693 0.9447115384615384 0.7379807692307693 0.9447115384615384 0.8341346153846154 1 0.8341346153846154
4 0.6177884615384616 0.7475961538461539 0.5480769230769232 0.7475961538461539 0.5480769230769232 0.8293269230769231 0.6177884615384616 0.8293269230769231
4 0.2860576923076924 0.7596153846153846 0.22115384615384623 0.7596153846153846 0.22115384615384626 0.84375 0.28605769230769246 0.84375
4 0.45913461538461553 0.7980769230769231 0.39182692307692324 0.7980769230769231 0.39182692307692324 0.8870192307692307 0.45913461538461553 0.8870192307692307
4 0.6730769230769231 0.8221153846153846 0.6033653846153848 0.8221153846153846 0.6033653846153848 0.9158653846153846 0.6730769230769231 0.9158653846153846
2 0.3677884615384617 0.8317307692307693 0.2860576923076924 0.8317307692307693 0.2860576923076924 0.90625 0.3677884615384617 0.90625