2 0.25000000000000006 0.28125 0.2163461538461539 0.28125 0.2163461538461539 0.3245192307692308 0.25000000000000006 0.3245192307692308
2 0.21394230769230776 0.28365384615384615 0.18028846153846162 0.28365384615384615 0.18028846153846162 0.3317307692307692 0.21394230769230776 0.3317307692307692
2 0.5240384615384616 0.2716346153846155 0.47596153846153844 0.2716346153846155 0.47596153846153844 0.34375 0.5240384615384616 0.34375
4 0.4423076923076923 0.3076923076923077 0.39663461538461536 0.3076923076923077 0.39663461538461536 0.35336538461538464 0.4423076923076923 0.35336538461538464
2 0.5072115384615384 0.31009615384615385 0.4639423076923077 0.31009615384615385 0.4639423076923077 0.3798076923076923 0.5072115384615384 0.3798076923076923
2 0.6153846153846154 0.30769230769230776 0.5504807692307693 0.3076923076923077 0.5504807692307693 0.3990384615384616 0.6153846153846154 0.3990384615384617
2 0.8894230769230769 0.43509615384615397 0.7788461538461539 0.43509615384615397 0.7788461538461539 0.5552884615384617 0.8894230769230769 0.5552884615384617
2 0.5048076923076924 0.4735576923076923 0.4206730769230769 0.4735576923076923 0.420673076923077 0.5721153846153846 0.5048076923076924 0.5721153846153846
8 0.28125000000000006 0.41586538461538464 0.14423076923076927 0.41586538461538464 0.14423076923076927 0.6394230769230769 0.28125000000000006 0.6394230769230769
2 0.5865384615384617 0.6201923076923077 0.47836538461538475 0.6201923076923077 0.47836538461538475 0.7572115384615384 0.5865384615384617 0.7572115384615384
8 0.6298076923076923 0.6802884615384616 0.39182692307692324 0.6802884615384616 0.39182692307692324 1 0.6298076923076923 1
2 0.9975961538461539 0.7283653846153846 0.7836538461538461 0.7283653846153846 0.7836538461538461 1 0.9975961538461539 1