4 0.9254807692307693 0.247596153846154 0.8966346153846154 0.247596153846154 0.8966346153846154 0.28605769230769246 0.9254807692307693 0.28605769230769246
4 0.6322115384615384 0.26201923076923084 0.5961538461538461 0.26201923076923084 0.5961538461538461 0.29807692307692313 0.6322115384615384 0.29807692307692313
4 0.6947115384615384 0.2788461538461539 0.6586538461538461 0.2788461538461539 0.6586538461538461 0.3245192307692309 0.6947115384615384 0.3245192307692309
4 0.8798076923076923 0.2764423076923078 0.8485576923076923 0.2764423076923078 0.8485576923076923 0.34134615384615397 0.8798076923076923 0.34134615384615397
9 0.8149038461538461 0.28846153846153855 0.7740384615384616 0.28846153846153855 0.7740384615384616 0.35336538461538475 0.8149038461538461 0.35336538461538475
2 0.6394230769230769 0.3149038461538463 0.59375 0.3149038461538463 0.59375 0.3750000000000001 0.6394230769230769 0.3750000000000001
4 0.7091346153846154 0.3389423076923078 0.6586538461538461 0.3389423076923078 0.6586538461538461 0.40384615384615397 0.7091346153846154 0.40384615384615397
2 0.7980769230769231 0.3437500000000001 0.7451923076923077 0.3437500000000001 0.7451923076923077 0.4302884615384617 0.7980769230769231 0.4302884615384617
2 0.5600961538461539 0.358173076923077 0.49759615384615385 0.3581730769230769 0.49759615384615385 0.41826923076923084 0.5600961538461539 0.4182692307692309
2 0.4639423076923077 0.39663461538461536 0.39663461538461536 0.39663461538461536 0.39663461538461536 0.46634615384615385 0.4639423076923077 0.46634615384615385
4 0.7908653846153846 0.4375000000000001 0.7331730769230769 0.4375000000000001 0.7331730769230769 0.528846153846154 0.7908653846153846 0.528846153846154
8 0.8677884615384616 0.39663461538461553 0.7908653846153846 0.39663461538461553 0.7908653846153846 0.574519230769231 0.8677884615384616 0.574519230769231
9 0.22115384615384623 0.5961538461538461 0.09615384615384623 0.5961538461538461 0.09615384615384624 0.7211538461538461 0.22115384615384623 0.7211538461538461
4 0.3942307692307694 0.7043269230769231 0.26201923076923084 0.7043269230769231 0.2620192307692309 0.8653846153846154 0.3942307692307694 0.8653846153846154
2 0.5144230769230771 0.75 0.39182692307692324 0.75 0.39182692307692324 0.9543269230769231 0.5144230769230771 0.9543269230769231