8 0.44471153846153855 0.5504807692307693 0.3942307692307692 0.5504807692307693 0.3942307692307693 0.6346153846153846 0.4447115384615386 0.6346153846153846
2 0.5408653846153848 0.5721153846153846 0.4807692307692309 0.5721153846153846 0.4807692307692309 0.6754807692307693 0.5408653846153848 0.6754807692307693
2 0.3317307692307694 0.6105769230769231 0.2716346153846155 0.6105769230769231 0.2716346153846155 0.7067307692307693 0.3317307692307694 0.7067307692307693
8 0.2067307692307693 0.6057692307692307 0.11538461538461545 0.6057692307692307 0.11538461538461547 0.7884615384615384 0.2067307692307693 0.7884615384615384
2 0.3004807692307693 0.6610576923076923 0.2283653846153847 0.6610576923076923 0.2283653846153847 0.7884615384615384 0.3004807692307693 0.7884615384615384
4 1 0.7283653846153846 0.9254807692307693 0.7283653846153846 0.9254807692307693 0.8173076923076923 1 0.8173076923076923
2 0.264423076923077 0.7379807692307693 0.2067307692307693 0.7379807692307693 0.2067307692307693 0.8341346153846154 0.264423076923077 0.8341346153846154
2 0.7403846153846154 0.7043269230769231 0.6610576923076923 0.7043269230769231 0.6610576923076923 0.8822115384615384 0.7403846153846154 0.8822115384615384
8 0.6370192307692307 0.71875 0.5216346153846155 0.71875 0.5216346153846155 0.9206730769230769 0.6370192307692307 0.9206730769230769
2 0.8846153846153846 0.7548076923076923 0.7932692307692307 0.7548076923076923 0.7932692307692307 0.9134615384615384 0.8846153846153846 0.9134615384615384
5 0.185096153846154 0.84375 0.09855769230769242 0.84375 0.09855769230769243 0.9807692307692307 0.185096153846154 0.9807692307692307