2 0.18750000000000006 0.5288461538461539 0.14182692307692316 0.5288461538461539 0.14182692307692316 0.6274038461538461 0.18750000000000006 0.6274038461538461
8 0.10336538461538468 0.53125 0.03846153846153853 0.53125 0.03846153846153854 0.6418269230769231 0.10336538461538468 0.6418269230769231
2 0.23557692307692316 0.5600961538461539 0.19951923076923084 0.5600961538461539 0.19951923076923084 0.6394230769230769 0.23557692307692316 0.6394230769230769
2 0.5480769230769231 0.5528846153846154 0.4879807692307692 0.5528846153846154 0.4879807692307693 0.6634615384615384 0.5480769230769232 0.6634615384615384
4 0.45913461538461553 0.5913461538461539 0.41105769230769246 0.5913461538461539 0.41105769230769246 0.65625 0.45913461538461553 0.65625
2 0.7139423076923077 0.5793269230769232 0.6418269230769231 0.5793269230769232 0.6418269230769231 0.7019230769230769 0.7139423076923077 0.7019230769230769
2 0.21394230769230776 0.6394230769230769 0.15865384615384623 0.6394230769230769 0.15865384615384623 0.71875 0.21394230769230776 0.71875
2 0.3149038461538463 0.6634615384615384 0.2524038461538462 0.6634615384615384 0.2524038461538462 0.7740384615384616 0.3149038461538463 0.7740384615384616
8 1 0.6778846153846154 0.8173076923076923 0.6778846153846154 0.8173076923076923 0.9927884615384616 1 0.9927884615384616
8 0.18509615384615394 0.8149038461538461 0.033653846153846256 0.8149038461538461 0.03365384615384626 1 0.185096153846154 1
5 0.7884615384615384 0.8533653846153846 0.6802884615384616 0.8533653846153846 0.6802884615384616 1 0.7884615384615384 1