2 0.5072115384615385 0.5793269230769231 0.4615384615384617 0.5793269230769231 0.4615384615384617 0.6370192307692307 0.5072115384615385 0.6370192307692307
4 0.4062500000000001 0.5913461538461539 0.37259615384615397 0.5913461538461539 0.37259615384615397 0.6418269230769231 0.4062500000000001 0.6418269230769231
2 0.3125000000000001 0.59375 0.26201923076923084 0.59375 0.26201923076923084 0.6634615384615384 0.3125000000000001 0.6634615384615384
2 0.3750000000000001 0.6057692307692307 0.3317307692307694 0.6057692307692307 0.3317307692307694 0.6658653846153846 0.3750000000000001 0.6658653846153846
4 0.4447115384615386 0.6225961538461539 0.39663461538461553 0.6225961538461539 0.39663461538461553 0.7019230769230769 0.4447115384615386 0.7019230769230769
2 0.32692307692307704 0.6466346153846154 0.2740384615384616 0.6466346153846154 0.2740384615384616 0.7355769230769231 0.32692307692307704 0.7355769230769231
2 0.3942307692307694 0.6490384615384616 0.34855769230769246 0.6490384615384616 0.34855769230769246 0.7307692307692307 0.3942307692307694 0.7307692307692307
2 0.574519230769231 0.6634615384615384 0.5048076923076924 0.6634615384615384 0.5048076923076924 0.8028846153846154 0.574519230769231 0.8028846153846154
2 0.5072115384615385 0.6995192307692307 0.44230769230769246 0.6995192307692307 0.44230769230769246 0.8052884615384616 0.5072115384615385 0.8052884615384616
2 0.45192307692307704 0.7355769230769231 0.37980769230769246 0.7355769230769231 0.37980769230769246 0.8677884615384616 0.45192307692307704 0.8677884615384616
2 0.3677884615384617 0.7644230769230769 0.3028846153846155 0.7644230769230769 0.3028846153846155 0.8894230769230769 0.3677884615384617 0.8894230769230769
2 0.7740384615384616 0.7716346153846154 0.6586538461538461 0.7716346153846154 0.6586538461538461 0.9447115384615384 0.7740384615384616 0.9447115384615384
4 0.5889423076923078 0.8293269230769231 0.5096153846153848 0.8293269230769231 0.5096153846153848 0.96875 0.5889423076923078 0.96875
2 0.5024038461538463 0.8269230769230769 0.42307692307692324 0.8269230769230769 0.42307692307692324 0.9975961538461539 0.5024038461538463 0.9975961538461539