2 0.2548076923076924 0.5192307692307693 0.21394230769230776 0.5192307692307693 0.21394230769230776 0.6081730769230769 0.2548076923076924 0.6081730769230769
2 0.5312500000000001 0.5264423076923077 0.4807692307692308 0.5264423076923077 0.48076923076923084 0.6370192307692307 0.5312500000000001 0.6370192307692307
4 0.46394230769230776 0.5528846153846154 0.4206730769230769 0.5528846153846154 0.420673076923077 0.6225961538461539 0.4639423076923078 0.6225961538461539
2 0.1754807692307693 0.5432692307692307 0.1177884615384616 0.5432692307692307 0.1177884615384616 0.6610576923076923 0.1754807692307693 0.6610576923076923
4 0.3149038461538463 0.5793269230769231 0.2716346153846155 0.5793269230769231 0.2716346153846155 0.6466346153846154 0.3149038461538463 0.6466346153846154
2 0.6754807692307693 0.5552884615384617 0.6274038461538461 0.5552884615384617 0.6274038461538461 0.6682692307692307 0.6754807692307693 0.6682692307692307
2 0.2283653846153847 0.6129807692307693 0.17307692307692316 0.6129807692307693 0.17307692307692316 0.6899038461538461 0.2283653846153847 0.6899038461538461
2 0.21394230769230776 0.6995192307692307 0.16346153846153852 0.6995192307692307 0.16346153846153852 0.78125 0.21394230769230776 0.78125
8 0.84375 0.5985576923076924 0.6971153846153846 0.5985576923076924 0.6971153846153846 0.8990384615384616 0.84375 0.8990384615384616
2 0.3365384615384617 0.7307692307692307 0.2716346153846155 0.7307692307692307 0.2716346153846155 0.8461538461538461 0.3365384615384617 0.8461538461538461
5 0.6225961538461539 0.7427884615384616 0.543269230769231 0.7427884615384616 0.543269230769231 0.8701923076923077 0.6225961538461539 0.8701923076923077
2 0.7475961538461539 0.7331730769230769 0.6634615384615384 0.7331730769230769 0.6634615384615384 0.8966346153846154 0.7475961538461539 0.8966346153846154