2 0.5480769230769231 0.37740384615384615 0.47596153846153844 0.37740384615384615 0.47596153846153844 0.5024038461538461 0.5480769230769231 0.5024038461538461
4 0.96875 0.5360576923076924 0.8533653846153846 0.5360576923076924 0.8533653846153846 0.6875 0.96875 0.6875
9 0.7283653846153846 0.5456730769230771 0.59375 0.5456730769230771 0.5937500000000001 0.6923076923076923 0.7283653846153846 0.6923076923076923
4 0.8509615384615384 0.5889423076923078 0.7331730769230769 0.5889423076923078 0.7331730769230769 0.7379807692307693 0.8509615384615384 0.7379807692307693
2 0.7475961538461539 0.6947115384615384 0.5865384615384617 0.6947115384615384 0.5865384615384617 0.9014423076923077 0.7475961538461539 0.9014423076923077
4 0.1682692307692309 0.8629807692307693 0.04326923076923087 0.8629807692307693 0.04326923076923088 0.9807692307692307 0.1682692307692309 0.9807692307692307
2 0.39903846153846156 0.2524038461538462 0.35096153846153844 0.2524038461538462 0.35096153846153844 0.3389423076923077 0.39903846153846156 0.3389423076923077
4 0.4639423076923077 0.295673076923077 0.43509615384615385 0.295673076923077 0.43509615384615385 0.35096153846153844 0.4639423076923077 0.35096153846153844
4 0.4326923076923077 0.3076923076923077 0.3918269230769231 0.3076923076923077 0.3918269230769231 0.37259615384615385 0.4326923076923077 0.37259615384615385
4 0.5096153846153846 0.3317307692307692 0.46153846153846156 0.3317307692307692 0.46153846153846156 0.39903846153846156 0.5096153846153846 0.39903846153846156
2 0.6177884615384616 0.326923076923077 0.5576923076923077 0.3269230769230769 0.5576923076923077 0.4038461538461539 0.6177884615384616 0.40384615384615397
4 0.7379807692307693 0.35817307692307704 0.6706730769230769 0.35817307692307704 0.6706730769230769 0.44711538461538475 0.7379807692307693 0.44711538461538475