9 0.44711538461538464 0.35096153846153844 0.40625 0.35096153846153844 0.40625 0.41346153846153844 0.44711538461538464 0.41346153846153844
2 0.5673076923076923 0.4302884615384616 0.5360576923076923 0.43028846153846156 0.5360576923076923 0.4879807692307693 0.5673076923076923 0.4879807692307694
2 0.6153846153846154 0.4711538461538463 0.5841346153846154 0.4711538461538463 0.5841346153846154 0.5384615384615385 0.6153846153846154 0.5384615384615385
8 0.18990384615384623 0.45913461538461536 0.14182692307692316 0.45913461538461536 0.14182692307692316 0.5576923076923077 0.18990384615384623 0.5576923076923077
2 0.40384615384615385 0.49278846153846156 0.3701923076923077 0.49278846153846156 0.3701923076923077 0.5576923076923077 0.40384615384615385 0.5576923076923077
5 0.25721153846153855 0.5048076923076923 0.21875000000000006 0.5048076923076923 0.21875000000000006 0.5697115384615384 0.25721153846153855 0.5697115384615384
2 0.8341346153846154 0.5168269230769232 0.7860576923076923 0.5168269230769232 0.7860576923076923 0.605769230769231 0.8341346153846154 0.605769230769231
8 0.4423076923076924 0.5456730769230769 0.40625 0.5456730769230769 0.40625000000000006 0.625 0.44230769230769246 0.625
4 0.1658653846153847 0.5552884615384616 0.13221153846153852 0.5552884615384616 0.13221153846153852 0.6201923076923077 0.1658653846153847 0.6201923076923077
4 0.21153846153846162 0.5769230769230769 0.16826923076923084 0.5769230769230769 0.16826923076923084 0.6322115384615384 0.21153846153846162 0.6322115384615384
4 0.20913461538461545 0.6201923076923077 0.17067307692307698 0.6201923076923077 0.17067307692307698 0.6802884615384616 0.20913461538461545 0.6802884615384616
4 0.8509615384615384 0.6274038461538461 0.7956730769230769 0.6274038461538461 0.7956730769230769 0.7115384615384616 0.8509615384615384 0.7115384615384616
2 0.6682692307692307 0.6274038461538461 0.6177884615384616 0.6274038461538461 0.6177884615384616 0.7211538461538461 0.6682692307692307 0.7211538461538461
4 0.12259615384615394 0.6418269230769231 0.06971153846153855 0.6418269230769231 0.06971153846153855 0.7163461538461539 0.12259615384615395 0.7163461538461539
4 0.7548076923076923 0.7163461538461539 0.6995192307692307 0.7163461538461539 0.6995192307692307 0.8173076923076923 0.7548076923076923 0.8173076923076923
4 0.9567307692307693 0.7764423076923077 0.8894230769230769 0.7764423076923077 0.8894230769230769 0.8774038461538461 0.9567307692307693 0.8774038461538461
2 0.3052884615384616 0.8245192307692307 0.23317307692307698 0.8245192307692307 0.23317307692307704 0.9350961538461539 0.3052884615384617 0.9350961538461539