2 0.7115384615384616 0.5841346153846155 0.6586538461538461 0.5841346153846155 0.6586538461538461 0.6610576923076923 0.7115384615384616 0.6610576923076923
4 0.5889423076923078 0.5889423076923077 0.5408653846153848 0.5889423076923077 0.5408653846153848 0.6610576923076923 0.5889423076923078 0.6610576923076923
2 0.33413461538461553 0.6442307692307693 0.264423076923077 0.6442307692307693 0.264423076923077 0.7211538461538461 0.33413461538461553 0.7211538461538461
2 0.6153846153846154 0.6466346153846154 0.5504807692307694 0.6466346153846154 0.5504807692307694 0.7283653846153846 0.6153846153846154 0.7283653846153846
4 0.7451923076923077 0.6538461538461539 0.6971153846153846 0.6538461538461539 0.6971153846153846 0.7331730769230769 0.7451923076923077 0.7331730769230769
5 0.22115384615384623 0.65625 0.15865384615384623 0.65625 0.15865384615384623 0.7331730769230769 0.22115384615384623 0.7331730769230769
5 0.10817307692307701 0.6778846153846154 0.036057692307692395 0.6778846153846154 0.036057692307692395 0.7644230769230769 0.10817307692307702 0.7644230769230769
4 0.3629807692307694 0.6850961538461539 0.29326923076923084 0.6850961538461539 0.29326923076923084 0.7764423076923077 0.3629807692307694 0.7764423076923077
2 0.6466346153846154 0.71875 0.574519230769231 0.71875 0.574519230769231 0.8125 0.6466346153846154 0.8125
2 0.48557692307692324 0.7139423076923077 0.3990384615384617 0.7139423076923077 0.3990384615384617 0.8533653846153846 0.48557692307692324 0.8533653846153846
4 0.4495192307692309 0.8846153846153846 0.3677884615384617 0.8846153846153846 0.3677884615384617 1 0.4495192307692309 1
5 0.3365384615384617 0.8942307692307693 0.22836538461538475 0.8942307692307693 0.22836538461538475 1 0.3365384615384617 1