2 0.3750000000000001 0.6105769230769231 0.3317307692307694 0.6105769230769231 0.3317307692307694 0.6730769230769231 0.3750000000000001 0.6730769230769231
2 0.4447115384615386 0.6057692307692307 0.39663461538461553 0.6057692307692307 0.39663461538461553 0.6923076923076923 0.4447115384615386 0.6923076923076923
4 0.5096153846153848 0.6370192307692307 0.46634615384615397 0.6370192307692307 0.46634615384615397 0.7019230769230769 0.5096153846153848 0.7019230769230769
5 0.3245192307692309 0.6586538461538461 0.28125000000000006 0.6586538461538461 0.28125000000000006 0.7451923076923077 0.3245192307692309 0.7451923076923077
2 0.40384615384615397 0.6730769230769231 0.3557692307692309 0.6730769230769231 0.3557692307692309 0.7524038461538461 0.40384615384615397 0.7524038461538461
4 0.4807692307692309 0.6923076923076923 0.4254807692307694 0.6923076923076923 0.4254807692307694 0.7788461538461539 0.4807692307692309 0.7788461538461539
2 0.08653846153846162 0.6899038461538461 0.012019230769230855 0.6899038461538461 0.012019230769230862 0.7860576923076923 0.08653846153846165 0.7860576923076923
4 0.44230769230769246 0.7451923076923077 0.38461538461538475 0.7451923076923077 0.38461538461538475 0.8389423076923077 0.44230769230769246 0.8389423076923077
2 0.35336538461538475 0.75 0.2908653846153847 0.75 0.2908653846153847 0.8605769230769231 0.35336538461538475 0.8605769230769231
2 0.17548076923076933 0.7548076923076923 0.11057692307692318 0.7548076923076923 0.11057692307692318 0.8629807692307693 0.17548076923076936 0.8629807692307693
4 0.5528846153846155 0.7668269230769231 0.47355769230769246 0.7668269230769231 0.47355769230769246 0.8774038461538461 0.5528846153846155 0.8774038461538461
2 0.5072115384615385 0.8293269230769231 0.4182692307692309 0.8293269230769231 0.4182692307692309 0.9975961538461539 0.5072115384615385 0.9975961538461539
2 0.39663461538461553 0.8629807692307693 0.3052884615384617 0.8629807692307693 0.3052884615384617 1 0.39663461538461553 1