8 0.2860576923076924 0.5504807692307693 0.20913461538461545 0.5504807692307693 0.20913461538461545 0.6730769230769231 0.2860576923076924 0.6730769230769231
8 0.37019230769230776 0.5456730769230769 0.3004807692307693 0.5456730769230769 0.3004807692307693 0.7692307692307693 0.3701923076923078 0.7692307692307693
2 0.26201923076923084 0.6394230769230769 0.19951923076923084 0.6394230769230769 0.19951923076923084 0.7259615384615384 0.26201923076923084 0.7259615384615384
9 0.5528846153846155 0.6322115384615384 0.48557692307692324 0.6322115384615384 0.48557692307692324 0.7403846153846154 0.5528846153846155 0.7403846153846154
4 0.6370192307692307 0.6610576923076923 0.5865384615384617 0.6610576923076923 0.5865384615384617 0.7331730769230769 0.6370192307692307 0.7331730769230769
4 0.8461538461538461 0.7019230769230769 0.7860576923076923 0.7019230769230769 0.7860576923076923 0.7692307692307693 0.8461538461538461 0.7692307692307693
5 0.7163461538461539 0.7259615384615384 0.6490384615384616 0.7259615384615384 0.6490384615384616 0.8365384615384616 0.7163461538461539 0.8365384615384616
8 0.6129807692307694 0.7451923076923077 0.48317307692307704 0.7451923076923077 0.48317307692307704 0.9807692307692307 0.6129807692307694 0.9807692307692307
4 1 0.8173076923076923 0.9278846153846154 0.8173076923076923 0.9278846153846154 0.9206730769230769 1 0.9206730769230769
2 0.7115384615384616 0.8413461538461539 0.6322115384615384 0.8413461538461539 0.6322115384615384 0.9615384615384616 0.7115384615384616 0.9615384615384616
9 0.875 0.8461538461538461 0.7788461538461539 0.8461538461538461 0.7788461538461539 1 0.875 1