4 0.5 0.26682692307692313 0.47115384615384615 0.26682692307692313 0.47115384615384615 0.3004807692307693 0.5 0.3004807692307693
4 0.5480769230769231 0.28846153846153855 0.5144230769230769 0.28846153846153855 0.5144230769230769 0.3317307692307692 0.5480769230769231 0.3317307692307692
4 0.4855769230769231 0.3004807692307693 0.4519230769230769 0.3004807692307693 0.4519230769230769 0.35096153846153844 0.4855769230769231 0.35096153846153844
4 0.53125 0.3293269230769231 0.49278846153846156 0.3293269230769231 0.49278846153846156 0.37740384615384615 0.53125 0.37740384615384615
9 0.3485576923076923 0.3942307692307692 0.2716346153846155 0.3942307692307692 0.2716346153846155 0.4735576923076923 0.3485576923076923 0.4735576923076923
5 0.5697115384615384 0.3990384615384616 0.5168269230769231 0.39903846153846156 0.5168269230769231 0.47596153846153855 0.5697115384615384 0.4759615384615386
2 0.7740384615384616 0.4254807692307694 0.71875 0.4254807692307694 0.71875 0.5168269230769232 0.7740384615384616 0.5168269230769232
4 0.6971153846153846 0.44230769230769246 0.6490384615384616 0.44230769230769246 0.6490384615384616 0.5312500000000001 0.6971153846153846 0.5312500000000001
4 0.43028846153846156 0.45913461538461536 0.3629807692307692 0.45913461538461536 0.3629807692307692 0.5288461538461539 0.43028846153846156 0.5288461538461539
2 0.1850961538461539 0.5168269230769231 0.06730769230769237 0.5168269230769231 0.06730769230769237 0.6009615384615384 0.1850961538461539 0.6009615384615384
4 0.16826923076923084 0.5985576923076923 0.055288461538461606 0.5985576923076923 0.05528846153846161 0.6899038461538461 0.16826923076923084 0.6899038461538461
2 0.42067307692307704 0.7836538461538461 0.28846153846153855 0.7836538461538461 0.28846153846153855 0.9855769230769231 0.42067307692307704 0.9855769230769231