8 0.15865384615384623 0.4495192307692308 0.076923076923077 0.4495192307692308 0.076923076923077 0.5745192307692307 0.15865384615384623 0.5745192307692307
8 0.7283653846153846 0.47355769230769246 0.65625 0.47355769230769246 0.65625 0.6201923076923077 0.7283653846153846 0.6201923076923077
8 0.6466346153846154 0.49759615384615397 0.5841346153846154 0.49759615384615397 0.5841346153846154 0.6105769230769232 0.6466346153846154 0.6105769230769232
2 0.3149038461538463 0.5600961538461539 0.2692307692307693 0.5600961538461539 0.2692307692307693 0.6177884615384616 0.3149038461538463 0.6177884615384616
4 0.24038461538461545 0.59375 0.18990384615384623 0.59375 0.18990384615384623 0.65625 0.24038461538461545 0.65625
2 0.5456730769230771 0.6009615384615384 0.49759615384615397 0.6009615384615384 0.49759615384615397 0.6730769230769231 0.5456730769230771 0.6730769230769231
8 0.14423076923076933 0.5649038461538461 0.06009615384615392 0.5649038461538461 0.060096153846153924 0.7163461538461539 0.14423076923076933 0.7163461538461539
4 0.31009615384615397 0.6129807692307693 0.26201923076923084 0.6129807692307693 0.26201923076923084 0.6802884615384616 0.31009615384615397 0.6802884615384616
2 0.49038461538461553 0.6129807692307693 0.4326923076923078 0.6129807692307693 0.4326923076923078 0.6923076923076923 0.49038461538461553 0.6923076923076923
2 0.5480769230769232 0.6875 0.48317307692307704 0.6875 0.48317307692307704 0.7860576923076923 0.5480769230769232 0.7860576923076923
4 0.2548076923076924 0.7644230769230769 0.17788461538461545 0.7644230769230769 0.17788461538461547 0.8533653846153846 0.25480769230769246 0.8533653846153846
2 0.38942307692307704 0.8341346153846154 0.3052884615384616 0.8341346153846154 0.3052884615384616 0.9543269230769231 0.38942307692307704 0.9543269230769231
2 0.7836538461538461 0.875 0.6802884615384616 0.875 0.6802884615384616 1 0.7836538461538461 1
8 0.20673076923076936 0.8942307692307693 0.10817307692307702 0.8942307692307693 0.10817307692307704 1 0.20673076923076936 1