8 0.4663461538461539 0.5216346153846154 0.40625 0.5216346153846154 0.40625000000000006 0.6370192307692307 0.46634615384615397 0.6370192307692307
4 0.36057692307692324 0.5865384615384616 0.32692307692307704 0.5865384615384616 0.32692307692307704 0.6418269230769231 0.36057692307692324 0.6418269230769231
2 0.42307692307692324 0.6009615384615384 0.38461538461538475 0.6009615384615384 0.38461538461538475 0.6658653846153846 0.42307692307692324 0.6658653846153846
2 0.31009615384615397 0.6201923076923077 0.26682692307692313 0.6201923076923077 0.26682692307692313 0.6971153846153846 0.31009615384615397 0.6971153846153846
2 0.39182692307692324 0.6346153846153846 0.3437500000000001 0.6346153846153846 0.3437500000000001 0.7259615384615384 0.39182692307692324 0.7259615384615384
2 0.47836538461538475 0.6322115384615384 0.42067307692307704 0.6322115384615384 0.42067307692307704 0.75 0.47836538461538475 0.75
2 0.4375000000000001 0.7283653846153846 0.3750000000000001 0.7283653846153846 0.3750000000000001 0.8293269230769231 0.4375000000000001 0.8293269230769231
5 0.3461538461538463 0.7259615384615384 0.28846153846153855 0.7259615384615384 0.28846153846153855 0.8341346153846154 0.3461538461538463 0.8341346153846154
4 0.5216346153846155 0.7427884615384616 0.45432692307692324 0.7427884615384616 0.45432692307692324 0.8413461538461539 0.5216346153846155 0.8413461538461539
4 0.6634615384615384 0.7836538461538461 0.5889423076923078 0.7836538461538461 0.5889423076923078 0.9086538461538461 0.6634615384615384 0.9086538461538461
4 0.4927884615384617 0.8245192307692307 0.4086538461538463 0.8245192307692307 0.4086538461538463 0.9495192307692307 0.4927884615384617 0.9495192307692307
4 0.605769230769231 0.8269230769230769 0.5168269230769232 0.8269230769230769 0.5168269230769232 0.9759615384615384 0.605769230769231 0.9759615384615384
2 0.38461538461538475 0.8365384615384616 0.3052884615384616 0.8365384615384616 0.3052884615384616 0.9807692307692307 0.38461538461538475 0.9807692307692307