8 0.3317307692307692 0.4567307692307692 0.2716346153846155 0.4567307692307692 0.2716346153846155 0.5576923076923077 0.3317307692307692 0.5576923076923077
2 0.71875 0.4951923076923078 0.6754807692307693 0.4951923076923078 0.6754807692307693 0.5552884615384617 0.71875 0.5552884615384617
2 0.35576923076923084 0.4951923076923077 0.3245192307692308 0.4951923076923077 0.32451923076923084 0.5625 0.3557692307692309 0.5625
4 0.39182692307692313 0.5216346153846154 0.3557692307692308 0.5216346153846154 0.35576923076923084 0.5697115384615384 0.39182692307692324 0.5697115384615384
4 0.7908653846153846 0.5336538461538463 0.75 0.5336538461538463 0.75 0.5865384615384617 0.7908653846153846 0.5865384615384617
4 0.4350961538461539 0.5528846153846154 0.4014423076923077 0.5528846153846154 0.40144230769230776 0.6009615384615384 0.43509615384615397 0.6009615384615384
2 0.71875 0.5552884615384617 0.6754807692307693 0.5552884615384617 0.6754807692307693 0.6201923076923077 0.71875 0.6201923076923077
8 0.3028846153846155 0.5745192307692307 0.2283653846153847 0.5745192307692307 0.2283653846153847 0.7163461538461539 0.3028846153846155 0.7163461538461539
0 1 0.5721153846153848 0.8293269230769231 0.5721153846153848 0.8293269230769231 0.8341346153846154 1 0.8341346153846154
8 0.31730769230769246 0.7644230769230769 0.23317307692307698 0.7644230769230769 0.23317307692307704 0.9326923076923077 0.31730769230769246 0.9326923076923077
4 0.4086538461538463 0.8028846153846154 0.3509615384615386 0.8028846153846154 0.3509615384615386 0.9182692307692307 0.4086538461538463 0.9182692307692307