2 0.1346153846153847 0.6322115384615384 0.06730769230769239 0.6322115384615384 0.0673076923076924 0.7836538461538461 0.13461538461538472 0.7836538461538461
5 0.4639423076923078 0.6586538461538461 0.39182692307692324 0.6586538461538461 0.39182692307692324 0.7572115384615384 0.4639423076923078 0.7572115384615384
4 0.8918269230769231 0.6682692307692307 0.8173076923076923 0.6682692307692307 0.8173076923076923 0.7740384615384616 0.8918269230769231 0.7740384615384616
9 0.32932692307692324 0.6658653846153846 0.24519230769230776 0.6658653846153846 0.24519230769230776 0.7932692307692307 0.32932692307692324 0.7932692307692307
9 0.7668269230769231 0.6490384615384616 0.6899038461538461 0.6490384615384616 0.6899038461538461 0.8125 0.7668269230769231 0.8125
4 0.9855769230769231 0.6923076923076923 0.9278846153846154 0.6923076923076923 0.9278846153846154 0.7932692307692307 0.9855769230769231 0.7932692307692307
4 0.29807692307692313 0.71875 0.21875000000000006 0.71875 0.21875000000000006 0.8197115384615384 0.29807692307692313 0.8197115384615384
4 0.07451923076923087 0.7331730769230769 0.004807692307692397 0.7331730769230769 0.004807692307692403 0.8413461538461539 0.07451923076923087 0.8413461538461539
2 0.20192307692307704 0.7091346153846154 0.11778846153846165 0.7091346153846154 0.11778846153846165 0.8774038461538461 0.20192307692307707 0.8774038461538461
4 0.7259615384615384 0.7716346153846154 0.6466346153846154 0.7716346153846154 0.6466346153846154 0.8846153846153846 0.7259615384615384 0.8846153846153846
4 0.5625000000000001 0.7836538461538461 0.4807692307692309 0.7836538461538461 0.4807692307692309 0.90625 0.5625000000000001 0.90625
2 0.6490384615384616 0.7596153846153846 0.5673076923076924 0.7596153846153846 0.5673076923076924 0.9615384615384616 0.6490384615384616 0.9615384615384616
4 0.25721153846153855 0.8245192307692307 0.16346153846153852 0.8245192307692307 0.16346153846153857 0.9375 0.2572115384615386 0.9375
4 0.5384615384615385 0.8365384615384616 0.45192307692307704 0.8365384615384616 0.45192307692307704 0.9447115384615384 0.5384615384615385 0.9447115384615384
2 0.8293269230769231 0.8822115384615384 0.7283653846153846 0.8822115384615384 0.7283653846153846 1 0.8293269230769231 1