4 0.20913461538461545 0.4951923076923077 0.17307692307692316 0.4951923076923077 0.17307692307692316 0.5456730769230769 0.20913461538461545 0.5456730769230769
4 0.5048076923076924 0.5192307692307693 0.46634615384615385 0.5192307692307693 0.4663461538461539 0.5745192307692307 0.5048076923076924 0.5745192307692307
8 0.41826923076923084 0.4519230769230769 0.3485576923076923 0.4519230769230769 0.3485576923076924 0.6466346153846154 0.4182692307692309 0.6466346153846154
5 0.5504807692307694 0.5600961538461539 0.5000000000000001 0.5600961538461539 0.5000000000000001 0.6298076923076923 0.5504807692307694 0.6298076923076923
9 0.4927884615384617 0.5625 0.45192307692307704 0.5625 0.45192307692307704 0.6466346153846154 0.4927884615384617 0.6466346153846154
4 0.3437500000000001 0.6033653846153846 0.295673076923077 0.6033653846153846 0.295673076923077 0.6706730769230769 0.3437500000000001 0.6706730769230769
2 0.5769230769230771 0.6778846153846154 0.5192307692307694 0.6778846153846154 0.5192307692307694 0.7716346153846154 0.5769230769230771 0.7716346153846154
2 0.6875 0.6995192307692307 0.625 0.6995192307692307 0.625 0.7980769230769231 0.6875 0.7980769230769231
4 0.8701923076923077 0.7163461538461539 0.8125 0.7163461538461539 0.8125 0.8052884615384616 0.8701923076923077 0.8052884615384616
8 0.5336538461538463 0.6490384615384616 0.42788461538461553 0.6490384615384616 0.42788461538461553 0.8846153846153846 0.5336538461538463 0.8846153846153846
2 0.3028846153846155 0.7596153846153846 0.22115384615384623 0.7596153846153846 0.22115384615384626 0.8629807692307693 0.30288461538461553 0.8629807692307693
4 0.6298076923076923 0.7644230769230769 0.5649038461538463 0.7644230769230769 0.5649038461538463 0.8629807692307693 0.6298076923076923 0.8629807692307693
4 0.7740384615384616 0.8028846153846154 0.7043269230769231 0.8028846153846154 0.7043269230769231 0.9038461538461539 0.7740384615384616 0.9038461538461539
4 0.7115384615384616 0.875 0.6322115384615384 0.875 0.6322115384615384 0.9471153846153846 0.7115384615384616 0.9471153846153846