8 0.1850961538461539 0.3269230769230769 0.1322115384615385 0.3269230769230769 0.1322115384615385 0.41586538461538464 0.1850961538461539 0.41586538461538464
8 0.6778846153846154 0.3701923076923078 0.6225961538461539 0.3701923076923078 0.6225961538461539 0.5000000000000001 0.6778846153846154 0.5000000000000001
2 0.2524038461538462 0.4206730769230769 0.21394230769230776 0.4206730769230769 0.21394230769230776 0.49759615384615385 0.2524038461538462 0.49759615384615385
8 0.08173076923076929 0.39903846153846156 0.01442307692307697 0.39903846153846156 0.01442307692307698 0.5360576923076923 0.0817307692307693 0.5360576923076923
2 0.1971153846153847 0.44471153846153844 0.15865384615384623 0.44471153846153844 0.15865384615384623 0.4951923076923077 0.1971153846153847 0.4951923076923077
2 0.10096153846153853 0.4567307692307692 0.05048076923076928 0.4567307692307692 0.05048076923076929 0.5384615384615384 0.10096153846153853 0.5384615384615384
8 0.6610576923076923 0.4759615384615386 0.6129807692307693 0.4759615384615386 0.6129807692307693 0.5769230769230771 0.6610576923076923 0.5769230769230771
2 0.5408653846153847 0.49278846153846156 0.5 0.49278846153846156 0.5000000000000001 0.5769230769230769 0.5408653846153848 0.5769230769230769
2 0.5937500000000001 0.5048076923076924 0.5528846153846154 0.5048076923076923 0.5528846153846154 0.5745192307692308 0.5937500000000001 0.574519230769231
9 0.14182692307692316 0.5264423076923077 0.08413461538461545 0.5264423076923077 0.08413461538461545 0.6153846153846154 0.14182692307692316 0.6153846153846154
2 0.574519230769231 0.6201923076923077 0.5264423076923078 0.6201923076923077 0.5264423076923078 0.7091346153846154 0.574519230769231 0.7091346153846154
2 0.7259615384615384 0.6442307692307693 0.6802884615384616 0.6442307692307693 0.6802884615384616 0.7259615384615384 0.7259615384615384 0.7259615384615384
4 0.6586538461538461 0.6682692307692307 0.6105769230769232 0.6682692307692307 0.6105769230769232 0.7379807692307693 0.6586538461538461 0.7379807692307693
4 0.591346153846154 0.6923076923076923 0.528846153846154 0.6923076923076923 0.528846153846154 0.7692307692307693 0.591346153846154 0.7692307692307693
4 0.6009615384615385 0.7644230769230769 0.5312500000000001 0.7644230769230769 0.5312500000000001 0.875 0.6009615384615385 0.875