4 0.44471153846153855 0.5096153846153846 0.40384615384615385 0.5096153846153846 0.4038461538461539 0.5673076923076923 0.4447115384615386 0.5673076923076923
4 0.3846153846153847 0.5264423076923077 0.3485576923076923 0.5264423076923077 0.3485576923076924 0.5817307692307693 0.38461538461538475 0.5817307692307693
2 0.7019230769230769 0.5336538461538463 0.6634615384615384 0.5336538461538463 0.6634615384615384 0.5985576923076924 0.7019230769230769 0.5985576923076924
4 0.7956730769230769 0.5673076923076924 0.7427884615384616 0.5673076923076924 0.7427884615384616 0.6418269230769231 0.7956730769230769 0.6418269230769231
8 0.3052884615384616 0.5673076923076923 0.25721153846153855 0.5673076923076923 0.25721153846153855 0.6658653846153846 0.3052884615384616 0.6658653846153846
2 0.9326923076923077 0.6033653846153848 0.8509615384615384 0.6033653846153848 0.8509615384615384 0.6875 0.9326923076923077 0.6875
2 0.8245192307692307 0.6370192307692307 0.7475961538461539 0.6370192307692307 0.7475961538461539 0.7211538461538461 0.8245192307692307 0.7211538461538461
2 0.4182692307692309 0.6225961538461539 0.36057692307692324 0.6225961538461539 0.36057692307692324 0.7403846153846154 0.4182692307692309 0.7403846153846154
8 0.20192307692307698 0.6538461538461539 0.09134615384615391 0.6538461538461539 0.09134615384615394 0.8125 0.20192307692307698 0.8125
2 0.3076923076923078 0.8389423076923077 0.21394230769230782 0.8389423076923077 0.21394230769230782 0.9855769230769231 0.3076923076923078 0.9855769230769231
2 0.4014423076923078 0.8389423076923077 0.32211538461538475 0.8389423076923077 0.32211538461538475 1 0.4014423076923078 1