2 0.6298076923076923 0.3509615384615386 0.5913461538461539 0.3509615384615386 0.5913461538461539 0.4062500000000001 0.6298076923076923 0.4062500000000001
4 0.6658653846153846 0.35336538461538475 0.6322115384615384 0.35336538461538475 0.6322115384615384 0.4014423076923078 0.6658653846153846 0.4014423076923078
8 0.8701923076923077 0.34134615384615397 0.8197115384615384 0.34134615384615397 0.8197115384615384 0.4447115384615386 0.8701923076923077 0.4447115384615386
2 0.5552884615384616 0.3918269230769231 0.5048076923076923 0.3918269230769231 0.5048076923076923 0.4567307692307692 0.5552884615384616 0.4567307692307692
8 0.7884615384615384 0.3677884615384617 0.7139423076923077 0.3677884615384617 0.7139423076923077 0.5168269230769232 0.7884615384615384 0.5168269230769232
4 0.7115384615384616 0.42067307692307704 0.6634615384615384 0.42067307692307704 0.6634615384615384 0.4927884615384617 0.7115384615384616 0.4927884615384617
8 0.3798076923076923 0.40384615384615385 0.13942307692307696 0.40384615384615385 0.13942307692307698 0.5528846153846154 0.3798076923076923 0.5528846153846154
2 0.5024038461538461 0.4375 0.4423076923076923 0.4375 0.4423076923076923 0.5240384615384616 0.5024038461538461 0.5240384615384616
2 0.4158653846153847 0.4855769230769231 0.3173076923076923 0.4855769230769231 0.3173076923076924 0.5793269230769231 0.41586538461538475 0.5793269230769231
4 0.18990384615384623 0.5384615384615384 0.09375000000000007 0.5384615384615384 0.09375000000000007 0.6730769230769231 0.18990384615384623 0.6730769230769231
2 0.4182692307692309 0.7668269230769231 0.25721153846153855 0.7668269230769231 0.25721153846153855 0.9783653846153846 0.4182692307692309 0.9783653846153846