8 0.15865384615384623 0.35096153846153844 0.10096153846153849 0.35096153846153844 0.10096153846153852 0.4423076923076923 0.15865384615384623 0.4423076923076923
5 0.25000000000000006 0.38221153846153844 0.21394230769230776 0.38221153846153844 0.21394230769230776 0.43028846153846156 0.25000000000000006 0.43028846153846156
4 0.20432692307692316 0.4014423076923077 0.17067307692307698 0.4014423076923077 0.17067307692307698 0.44471153846153844 0.20432692307692316 0.44471153846153844
2 0.1971153846153847 0.46634615384615385 0.15144230769230776 0.46634615384615385 0.15144230769230776 0.5625 0.1971153846153847 0.5625
2 0.13942307692307698 0.4879807692307692 0.09375000000000007 0.4879807692307692 0.09375000000000007 0.5504807692307693 0.13942307692307698 0.5504807692307693
2 0.5721153846153847 0.5336538461538463 0.5360576923076923 0.5336538461538461 0.5360576923076924 0.608173076923077 0.5721153846153848 0.6081730769230771
2 0.6730769230769231 0.5480769230769232 0.6298076923076923 0.5480769230769232 0.6298076923076923 0.6105769230769232 0.6730769230769231 0.6105769230769232
4 0.5384615384615385 0.5697115384615384 0.49759615384615397 0.5697115384615384 0.49759615384615397 0.6418269230769231 0.5384615384615385 0.6418269230769231
4 0.6201923076923077 0.5697115384615385 0.5769230769230771 0.5697115384615385 0.5769230769230771 0.6442307692307693 0.6201923076923077 0.6442307692307693
4 0.5528846153846155 0.6129807692307693 0.5096153846153848 0.6129807692307693 0.5096153846153848 0.6899038461538461 0.5528846153846155 0.6899038461538461
2 0.7548076923076923 0.6971153846153846 0.6899038461538461 0.6971153846153846 0.6899038461538461 0.7980769230769231 0.7548076923076923 0.7980769230769231
8 0.9278846153846154 0.6418269230769231 0.7932692307692307 0.6418269230769231 0.7932692307692307 0.8870192307692307 0.9278846153846154 0.8870192307692307
2 0.6225961538461539 0.8149038461538461 0.5504807692307694 0.8149038461538461 0.5504807692307694 0.9399038461538461 0.6225961538461539 0.9399038461538461