4 0.5120192307692307 0.39663461538461536 0.47115384615384615 0.39663461538461536 0.47115384615384615 0.4519230769230769 0.5120192307692307 0.4519230769230769
2 0.3581730769230769 0.43028846153846156 0.29326923076923084 0.43028846153846156 0.29326923076923084 0.5072115384615384 0.3581730769230769 0.5072115384615384
4 0.41586538461538464 0.4639423076923077 0.3629807692307692 0.4639423076923077 0.3629807692307692 0.53125 0.41586538461538464 0.53125
4 0.6322115384615384 0.4927884615384617 0.5793269230769231 0.4927884615384617 0.5793269230769231 0.5552884615384617 0.6322115384615384 0.5552884615384617
4 0.18750000000000006 0.5408653846153846 0.12259615384615391 0.5408653846153846 0.12259615384615391 0.6225961538461539 0.18750000000000006 0.6225961538461539
2 0.264423076923077 0.5504807692307693 0.18990384615384623 0.5504807692307693 0.18990384615384623 0.6682692307692307 0.264423076923077 0.6682692307692307
4 0.09134615384615394 0.625 0.007211538461538538 0.625 0.007211538461538545 0.7307692307692307 0.09134615384615395 0.7307692307692307
4 0.09855769230769242 0.7019230769230769 0.0024038461538462403 0.7019230769230769 0.002403846153846247 0.8149038461538461 0.09855769230769242 0.8149038461538461
4 0.3389423076923078 0.7067307692307693 0.24519230769230776 0.7067307692307693 0.24519230769230776 0.8341346153846154 0.3389423076923078 0.8341346153846154
8 0.7163461538461539 0.6129807692307694 0.5865384615384617 0.6129807692307694 0.5865384615384617 0.9350961538461539 0.7163461538461539 0.9350961538461539
4 0.4495192307692309 0.7692307692307693 0.3509615384615386 0.7692307692307693 0.3509615384615386 0.8990384615384616 0.4495192307692309 0.8990384615384616