8 0.7668269230769231 0.4927884615384617 0.6826923076923077 0.4927884615384617 0.6826923076923077 0.6514423076923077 0.7668269230769231 0.6514423076923077
8 0.1754807692307693 0.5096153846153846 0.108173076923077 0.5096153846153846 0.108173076923077 0.6394230769230769 0.1754807692307693 0.6394230769230769
8 0.6826923076923077 0.528846153846154 0.6129807692307693 0.528846153846154 0.6129807692307693 0.6754807692307693 0.6826923076923077 0.6754807692307693
2 0.6370192307692307 0.6129807692307694 0.5817307692307694 0.6129807692307694 0.5817307692307694 0.6875 0.6370192307692307 0.6875
4 0.24278846153846162 0.6201923076923077 0.18269230769230776 0.6201923076923077 0.18269230769230776 0.7019230769230769 0.24278846153846162 0.7019230769230769
8 0.07211538461538469 0.5817307692307693 7.124147245039892e-17 0.5817307692307693 8.22809568177128e-17 0.7620192307692307 0.0721153846153847 0.7620192307692307
4 0.5841346153846155 0.6418269230769231 0.5360576923076924 0.6418269230769231 0.5360576923076924 0.7139423076923077 0.5841346153846155 0.7139423076923077
2 0.5072115384615385 0.6442307692307693 0.45192307692307704 0.6442307692307693 0.45192307692307704 0.7355769230769231 0.5072115384615385 0.7355769230769231
2 0.31009615384615397 0.6610576923076923 0.2524038461538462 0.6610576923076923 0.2524038461538462 0.7475961538461539 0.31009615384615397 0.7475961538461539
2 0.6322115384615384 0.6947115384615384 0.5721153846153848 0.6947115384615384 0.5721153846153848 0.7668269230769231 0.6322115384615384 0.7668269230769231
4 0.5793269230769232 0.6971153846153846 0.5000000000000001 0.6971153846153846 0.5000000000000001 0.8052884615384616 0.5793269230769232 0.8052884615384616
8 0.1538461538461539 0.71875 0.08173076923076933 0.71875 0.08173076923076933 0.8341346153846154 0.1538461538461539 0.8341346153846154
2 0.75 0.8413461538461539 0.6514423076923077 0.8413461538461539 0.6514423076923077 0.9759615384615384 0.75 0.9759615384615384