2 0.2908653846153847 0.49278846153846156 0.2379807692307693 0.49278846153846156 0.2379807692307693 0.5552884615384616 0.2908653846153847 0.5552884615384616
8 0.23557692307692316 0.46634615384615385 0.16826923076923084 0.46634615384615385 0.16826923076923084 0.5865384615384616 0.23557692307692316 0.5865384615384616
2 0.326923076923077 0.5360576923076923 0.2788461538461539 0.5360576923076923 0.2788461538461539 0.6201923076923077 0.32692307692307704 0.6201923076923077
4 0.25000000000000006 0.5697115384615384 0.20192307692307698 0.5697115384615384 0.20192307692307698 0.6298076923076923 0.25000000000000006 0.6298076923076923
2 0.3076923076923078 0.6081730769230769 0.2548076923076924 0.6081730769230769 0.2548076923076924 0.6706730769230769 0.3076923076923078 0.6706730769230769
2 0.3052884615384616 0.6322115384615384 0.25721153846153855 0.6322115384615384 0.25721153846153855 0.7091346153846154 0.3052884615384616 0.7091346153846154
2 0.5697115384615385 0.6298076923076923 0.5072115384615385 0.6298076923076923 0.5072115384615385 0.7115384615384616 0.5697115384615385 0.7115384615384616
4 0.2283653846153847 0.6658653846153846 0.1658653846153847 0.6658653846153846 0.1658653846153847 0.7451923076923077 0.2283653846153847 0.7451923076923077
4 0.3125000000000001 0.7115384615384616 0.2524038461538462 0.7115384615384616 0.2524038461538462 0.7908653846153846 0.3125000000000001 0.7908653846153846
4 0.24759615384615394 0.7932692307692307 0.17067307692307698 0.7932692307692307 0.17067307692307704 0.8846153846153846 0.247596153846154 0.8846153846153846
2 0.30288461538461553 0.8942307692307693 0.20913461538461553 0.8942307692307693 0.20913461538461553 1 0.30288461538461553 1
9 0.185096153846154 0.8990384615384616 0.08894230769230779 0.8990384615384616 0.0889423076923078 1 0.185096153846154 1