2 0.5600961538461539 0.3629807692307693 0.53125 0.3629807692307692 0.53125 0.4278846153846155 0.5600961538461539 0.42788461538461553
4 0.45913461538461536 0.40865384615384615 0.42788461538461536 0.40865384615384615 0.42788461538461536 0.4519230769230769 0.45913461538461536 0.4519230769230769
5 0.6274038461538461 0.4182692307692309 0.5889423076923077 0.4182692307692309 0.5889423076923077 0.4639423076923078 0.6274038461538461 0.4639423076923078
5 0.4206730769230769 0.4206730769230769 0.3918269230769231 0.4206730769230769 0.3918269230769231 0.47115384615384615 0.4206730769230769 0.47115384615384615
8 0.7716346153846154 0.3942307692307694 0.7043269230769231 0.3942307692307694 0.7043269230769231 0.5216346153846155 0.7716346153846154 0.5216346153846155
8 0.6634615384615384 0.4807692307692309 0.6177884615384616 0.4807692307692309 0.6177884615384616 0.5576923076923078 0.6634615384615384 0.5576923076923078
4 0.591346153846154 0.5240384615384616 0.5528846153846154 0.5240384615384616 0.5528846153846154 0.5889423076923077 0.591346153846154 0.5889423076923078
2 0.6466346153846154 0.5697115384615385 0.5985576923076924 0.5697115384615385 0.5985576923076924 0.6514423076923077 0.6466346153846154 0.6514423076923077
5 0.13221153846153852 0.5817307692307693 0.08413461538461545 0.5817307692307693 0.08413461538461545 0.6490384615384616 0.13221153846153852 0.6490384615384616
4 0.8293269230769231 0.5817307692307694 0.7716346153846154 0.5817307692307694 0.7716346153846154 0.6610576923076923 0.8293269230769231 0.6610576923076923
4 0.6081730769230771 0.6225961538461539 0.5673076923076924 0.6225961538461539 0.5673076923076924 0.7043269230769231 0.6081730769230771 0.7043269230769231
4 0.9206730769230769 0.6682692307692307 0.8653846153846154 0.6682692307692307 0.8653846153846154 0.75 0.9206730769230769 0.75
2 0.9975961538461539 0.6754807692307693 0.9350961538461539 0.6754807692307693 0.9350961538461539 0.7644230769230769 0.9975961538461539 0.7644230769230769
9 0.42307692307692324 0.6850961538461539 0.3774038461538463 0.6850961538461539 0.3774038461538463 0.7764423076923077 0.42307692307692324 0.7764423076923077
2 0.7836538461538461 0.7668269230769231 0.71875 0.7668269230769231 0.71875 0.8846153846153846 0.7836538461538461 0.8846153846153846