8 0.36538461538461536 0.32211538461538464 0.3076923076923077 0.32211538461538464 0.3076923076923077 0.40625 0.36538461538461536 0.40625
5 0.47115384615384615 0.34375 0.43028846153846156 0.34375 0.43028846153846156 0.4014423076923077 0.47115384615384615 0.4014423076923077
5 0.31971153846153844 0.3942307692307692 0.264423076923077 0.3942307692307692 0.264423076923077 0.46875 0.31971153846153844 0.46875
9 0.6971153846153846 0.4014423076923078 0.6466346153846154 0.4014423076923078 0.6466346153846154 0.48317307692307704 0.6971153846153846 0.48317307692307704
2 0.5841346153846154 0.4086538461538462 0.5384615384615384 0.40865384615384615 0.5384615384615384 0.4735576923076924 0.5841346153846154 0.47355769230769246
2 0.41346153846153844 0.4326923076923077 0.3557692307692308 0.4326923076923077 0.3557692307692308 0.49278846153846156 0.41346153846153844 0.49278846153846156
2 0.6177884615384616 0.4254807692307694 0.5649038461538461 0.4254807692307694 0.5649038461538461 0.5456730769230771 0.6177884615384616 0.5456730769230771
2 0.5096153846153847 0.47115384615384615 0.44471153846153844 0.47115384615384615 0.44471153846153855 0.6033653846153846 0.5096153846153848 0.6033653846153846
4 0.6658653846153846 0.5504807692307694 0.6153846153846154 0.5504807692307694 0.6153846153846154 0.6274038461538461 0.6658653846153846 0.6274038461538461
2 0.5889423076923078 0.6971153846153846 0.5024038461538463 0.6971153846153846 0.5024038461538463 0.8341346153846154 0.5889423076923078 0.8341346153846154
2 0.3076923076923078 0.8990384615384616 0.17067307692307707 0.8990384615384616 0.17067307692307707 1 0.3076923076923078 1