2 0.6971153846153846 0.42067307692307704 0.6322115384615384 0.42067307692307704 0.6322115384615384 0.5192307692307694 0.6971153846153846 0.5192307692307694
2 0.8774038461538461 0.42307692307692324 0.8076923076923077 0.42307692307692324 0.8076923076923077 0.5889423076923078 0.8774038461538461 0.5889423076923078
4 0.2836538461538462 0.47115384615384615 0.18750000000000006 0.47115384615384615 0.18750000000000006 0.5721153846153846 0.2836538461538462 0.5721153846153846
8 0.6201923076923077 0.45432692307692313 0.5216346153846154 0.4543269230769231 0.5216346153846154 0.6201923076923077 0.6201923076923077 0.6201923076923077
4 0.78125 0.543269230769231 0.6899038461538461 0.543269230769231 0.6899038461538461 0.6730769230769231 0.78125 0.6730769230769231
2 0.6586538461538461 0.5793269230769232 0.560096153846154 0.5793269230769232 0.560096153846154 0.7331730769230769 0.6586538461538461 0.7331730769230769
2 0.42788461538461553 0.5745192307692307 0.2908653846153847 0.5745192307692307 0.2908653846153847 0.75 0.42788461538461553 0.75
5 0.4951923076923078 0.6418269230769231 0.3509615384615386 0.6418269230769231 0.3509615384615386 0.8076923076923077 0.4951923076923078 0.8076923076923077
4 0.6947115384615384 0.6923076923076923 0.5673076923076924 0.6923076923076923 0.5673076923076924 0.9230769230769231 0.6947115384615384 0.9230769230769231
2 0.528846153846154 0.71875 0.3197115384615386 0.71875 0.3197115384615386 1 0.528846153846154 1
2 0.20913461538461547 0.7572115384615384 9.27316686854366e-17 0.7572115384615384 1.0759817430008596e-16 1 0.20913461538461553 1