2 0.8533653846153846 0.24759615384615394 0.7980769230769231 0.2475961538461539 0.7980769230769231 0.36538461538461553 0.8533653846153846 0.36538461538461553
5 0.43509615384615385 0.28846153846153855 0.3918269230769231 0.28846153846153855 0.3918269230769231 0.3581730769230769 0.43509615384615385 0.3581730769230769
2 0.5 0.3125 0.45913461538461536 0.3125 0.45913461538461536 0.375 0.5 0.375
2 0.8028846153846154 0.3028846153846155 0.7524038461538461 0.3028846153846155 0.7524038461538461 0.38942307692307704 0.8028846153846154 0.38942307692307704
4 0.6682692307692307 0.3317307692307694 0.6177884615384616 0.3317307692307694 0.6177884615384616 0.40384615384615397 0.6682692307692307 0.40384615384615397
9 0.3557692307692308 0.34615384615384615 0.295673076923077 0.34615384615384615 0.295673076923077 0.4326923076923077 0.3557692307692308 0.4326923076923077
5 0.49278846153846156 0.39663461538461536 0.4375 0.39663461538461536 0.4375 0.4855769230769231 0.49278846153846156 0.4855769230769231
4 0.8653846153846154 0.4062500000000001 0.8028846153846154 0.4062500000000001 0.8028846153846154 0.5000000000000001 0.8653846153846154 0.5000000000000001
4 0.8052884615384616 0.4495192307692309 0.7379807692307693 0.4495192307692309 0.7379807692307693 0.5576923076923078 0.8052884615384616 0.5576923076923078
5 0.2379807692307693 0.5769230769230769 0.1538461538461539 0.5769230769230769 0.1538461538461539 0.7043269230769231 0.2379807692307693 0.7043269230769231
5 0.8966346153846154 0.5769230769230771 0.8076923076923077 0.5769230769230771 0.8076923076923077 0.7572115384615384 0.8966346153846154 0.7572115384615384
4 0.4326923076923078 0.8173076923076923 0.33413461538461553 0.8173076923076923 0.33413461538461553 0.9615384615384616 0.4326923076923078 0.9615384615384616