8 0.2692307692307693 0.5072115384615384 0.20192307692307698 0.5072115384615384 0.20192307692307698 0.6706730769230769 0.2692307692307693 0.6706730769230769
4 0.34134615384615397 0.5721153846153846 0.2836538461538462 0.5721153846153846 0.2836538461538462 0.6490384615384616 0.34134615384615397 0.6490384615384616
2 0.5865384615384617 0.5889423076923077 0.5384615384615385 0.5889423076923077 0.5384615384615385 0.6658653846153846 0.5865384615384617 0.6658653846153846
4 0.5168269230769232 0.6129807692307693 0.4711538461538463 0.6129807692307693 0.4711538461538463 0.6875 0.5168269230769232 0.6875
5 0.2860576923076924 0.6225961538461539 0.22596153846153852 0.6225961538461539 0.22596153846153852 0.7211538461538461 0.2860576923076924 0.7211538461538461
2 0.3942307692307694 0.6298076923076923 0.32692307692307704 0.6298076923076923 0.32692307692307704 0.7668269230769231 0.3942307692307694 0.7668269230769231
2 0.3076923076923078 0.6514423076923077 0.24278846153846162 0.6514423076923077 0.24278846153846162 0.7644230769230769 0.3076923076923078 0.7644230769230769
2 0.84375 0.6634615384615384 0.7764423076923077 0.6634615384615384 0.7764423076923077 0.7692307692307693 0.84375 0.7692307692307693
2 0.75 0.7475961538461539 0.6850961538461539 0.7475961538461539 0.6850961538461539 0.8533653846153846 0.75 0.8533653846153846
8 0.6850961538461539 0.7548076923076923 0.6105769230769232 0.7548076923076923 0.6105769230769232 0.9158653846153846 0.6850961538461539 0.9158653846153846
8 0.5721153846153848 0.7475961538461539 0.4447115384615386 0.7475961538461539 0.4447115384615386 0.9711538461538461 0.5721153846153848 0.9711538461538461