8 0.14182692307692316 0.4567307692307692 0.0649038461538462 0.4567307692307692 0.06490384615384621 0.5673076923076923 0.14182692307692316 0.5673076923076923
2 0.5865384615384617 0.5697115384615385 0.5336538461538463 0.5697115384615384 0.5336538461538463 0.6418269230769231 0.5865384615384617 0.6418269230769231
2 0.7572115384615384 0.5673076923076924 0.6971153846153846 0.5673076923076924 0.6971153846153846 0.6658653846153846 0.7572115384615384 0.6658653846153846
2 0.47836538461538475 0.5961538461538461 0.4254807692307694 0.5961538461538461 0.4254807692307694 0.6923076923076923 0.47836538461538475 0.6923076923076923
8 0.139423076923077 0.5649038461538461 0.06250000000000007 0.5649038461538461 0.06250000000000008 0.7692307692307693 0.13942307692307704 0.7692307692307693
2 0.3149038461538463 0.6274038461538461 0.2548076923076924 0.6274038461538461 0.2548076923076924 0.7644230769230769 0.3149038461538463 0.7644230769230769
5 0.7403846153846154 0.6514423076923077 0.6778846153846154 0.6514423076923077 0.6778846153846154 0.7403846153846154 0.7403846153846154 0.7403846153846154
4 1 0.7884615384615384 0.9230769230769231 0.7884615384615384 0.9230769230769231 0.8822115384615384 1 0.8822115384615384
4 0.6322115384615384 0.7836538461538461 0.5625000000000001 0.7836538461538461 0.5625000000000001 0.9134615384615384 0.6322115384615384 0.9134615384615384
2 0.9134615384615384 0.8100961538461539 0.8197115384615384 0.8100961538461539 0.8197115384615384 0.9591346153846154 0.9134615384615384 0.9591346153846154
2 0.3052884615384617 0.8677884615384616 0.21394230769230782 0.8677884615384616 0.21394230769230782 1 0.3052884615384617 1