8 0.10096153846153855 0.5144230769230769 0.002403846153846217 0.5144230769230769 0.0024038461538462303 0.7331730769230769 0.10096153846153856 0.7331730769230769
8 0.7235576923076923 0.5456730769230771 0.6370192307692307 0.5456730769230771 0.6370192307692307 0.7139423076923077 0.7235576923076923 0.7139423076923077
4 0.5576923076923078 0.6009615384615384 0.5024038461538463 0.6009615384615384 0.5024038461538463 0.6730769230769231 0.5576923076923078 0.6730769230769231
5 0.4759615384615386 0.5985576923076923 0.41586538461538475 0.5985576923076923 0.41586538461538475 0.7043269230769231 0.4759615384615386 0.7043269230769231
2 0.605769230769231 0.6225961538461539 0.5336538461538463 0.6225961538461539 0.5336538461538463 0.7548076923076923 0.605769230769231 0.7548076923076923
4 0.528846153846154 0.6778846153846154 0.47355769230769246 0.6778846153846154 0.47355769230769246 0.7596153846153846 0.528846153846154 0.7596153846153846
2 0.6899038461538461 0.7115384615384616 0.6129807692307694 0.7115384615384616 0.6129807692307694 0.8269230769230769 0.6899038461538461 0.8269230769230769
2 0.22596153846153852 0.7283653846153846 0.16346153846153852 0.7283653846153846 0.16346153846153852 0.8197115384615384 0.22596153846153852 0.8197115384615384
2 0.8052884615384616 0.7379807692307693 0.7331730769230769 0.7379807692307693 0.7331730769230769 0.8629807692307693 0.8052884615384616 0.8629807692307693
4 0.6225961538461539 0.7572115384615384 0.5456730769230771 0.7572115384615384 0.5456730769230771 0.8581730769230769 0.6225961538461539 0.8581730769230769
4 0.7355769230769231 0.84375 0.6490384615384616 0.84375 0.6490384615384616 0.9783653846153846 0.7355769230769231 0.9783653846153846