4 0.5576923076923077 0.2788461538461539 0.5216346153846154 0.2788461538461539 0.5216346153846154 0.3269230769230769 0.5576923076923077 0.3269230769230769
5 0.6826923076923077 0.29807692307692313 0.6394230769230769 0.29807692307692313 0.6394230769230769 0.3750000000000001 0.6826923076923077 0.3750000000000001
2 0.4567307692307692 0.34375 0.4014423076923077 0.34375 0.4014423076923077 0.40384615384615385 0.4567307692307692 0.40384615384615385
8 0.37740384615384615 0.32211538461538464 0.1850961538461539 0.32211538461538464 0.1850961538461539 0.46875 0.37740384615384615 0.46875
4 0.4495192307692308 0.39903846153846156 0.3918269230769231 0.39903846153846156 0.3918269230769231 0.4639423076923077 0.4495192307692308 0.4639423076923077
4 0.7283653846153846 0.3942307692307694 0.6778846153846154 0.3942307692307694 0.6778846153846154 0.48317307692307704 0.7283653846153846 0.48317307692307704
9 0.6177884615384616 0.38221153846153855 0.5528846153846154 0.38221153846153844 0.5528846153846154 0.4975961538461539 0.6177884615384616 0.49759615384615397
2 0.3557692307692308 0.4014423076923077 0.27644230769230776 0.4014423076923077 0.27644230769230776 0.49759615384615385 0.3557692307692308 0.49759615384615385
4 0.6490384615384616 0.4182692307692309 0.5985576923076923 0.4182692307692309 0.5985576923076923 0.5072115384615385 0.6490384615384616 0.5072115384615385
2 0.5240384615384616 0.47836538461538464 0.44471153846153844 0.47836538461538464 0.44471153846153855 0.5841346153846154 0.5240384615384617 0.5841346153846154
4 0.09375000000000007 0.53125 6.505936120470313e-17 0.53125 7.256621057447657e-17 0.6538461538461539 0.09375000000000007 0.6538461538461539
8 0.6658653846153846 0.528846153846154 0.53125 0.5288461538461539 0.5312500000000001 0.8197115384615384 0.6658653846153846 0.8197115384615384
4 0.41586538461538475 0.6899038461538461 0.28846153846153855 0.6899038461538461 0.28846153846153855 0.8509615384615384 0.41586538461538475 0.8509615384615384