8 0.3774038461538462 0.5024038461538461 0.3245192307692308 0.5024038461538461 0.32451923076923084 0.6057692307692307 0.3774038461538463 0.6057692307692307
4 0.48317307692307704 0.5625 0.44230769230769246 0.5625 0.44230769230769246 0.6177884615384616 0.48317307692307704 0.6177884615384616
2 0.5793269230769231 0.545673076923077 0.5240384615384616 0.5456730769230769 0.5240384615384616 0.6514423076923077 0.5793269230769232 0.6514423076923077
2 0.5360576923076924 0.6153846153846154 0.48317307692307704 0.6153846153846154 0.48317307692307704 0.6826923076923077 0.5360576923076924 0.6826923076923077
8 0.8509615384615384 0.6225961538461539 0.7884615384615384 0.6225961538461539 0.7884615384615384 0.7307692307692307 0.8509615384615384 0.7307692307692307
9 0.3149038461538463 0.6322115384615384 0.2524038461538462 0.6322115384615384 0.2524038461538462 0.7379807692307693 0.3149038461538463 0.7379807692307693
4 0.9302884615384616 0.7211538461538461 0.8557692307692307 0.7211538461538461 0.8557692307692307 0.8052884615384616 0.9302884615384616 0.8052884615384616
8 0.25240384615384626 0.6995192307692307 0.1514423076923078 0.6995192307692307 0.1514423076923078 0.8725961538461539 0.2524038461538463 0.8725961538461539
4 0.7307692307692307 0.7427884615384616 0.6634615384615384 0.7427884615384616 0.6634615384615384 0.8413461538461539 0.7307692307692307 0.8413461538461539
8 0.6466346153846154 0.7259615384615384 0.5336538461538463 0.7259615384615384 0.5336538461538463 0.8990384615384616 0.6466346153846154 0.8990384615384616
4 0.75 0.8125 0.6658653846153846 0.8125 0.6658653846153846 0.90625 0.75 0.90625
2 0.8990384615384616 0.7956730769230769 0.8028846153846154 0.7956730769230769 0.8028846153846154 0.9326923076923077 0.8990384615384616 0.9326923076923077
5 0.8846153846153846 0.9110576923076923 0.7740384615384616 0.9110576923076923 0.7740384615384616 1 0.8846153846153846 1