8 0.17307692307692316 0.33413461538461536 0.10817307692307696 0.33413461538461536 0.10817307692307697 0.4375 0.17307692307692316 0.4375
4 0.26201923076923084 0.3701923076923077 0.23076923076923084 0.3701923076923077 0.23076923076923084 0.4206730769230769 0.26201923076923084 0.4206730769230769
2 0.21875000000000006 0.3701923076923077 0.1850961538461539 0.3701923076923077 0.1850961538461539 0.43028846153846156 0.21875000000000006 0.43028846153846156
8 0.1658653846153847 0.40865384615384615 0.09855769230769235 0.40865384615384615 0.09855769230769236 0.49759615384615385 0.1658653846153847 0.49759615384615385
9 0.23317307692307698 0.4639423076923077 0.19230769230769237 0.4639423076923077 0.19230769230769237 0.5192307692307693 0.23317307692307698 0.5192307692307693
5 0.5408653846153846 0.47836538461538464 0.49278846153846156 0.47836538461538464 0.49278846153846156 0.5432692307692307 0.5408653846153846 0.5432692307692307
8 0.7139423076923077 0.4495192307692309 0.6490384615384616 0.4495192307692309 0.6490384615384616 0.5841346153846155 0.7139423076923077 0.5841346153846155
4 0.09134615384615391 0.4951923076923077 0.0504807692307693 0.4951923076923077 0.0504807692307693 0.5432692307692307 0.09134615384615391 0.5432692307692307
5 0.19471153846153852 0.4879807692307692 0.1538461538461539 0.4879807692307692 0.1538461538461539 0.5528846153846154 0.19471153846153852 0.5528846153846154
2 0.12740384615384623 0.49038461538461536 0.0817307692307693 0.49038461538461536 0.0817307692307693 0.5625 0.12740384615384623 0.5625
4 0.1538461538461539 0.5408653846153846 0.108173076923077 0.5408653846153846 0.108173076923077 0.6009615384615384 0.1538461538461539 0.6009615384615384
5 0.06971153846153853 0.5456730769230769 0.012019230769230838 0.5456730769230769 0.012019230769230841 0.6105769230769231 0.06971153846153853 0.6105769230769231
2 0.6177884615384616 0.5480769230769232 0.5697115384615384 0.5480769230769232 0.5697115384615385 0.6514423076923077 0.6177884615384616 0.6514423076923077
2 0.5480769230769232 0.5769230769230769 0.5048076923076924 0.5769230769230769 0.5048076923076924 0.6418269230769231 0.5480769230769232 0.6418269230769231
2 0.0865384615384616 0.5913461538461539 0.01682692307692315 0.5913461538461539 0.016826923076923152 0.6658653846153846 0.0865384615384616 0.6658653846153846
2 0.7259615384615384 0.6009615384615385 0.6658653846153846 0.6009615384615385 0.6658653846153846 0.7259615384615384 0.7259615384615384 0.7259615384615384
4 0.6634615384615384 0.7019230769230769 0.6081730769230771 0.7019230769230769 0.6081730769230771 0.7884615384615384 0.6634615384615384 0.7884615384615384
2 0.8197115384615384 0.7884615384615384 0.7427884615384616 0.7884615384615384 0.7427884615384616 0.9158653846153846 0.8197115384615384 0.9158653846153846
2 0.6129807692307694 0.78125 0.5360576923076924 0.78125 0.5360576923076924 0.9302884615384616 0.6129807692307694 0.9302884615384616