8 0.33653846153846156 0.4519230769230769 0.2836538461538462 0.4519230769230769 0.2836538461538462 0.53125 0.33653846153846156 0.53125
8 0.3653846153846155 0.46875 0.3125 0.46875 0.31250000000000006 0.5649038461538461 0.36538461538461553 0.5649038461538461
2 0.7091346153846154 0.5024038461538463 0.6706730769230769 0.5024038461538463 0.6706730769230769 0.560096153846154 0.7091346153846154 0.560096153846154
4 0.7307692307692307 0.5528846153846155 0.6778846153846154 0.5528846153846155 0.6778846153846154 0.6225961538461539 0.7307692307692307 0.6225961538461539
2 0.8653846153846154 0.5576923076923078 0.7932692307692307 0.5576923076923078 0.7932692307692307 0.6370192307692307 0.8653846153846154 0.6370192307692307
2 0.3750000000000001 0.6009615384615384 0.3245192307692309 0.6009615384615384 0.3245192307692309 0.6802884615384616 0.3750000000000001 0.6802884615384616
8 0.23317307692307698 0.5697115384615384 0.1177884615384616 0.5697115384615384 0.11778846153846162 0.8052884615384616 0.23317307692307698 0.8052884615384616
8 0.3125000000000001 0.5625 0.2067307692307693 0.5625 0.2067307692307693 0.8197115384615384 0.3125000000000001 0.8197115384615384
4 0.42788461538461553 0.6730769230769231 0.3677884615384617 0.6730769230769231 0.3677884615384617 0.7620192307692307 0.42788461538461553 0.7620192307692307
4 0.875 0.6802884615384616 0.8004807692307693 0.6802884615384616 0.8004807692307693 0.78125 0.875 0.78125
5 0.4182692307692309 0.8269230769230769 0.33413461538461553 0.8269230769230769 0.33413461538461553 0.9711538461538461 0.4182692307692309 0.9711538461538461