4 0.7740384615384616 0.2716346153846155 0.7235576923076923 0.2716346153846155 0.7235576923076923 0.34855769230769246 0.7740384615384616 0.34855769230769246
2 0.7019230769230769 0.2860576923076924 0.6586538461538461 0.2860576923076924 0.6586538461538461 0.3557692307692309 0.7019230769230769 0.3557692307692309
2 0.42788461538461536 0.32211538461538464 0.38461538461538464 0.32211538461538464 0.38461538461538464 0.3942307692307692 0.42788461538461536 0.3942307692307692
4 0.9759615384615384 0.3990384615384617 0.9182692307692307 0.3990384615384617 0.9182692307692307 0.4927884615384617 0.9759615384615384 0.4927884615384617
9 0.7043269230769231 0.3870192307692309 0.6418269230769231 0.3870192307692309 0.6418269230769231 0.5096153846153848 0.7043269230769231 0.5096153846153848
4 0.8413461538461539 0.41586538461538475 0.7788461538461539 0.41586538461538475 0.7788461538461539 0.5168269230769232 0.8413461538461539 0.5168269230769232
9 0.4927884615384616 0.43028846153846156 0.42788461538461536 0.43028846153846156 0.4278846153846155 0.5625 0.4927884615384617 0.5625
5 0.37019230769230776 0.5264423076923077 0.3004807692307693 0.5264423076923077 0.3004807692307693 0.6538461538461539 0.3701923076923078 0.6538461538461539
2 0.4951923076923078 0.5961538461538461 0.4086538461538463 0.5961538461538461 0.4086538461538463 0.7307692307692307 0.4951923076923078 0.7307692307692307
8 0.22115384615384626 0.5600961538461539 0.08894230769230776 0.5600961538461539 0.08894230769230778 0.8509615384615384 0.22115384615384628 0.8509615384615384
2 0.9831730769230769 0.6923076923076923 0.8629807692307693 0.6923076923076923 0.8629807692307693 0.8846153846153846 0.9831730769230769 0.8846153846153846
8 0.1514423076923078 0.6586538461538461 8.066183244384008e-17 0.6586538461538461 1.0141606305439018e-16 0.9975961538461539 0.15144230769230782 0.9975961538461539