8 0.2379807692307693 0.49759615384615385 0.19230769230769237 0.49759615384615385 0.19230769230769237 0.5985576923076923 0.2379807692307693 0.5985576923076923
4 0.6370192307692307 0.5264423076923078 0.59375 0.5264423076923078 0.5937500000000001 0.5817307692307694 0.6370192307692307 0.5817307692307694
4 0.5096153846153847 0.5288461538461539 0.46634615384615385 0.5288461538461539 0.4663461538461539 0.5841346153846154 0.5096153846153848 0.5841346153846154
2 0.33894230769230776 0.5432692307692307 0.2908653846153847 0.5432692307692307 0.2908653846153847 0.6346153846153846 0.3389423076923078 0.6346153846153846
4 0.5408653846153848 0.5697115384615384 0.5024038461538463 0.5697115384615384 0.5024038461538463 0.6201923076923077 0.5408653846153848 0.6201923076923077
8 0.451923076923077 0.5384615384615384 0.375 0.5384615384615384 0.37500000000000006 0.7211538461538461 0.45192307692307704 0.7211538461538461
2 0.5168269230769232 0.6057692307692307 0.47355769230769246 0.6057692307692307 0.47355769230769246 0.6754807692307693 0.5168269230769232 0.6754807692307693
2 0.5384615384615385 0.6298076923076923 0.4927884615384617 0.6298076923076923 0.4927884615384617 0.71875 0.5384615384615385 0.71875
4 0.8028846153846154 0.6514423076923077 0.75 0.6514423076923077 0.75 0.7235576923076923 0.8028846153846154 0.7235576923076923
8 0.42307692307692324 0.6610576923076923 0.31730769230769246 0.6610576923076923 0.31730769230769246 0.9014423076923077 0.42307692307692324 0.9014423076923077
4 0.9783653846153846 0.8004807692307693 0.9038461538461539 0.8004807692307693 0.9038461538461539 0.8870192307692307 0.9783653846153846 0.8870192307692307
4 0.8100961538461539 0.8485576923076923 0.7355769230769231 0.8485576923076923 0.7355769230769231 0.9350961538461539 0.8100961538461539 0.9350961538461539