4 0.7860576923076923 0.4182692307692309 0.7139423076923077 0.4182692307692309 0.7139423076923077 0.5048076923076924 0.7860576923076923 0.5048076923076924
5 0.5072115384615385 0.4567307692307692 0.42788461538461536 0.4567307692307692 0.4278846153846155 0.5649038461538461 0.5072115384615385 0.5649038461538461
4 0.9975961538461539 0.47355769230769246 0.9038461538461539 0.47355769230769246 0.9038461538461539 0.5889423076923078 0.9975961538461539 0.5889423076923078
2 0.7115384615384616 0.5144230769230771 0.5769230769230769 0.5144230769230771 0.576923076923077 0.6658653846153846 0.7115384615384616 0.6658653846153846
4 0.47836538461538475 0.5649038461538461 0.3774038461538463 0.5649038461538461 0.3774038461538463 0.6802884615384616 0.47836538461538475 0.6802884615384616
1 0.14423076923076933 0.7836538461538461 0.09615384615384626 0.7836538461538461 0.09615384615384626 0.8413461538461539 0.14423076923076933 0.8413461538461539
1 0.07211538461538472 0.8052884615384616 0.016826923076923177 0.8052884615384616 0.01682692307692318 0.875 0.07211538461538472 0.875
1 0.1250000000000001 0.8413461538461539 0.07692307692307702 0.8413461538461539 0.07692307692307702 0.9014423076923077 0.1250000000000001 0.9014423076923077
1 0.1730769230769232 0.8725961538461539 0.12019230769230779 0.8725961538461539 0.12019230769230779 0.9423076923076923 0.1730769230769232 0.9423076923076923
1 0.05769230769230781 0.9014423076923077 1.1039484367313881e-16 0.9014423076923077 1.143690580453718e-16 0.9663461538461539 0.057692307692307813 0.9663461538461539
4 0.6225961538461539 0.2908653846153847 0.5745192307692307 0.2908653846153847 0.5745192307692307 0.35336538461538475 0.6225961538461539 0.35336538461538475
5 0.7572115384615384 0.34134615384615397 0.6826923076923077 0.34134615384615397 0.6826923076923077 0.4302884615384617 0.7572115384615384 0.4302884615384617
9 0.5697115384615384 0.35096153846153855 0.5 0.35096153846153844 0.5 0.451923076923077 0.5697115384615384 0.45192307692307704
9 0.5120192307692307 0.36538461538461536 0.44471153846153844 0.36538461538461536 0.44471153846153844 0.46634615384615385 0.5120192307692307 0.46634615384615385