8 0.18028846153846162 0.4326923076923077 0.12019230769230776 0.4326923076923077 0.12019230769230776 0.5384615384615384 0.18028846153846162 0.5384615384615384
2 0.3317307692307692 0.4639423076923077 0.28846153846153855 0.4639423076923077 0.28846153846153855 0.53125 0.3317307692307692 0.53125
8 0.09855769230769237 0.4639423076923077 0.007211538461538519 0.4639423076923077 0.007211538461538529 0.6274038461538461 0.09855769230769237 0.6274038461538461
8 0.7259615384615384 0.49759615384615397 0.65625 0.49759615384615397 0.65625 0.6201923076923077 0.7259615384615384 0.6201923076923077
2 0.5120192307692308 0.5216346153846154 0.4639423076923077 0.5216346153846154 0.46394230769230776 0.6177884615384616 0.512019230769231 0.6177884615384616
2 0.2067307692307693 0.5456730769230769 0.1538461538461539 0.5456730769230769 0.1538461538461539 0.6177884615384616 0.2067307692307693 0.6177884615384616
2 0.5937500000000001 0.5384615384615385 0.5432692307692307 0.5384615384615384 0.5432692307692308 0.6322115384615384 0.5937500000000001 0.6322115384615384
4 0.23557692307692316 0.59375 0.18990384615384623 0.59375 0.18990384615384623 0.6418269230769231 0.23557692307692316 0.6418269230769231
2 0.5456730769230771 0.5913461538461539 0.49038461538461553 0.5913461538461539 0.49038461538461553 0.6754807692307693 0.5456730769230771 0.6754807692307693
8 0.7235576923076923 0.5769230769230771 0.6418269230769231 0.5769230769230771 0.6418269230769231 0.71875 0.7235576923076923 0.71875
4 0.2283653846153847 0.6322115384615384 0.1754807692307693 0.6322115384615384 0.1754807692307693 0.6923076923076923 0.2283653846153847 0.6923076923076923
4 0.5000000000000001 0.6466346153846154 0.45192307692307704 0.6466346153846154 0.45192307692307704 0.7235576923076923 0.5000000000000001 0.7235576923076923
2 0.12259615384615394 0.6682692307692307 0.06250000000000008 0.6682692307692307 0.0625000000000001 0.7788461538461539 0.12259615384615395 0.7788461538461539
4 0.5480769230769232 0.6995192307692307 0.4807692307692309 0.6995192307692307 0.4807692307692309 0.78125 0.5480769230769232 0.78125
9 0.2812500000000001 0.8076923076923077 0.1971153846153847 0.8076923076923077 0.19711538461538472 0.9591346153846154 0.2812500000000001 0.9591346153846154