8 0.37259615384615397 0.5793269230769231 0.29807692307692313 0.5793269230769231 0.29807692307692313 0.7139423076923077 0.37259615384615397 0.7139423076923077
4 0.5048076923076924 0.6105769230769231 0.45913461538461553 0.6105769230769231 0.45913461538461553 0.6923076923076923 0.5048076923076924 0.6923076923076923
8 0.31009615384615397 0.5697115384615384 0.2067307692307693 0.5697115384615384 0.2067307692307693 0.7764423076923077 0.31009615384615397 0.7764423076923077
4 0.43509615384615397 0.6610576923076923 0.3774038461538463 0.6610576923076923 0.3774038461538463 0.71875 0.43509615384615397 0.71875
2 0.5841346153846155 0.6274038461538461 0.5216346153846155 0.6274038461538461 0.5216346153846155 0.7836538461538461 0.5841346153846155 0.7836538461538461
4 0.48557692307692324 0.7211538461538461 0.42067307692307704 0.7211538461538461 0.42067307692307704 0.8173076923076923 0.48557692307692324 0.8173076923076923
5 0.3052884615384616 0.7235576923076923 0.2379807692307693 0.7235576923076923 0.23798076923076933 0.8509615384615384 0.3052884615384617 0.8509615384615384
2 0.7403846153846154 0.7331730769230769 0.6634615384615384 0.7331730769230769 0.6634615384615384 0.84375 0.7403846153846154 0.84375
4 0.6129807692307694 0.7427884615384616 0.5480769230769232 0.7427884615384616 0.5480769230769232 0.8389423076923077 0.6129807692307694 0.8389423076923077
2 0.36057692307692324 0.7884615384615384 0.28125000000000006 0.7884615384615384 0.2812500000000001 0.9278846153846154 0.36057692307692324 0.9278846153846154
8 0.45432692307692324 0.7860576923076923 0.37980769230769246 0.7860576923076923 0.37980769230769246 0.9375 0.45432692307692324 0.9375