8 0.26682692307692313 0.5360576923076923 0.19951923076923084 0.5360576923076923 0.19951923076923084 0.6923076923076923 0.26682692307692313 0.6923076923076923
2 0.5456730769230771 0.5841346153846154 0.5024038461538463 0.5841346153846154 0.5024038461538463 0.6947115384615384 0.5456730769230771 0.6947115384615384
2 0.6153846153846154 0.591346153846154 0.560096153846154 0.591346153846154 0.560096153846154 0.7019230769230769 0.6153846153846154 0.7019230769230769
2 0.32692307692307704 0.6322115384615384 0.26682692307692313 0.6322115384615384 0.26682692307692313 0.6947115384615384 0.32692307692307704 0.6947115384615384
8 0.5144230769230771 0.6129807692307693 0.43509615384615397 0.6129807692307693 0.43509615384615397 0.75 0.5144230769230771 0.75
4 0.6754807692307693 0.6706730769230769 0.6225961538461539 0.6706730769230769 0.6225961538461539 0.75 0.6754807692307693 0.75
4 0.9399038461538461 0.6947115384615384 0.875 0.6947115384615384 0.875 0.7788461538461539 0.9399038461538461 0.7788461538461539
5 0.29807692307692313 0.7043269230769231 0.23076923076923084 0.7043269230769231 0.23076923076923084 0.7932692307692307 0.29807692307692313 0.7932692307692307
4 0.6418269230769231 0.7331730769230769 0.5865384615384617 0.7331730769230769 0.5865384615384617 0.7956730769230769 0.6418269230769231 0.7956730769230769
2 0.591346153846154 0.7211538461538461 0.5240384615384617 0.7211538461538461 0.5240384615384617 0.8461538461538461 0.591346153846154 0.8461538461538461
2 0.8004807692307693 0.7235576923076923 0.7307692307692307 0.7235576923076923 0.7307692307692307 0.8485576923076923 0.8004807692307693 0.8485576923076923
2 0.7235576923076923 0.7620192307692307 0.6418269230769231 0.7620192307692307 0.6418269230769231 0.8629807692307693 0.7235576923076923 0.8629807692307693
2 0.6201923076923077 0.78125 0.5480769230769232 0.78125 0.5480769230769232 0.8966346153846154 0.6201923076923077 0.8966346153846154
4 0.8846153846153846 0.8197115384615384 0.8028846153846154 0.8197115384615384 0.8028846153846154 0.9278846153846154 0.8846153846153846 0.9278846153846154