9 0.7572115384615384 0.3052884615384616 0.6923076923076923 0.3052884615384616 0.6923076923076923 0.4254807692307694 0.7572115384615384 0.4254807692307694
4 0.8677884615384616 0.32932692307692324 0.8028846153846154 0.32932692307692324 0.8028846153846154 0.42788461538461553 0.8677884615384616 0.42788461538461553
8 0.33653846153846156 0.31009615384615385 0.23557692307692316 0.31009615384615385 0.23557692307692316 0.47115384615384615 0.33653846153846156 0.47115384615384615
2 0.6875 0.35336538461538475 0.6298076923076923 0.35336538461538475 0.6298076923076923 0.4687500000000001 0.6875 0.4687500000000001
2 0.43028846153846156 0.3701923076923077 0.36778846153846156 0.3701923076923077 0.36778846153846156 0.46634615384615385 0.43028846153846156 0.46634615384615385
4 0.5144230769230769 0.37740384615384615 0.44471153846153844 0.37740384615384615 0.44471153846153844 0.47596153846153844 0.5144230769230769 0.47596153846153844
8 0.13701923076923084 0.3701923076923077 4.5335482468435667e-17 0.3701923076923077 6.741445120306342e-17 0.7307692307692307 0.13701923076923087 0.7307692307692307
5 0.7548076923076923 0.512019230769231 0.6826923076923077 0.512019230769231 0.6826923076923077 0.65625 0.7548076923076923 0.65625
2 0.35817307692307704 0.5697115384615384 0.26201923076923084 0.5697115384615384 0.26201923076923084 0.71875 0.35817307692307704 0.71875
2 0.5096153846153848 0.65625 0.4014423076923078 0.65625 0.4014423076923078 0.8125 0.5096153846153848 0.8125
4 0.8533653846153846 0.8197115384615384 0.7067307692307693 0.8197115384615384 0.7067307692307693 1 0.8533653846153846 1
2 1 0.8653846153846154 0.9086538461538461 0.8653846153846154 0.9086538461538461 1 1 1