4 0.59375 0.389423076923077 0.5432692307692307 0.3894230769230769 0.5432692307692307 0.4663461538461539 0.59375 0.46634615384615397
4 0.3942307692307692 0.39903846153846156 0.34134615384615385 0.39903846153846156 0.34134615384615385 0.46634615384615385 0.3942307692307692 0.46634615384615385
4 0.6706730769230769 0.4062500000000001 0.6225961538461539 0.4062500000000001 0.6225961538461539 0.4807692307692309 0.6706730769230769 0.4807692307692309
5 0.5384615384615384 0.43028846153846156 0.47596153846153844 0.43028846153846156 0.47596153846153844 0.5264423076923077 0.5384615384615384 0.5264423076923077
2 0.20913461538461545 0.4735576923076923 0.12019230769230776 0.4735576923076923 0.12019230769230776 0.5673076923076923 0.20913461538461545 0.5673076923076923
2 0.5889423076923077 0.4735576923076924 0.5288461538461539 0.4735576923076923 0.528846153846154 0.5721153846153847 0.5889423076923078 0.5721153846153848
8 0.108173076923077 0.4855769230769231 5.946602245859743e-17 0.4855769230769231 6.80032237026535e-17 0.625 0.108173076923077 0.625
2 0.2475961538461539 0.5504807692307693 0.13221153846153852 0.5504807692307693 0.13221153846153852 0.6514423076923077 0.2475961538461539 0.6514423076923077
8 0.5120192307692308 0.4951923076923077 0.2067307692307693 0.4951923076923077 0.20673076923076933 1 0.512019230769231 1
8 0.5721153846153847 0.5432692307692308 0.40865384615384615 0.5432692307692307 0.4086538461538462 0.9519230769230769 0.5721153846153848 0.9519230769230769
2 0.6850961538461539 0.6610576923076923 0.5961538461538463 0.6610576923076923 0.5961538461538463 0.8701923076923077 0.6850961538461539 0.8701923076923077