4 0.7860576923076923 0.2788461538461539 0.7451923076923077 0.2788461538461539 0.7451923076923077 0.32211538461538475 0.7860576923076923 0.32211538461538475
4 0.9182692307692307 0.27884615384615397 0.8774038461538461 0.27884615384615397 0.8774038461538461 0.3317307692307694 0.9182692307692307 0.3317307692307694
4 0.6081730769230769 0.3317307692307694 0.5673076923076923 0.3317307692307694 0.5673076923076923 0.38942307692307704 0.6081730769230769 0.38942307692307704
2 0.84375 0.32932692307692324 0.8028846153846154 0.32932692307692324 0.8028846153846154 0.4062500000000001 0.84375 0.4062500000000001
2 0.5048076923076923 0.3605769230769231 0.4519230769230769 0.3605769230769231 0.4519230769230769 0.4375 0.5048076923076923 0.4375
9 0.5913461538461539 0.3725961538461539 0.5360576923076923 0.37259615384615385 0.5360576923076923 0.4350961538461539 0.5913461538461539 0.43509615384615397
2 0.71875 0.3629807692307694 0.6658653846153846 0.3629807692307694 0.6658653846153846 0.45432692307692324 0.71875 0.45432692307692324
9 0.46634615384615385 0.40384615384615385 0.3918269230769231 0.40384615384615385 0.3918269230769231 0.49759615384615385 0.46634615384615385 0.49759615384615385
4 0.7427884615384616 0.42067307692307704 0.6947115384615384 0.42067307692307704 0.6947115384615384 0.5024038461538463 0.7427884615384616 0.5024038461538463
9 0.6274038461538461 0.4086538461538462 0.5576923076923077 0.40865384615384615 0.5576923076923077 0.5240384615384616 0.6274038461538461 0.5240384615384617
2 0.7764423076923077 0.48317307692307704 0.7139423076923077 0.48317307692307704 0.7139423076923077 0.5793269230769232 0.7764423076923077 0.5793269230769232
4 0.2788461538461539 0.49038461538461536 0.1850961538461539 0.49038461538461536 0.1850961538461539 0.5769230769230769 0.2788461538461539 0.5769230769230769
4 0.17067307692307698 0.6923076923076923 0.04326923076923085 0.6923076923076923 0.043269230769230865 0.8076923076923077 0.17067307692307698 0.8076923076923077
4 0.2187500000000001 0.75 0.06009615384615393 0.75 0.06009615384615394 0.875 0.21875000000000014 0.875
4 0.4447115384615386 0.7451923076923077 0.3125000000000001 0.7451923076923077 0.3125000000000001 0.9278846153846154 0.4447115384615386 0.9278846153846154
4 0.7692307692307693 0.7860576923076923 0.6778846153846154 0.7860576923076923 0.6778846153846154 0.9927884615384616 0.7692307692307693 0.9927884615384616