2 0.4639423076923077 0.3581730769230769 0.4375 0.3581730769230769 0.4375 0.39903846153846156 0.4639423076923077 0.39903846153846156
2 0.6177884615384616 0.3629807692307694 0.5913461538461539 0.3629807692307694 0.5913461538461539 0.4182692307692309 0.6177884615384616 0.4182692307692309
2 0.43990384615384615 0.36538461538461536 0.41346153846153844 0.36538461538461536 0.41346153846153844 0.41346153846153844 0.43990384615384615 0.41346153846153844
4 0.4110576923076923 0.3798076923076923 0.3894230769230769 0.3798076923076923 0.3894230769230769 0.40865384615384615 0.4110576923076923 0.40865384615384615
8 0.3245192307692308 0.37259615384615385 0.28846153846153855 0.37259615384615385 0.28846153846153855 0.42788461538461536 0.3245192307692308 0.42788461538461536
2 0.5673076923076923 0.389423076923077 0.5336538461538461 0.3894230769230769 0.5336538461538461 0.4471153846153847 0.5673076923076923 0.44711538461538475
4 0.3245192307692308 0.4254807692307692 0.2908653846153847 0.4254807692307692 0.2908653846153847 0.46875 0.3245192307692308 0.46875
2 0.20913461538461545 0.4567307692307692 0.1754807692307693 0.4567307692307692 0.1754807692307693 0.5120192307692307 0.20913461538461545 0.5120192307692307
4 0.17307692307692316 0.4639423076923077 0.14182692307692316 0.4639423076923077 0.14182692307692316 0.5120192307692307 0.17307692307692316 0.5120192307692307
4 0.4423076923076924 0.5048076923076923 0.40865384615384615 0.5048076923076923 0.4086538461538462 0.5600961538461539 0.44230769230769246 0.5600961538461539
2 0.6754807692307693 0.5216346153846155 0.6322115384615384 0.5216346153846155 0.6322115384615384 0.5889423076923078 0.6754807692307693 0.5889423076923078
9 0.6081730769230771 0.5625000000000001 0.5576923076923078 0.5625 0.5576923076923078 0.6730769230769231 0.6081730769230771 0.6730769230769231
4 0.7355769230769231 0.6514423076923077 0.6923076923076923 0.6514423076923077 0.6923076923076923 0.7355769230769231 0.7355769230769231 0.7355769230769231
4 0.8966346153846154 0.6634615384615384 0.84375 0.6634615384615384 0.84375 0.7379807692307693 0.8966346153846154 0.7379807692307693
2 1 0.6682692307692307 0.9302884615384616 0.6682692307692307 0.9302884615384616 0.7740384615384616 1 0.7740384615384616
2 0.3774038461538463 0.6826923076923077 0.3197115384615386 0.6826923076923077 0.3197115384615386 0.7692307692307693 0.3774038461538463 0.7692307692307693
2 0.6538461538461539 0.7908653846153846 0.6009615384615385 0.7908653846153846 0.6009615384615385 0.8990384615384616 0.6538461538461539 0.8990384615384616
8 0.7596153846153846 0.8125 0.6899038461538461 0.8125 0.6899038461538461 0.9711538461538461 0.7596153846153846 0.9711538461538461