2 0.5769230769230771 0.5865384615384616 0.5216346153846155 0.5865384615384616 0.5216346153846155 0.6610576923076923 0.5769230769230771 0.6610576923076923
4 0.5336538461538463 0.6466346153846154 0.4807692307692309 0.6466346153846154 0.4807692307692309 0.7067307692307693 0.5336538461538463 0.7067307692307693
4 0.6225961538461539 0.6442307692307693 0.574519230769231 0.6442307692307693 0.574519230769231 0.7211538461538461 0.6225961538461539 0.7211538461538461
2 0.2740384615384616 0.6538461538461539 0.21875000000000006 0.6538461538461539 0.21875000000000006 0.7211538461538461 0.2740384615384616 0.7211538461538461
4 0.6706730769230769 0.6971153846153846 0.6129807692307694 0.6971153846153846 0.6129807692307694 0.7740384615384616 0.6706730769230769 0.7740384615384616
2 0.8485576923076923 0.6947115384615384 0.7908653846153846 0.6947115384615384 0.7908653846153846 0.7764423076923077 0.8485576923076923 0.7764423076923077
4 0.5817307692307694 0.7115384615384616 0.5264423076923078 0.7115384615384616 0.5264423076923078 0.7788461538461539 0.5817307692307694 0.7788461538461539
4 0.28125000000000006 0.7211538461538461 0.21875000000000006 0.7211538461538461 0.21875000000000006 0.7980769230769231 0.28125000000000006 0.7980769230769231
4 0.42067307692307704 0.7403846153846154 0.35817307692307704 0.7403846153846154 0.35817307692307704 0.8293269230769231 0.42067307692307704 0.8293269230769231
4 0.6225961538461539 0.7644230769230769 0.560096153846154 0.7644230769230769 0.560096153846154 0.8461538461538461 0.6225961538461539 0.8461538461538461
2 0.34134615384615397 0.7764423076923077 0.264423076923077 0.7764423076923077 0.26442307692307704 0.8774038461538461 0.34134615384615397 0.8774038461538461
2 0.5625000000000001 0.7620192307692307 0.49759615384615397 0.7620192307692307 0.49759615384615397 0.9254807692307693 0.5625000000000001 0.9254807692307693
2 0.7668269230769231 0.8004807692307693 0.6875 0.8004807692307693 0.6875 0.8894230769230769 0.7668269230769231 0.8894230769230769
4 0.49759615384615397 0.8100961538461539 0.4375000000000001 0.8100961538461539 0.4375000000000001 0.8918269230769231 0.49759615384615397 0.8918269230769231