8 0.6057692307692308 0.4302884615384616 0.46634615384615385 0.43028846153846156 0.4663461538461539 0.6298076923076923 0.605769230769231 0.6298076923076923
2 0.8485576923076923 0.49759615384615397 0.7475961538461539 0.49759615384615397 0.7475961538461539 0.6225961538461539 0.8485576923076923 0.6225961538461539
8 0.35576923076923084 0.5144230769230769 0.2716346153846155 0.5144230769230769 0.2716346153846155 0.6394230769230769 0.3557692307692309 0.6394230769230769
4 0.4254807692307693 0.5528846153846154 0.3557692307692308 0.5528846153846154 0.35576923076923084 0.6442307692307693 0.4254807692307694 0.6442307692307693
2 0.5576923076923078 0.5649038461538461 0.4687500000000001 0.5649038461538461 0.4687500000000001 0.6899038461538461 0.5576923076923078 0.6899038461538461
2 0.7403846153846154 0.6274038461538461 0.625 0.6274038461538461 0.625 0.7596153846153846 0.7403846153846154 0.7596153846153846
2 1 0.6274038461538461 0.8533653846153846 0.6274038461538461 0.8533653846153846 0.8052884615384616 1 0.8052884615384616
8 0.5456730769230771 0.6322115384615384 0.4326923076923078 0.6322115384615384 0.4326923076923078 0.8052884615384616 0.5456730769230771 0.8052884615384616
5 0.7307692307692307 0.71875 0.5961538461538463 0.71875 0.5961538461538463 0.90625 0.7307692307692307 0.90625
4 0.4807692307692309 0.7403846153846154 0.3750000000000001 0.7403846153846154 0.3750000000000001 0.9134615384615384 0.4807692307692309 0.9134615384615384
2 1 0.8485576923076923 0.8557692307692307 0.8485576923076923 0.8557692307692307 1 1 1