2 0.6658653846153846 0.2740384615384616 0.6153846153846154 0.2740384615384616 0.6153846153846154 0.39182692307692324 0.6658653846153846 0.39182692307692324
4 0.4951923076923077 0.3485576923076923 0.4423076923076923 0.3485576923076923 0.4423076923076923 0.43509615384615385 0.4951923076923077 0.43509615384615385
4 0.9326923076923077 0.35817307692307704 0.875 0.35817307692307704 0.875 0.44711538461538475 0.9326923076923077 0.44711538461538475
8 0.35336538461538464 0.34134615384615385 0.2692307692307693 0.34134615384615385 0.2692307692307693 0.4831730769230769 0.35336538461538464 0.4831730769230769
2 0.8004807692307693 0.39663461538461553 0.7307692307692307 0.39663461538461553 0.7307692307692307 0.5096153846153848 0.8004807692307693 0.5096153846153848
8 0.2836538461538462 0.3629807692307692 0.16826923076923084 0.3629807692307692 0.16826923076923084 0.6706730769230769 0.2836538461538462 0.6706730769230769
9 0.4711538461538462 0.47596153846153844 0.4014423076923077 0.47596153846153844 0.40144230769230776 0.6201923076923077 0.4711538461538463 0.6201923076923077
4 0.9759615384615384 0.4951923076923078 0.8846153846153846 0.4951923076923078 0.8846153846153846 0.6322115384615384 0.9759615384615384 0.6322115384615384
2 0.8461538461538461 0.5000000000000001 0.7596153846153846 0.5000000000000001 0.7596153846153846 0.6490384615384616 0.8461538461538461 0.6490384615384616
4 0.37259615384615397 0.6201923076923077 0.2836538461538462 0.6201923076923077 0.2836538461538462 0.7548076923076923 0.37259615384615397 0.7548076923076923
2 0.9495192307692307 0.6322115384615384 0.8389423076923077 0.6322115384615384 0.8389423076923077 0.8100961538461539 0.9495192307692307 0.8100961538461539