8 0.4182692307692308 0.3317307692307692 0.33413461538461536 0.3317307692307692 0.33413461538461536 0.4326923076923077 0.4182692307692308 0.4326923076923077
2 0.4807692307692308 0.37259615384615385 0.4182692307692308 0.37259615384615385 0.4182692307692308 0.4495192307692308 0.4807692307692308 0.4495192307692308
8 0.8870192307692307 0.36538461538461553 0.8052884615384616 0.36538461538461553 0.8052884615384616 0.5384615384615385 0.8870192307692307 0.5384615384615385
8 0.28125000000000006 0.38221153846153844 0.14423076923076927 0.38221153846153844 0.14423076923076927 0.53125 0.28125000000000006 0.53125
5 0.39903846153846156 0.4254807692307692 0.3389423076923077 0.4254807692307692 0.3389423076923077 0.5024038461538461 0.39903846153846156 0.5024038461538461
4 0.49759615384615385 0.4423076923076923 0.4543269230769231 0.4423076923076923 0.4543269230769231 0.4951923076923077 0.49759615384615385 0.4951923076923077
5 0.7283653846153846 0.4495192307692309 0.6875 0.4495192307692309 0.6875 0.5192307692307694 0.7283653846153846 0.5192307692307694
4 0.6418269230769231 0.46634615384615397 0.5961538461538461 0.46634615384615397 0.5961538461538461 0.5312500000000001 0.6418269230769231 0.5312500000000001
2 0.41826923076923084 0.5072115384615384 0.33413461538461536 0.5072115384615384 0.3341346153846155 0.5865384615384616 0.4182692307692309 0.5865384615384616
5 0.1971153846153847 0.5264423076923077 0.09855769230769237 0.5264423076923077 0.09855769230769237 0.6274038461538461 0.1971153846153847 0.6274038461538461
8 0.8245192307692307 0.5216346153846155 0.7067307692307693 0.5216346153846155 0.7067307692307693 0.8317307692307693 0.8245192307692307 0.8317307692307693
5 0.4326923076923078 0.6514423076923077 0.31730769230769246 0.6514423076923077 0.31730769230769246 0.8125 0.4326923076923078 0.8125