2 0.3942307692307694 0.59375 0.3317307692307694 0.59375 0.3317307692307694 0.6634615384615384 0.3942307692307694 0.6634615384615384
5 0.3076923076923078 0.6081730769230769 0.25000000000000006 0.6081730769230769 0.25000000000000006 0.6730769230769231 0.3076923076923078 0.6730769230769231
5 0.19471153846153852 0.6394230769230769 0.12019230769230776 0.6394230769230769 0.12019230769230778 0.7163461538461539 0.19471153846153852 0.7163461538461539
2 0.6706730769230769 0.6346153846153846 0.6009615384615385 0.6346153846153846 0.6009615384615385 0.7307692307692307 0.6706730769230769 0.7307692307692307
4 0.5240384615384617 0.6610576923076923 0.45432692307692324 0.6610576923076923 0.45432692307692324 0.7620192307692307 0.5240384615384617 0.7620192307692307
2 0.543269230769231 0.7379807692307693 0.4639423076923078 0.7379807692307693 0.4639423076923078 0.8485576923076923 0.543269230769231 0.8485576923076923
4 0.7115384615384616 0.7475961538461539 0.6442307692307693 0.7475961538461539 0.6442307692307693 0.8629807692307693 0.7115384615384616 0.8629807692307693
4 0.3317307692307694 0.7668269230769231 0.2548076923076924 0.7668269230769231 0.2548076923076924 0.8557692307692307 0.3317307692307694 0.8557692307692307
9 0.17307692307692318 0.7572115384615384 0.06730769230769239 0.7572115384615384 0.0673076923076924 0.8990384615384616 0.1730769230769232 0.8990384615384616
2 0.5721153846153848 0.84375 0.4807692307692309 0.84375 0.4807692307692309 0.9759615384615384 0.5721153846153848 0.9759615384615384
2 0.35336538461538475 0.8629807692307693 0.2524038461538463 0.8629807692307693 0.2524038461538463 1 0.35336538461538475 1