2 0.23557692307692316 0.5504807692307693 0.18750000000000006 0.5504807692307693 0.18750000000000006 0.6514423076923077 0.23557692307692316 0.6514423076923077
2 0.14903846153846162 0.5769230769230769 0.10336538461538468 0.5769230769230769 0.10336538461538468 0.6923076923076923 0.14903846153846162 0.6923076923076923
8 0.06490384615384623 0.5769230769230769 7.065269995080885e-17 0.5769230769230769 7.83067424454798e-17 0.7019230769230769 0.06490384615384624 0.7019230769230769
4 0.3028846153846155 0.6201923076923077 0.2548076923076924 0.6201923076923077 0.2548076923076924 0.6947115384615384 0.3028846153846155 0.6947115384615384
8 0.7403846153846154 0.574519230769231 0.6298076923076923 0.574519230769231 0.6298076923076923 0.7932692307692307 0.7403846153846154 0.7932692307692307
2 0.2163461538461539 0.6490384615384616 0.17067307692307698 0.6490384615384616 0.17067307692307698 0.7427884615384616 0.2163461538461539 0.7427884615384616
5 0.5336538461538463 0.6634615384615384 0.47355769230769246 0.6634615384615384 0.47355769230769246 0.7740384615384616 0.5336538461538463 0.7740384615384616
2 0.6490384615384616 0.6778846153846154 0.5793269230769232 0.6778846153846154 0.5793269230769232 0.8149038461538461 0.6490384615384616 0.8149038461538461
8 0.9711538461538461 0.6418269230769231 0.8125 0.6418269230769231 0.8125 0.9110576923076923 0.9711538461538461 0.9110576923076923
2 0.24038461538461547 0.7548076923076923 0.17307692307692316 0.7548076923076923 0.17307692307692318 0.8581730769230769 0.24038461538461553 0.8581730769230769
4 0.7788461538461539 0.7860576923076923 0.6923076923076923 0.7860576923076923 0.6923076923076923 0.9038461538461539 0.7788461538461539 0.9038461538461539
2 0.39663461538461553 0.8149038461538461 0.3052884615384616 0.8149038461538461 0.3052884615384616 0.9663461538461539 0.39663461538461553 0.9663461538461539
4 0.7403846153846154 0.8629807692307693 0.6466346153846154 0.8629807692307693 0.6466346153846154 0.9783653846153846 0.7403846153846154 0.9783653846153846