2 0.4230769230769231 0.4014423076923077 0.3942307692307692 0.4014423076923077 0.3942307692307692 0.4735576923076923 0.4230769230769231 0.4735576923076923
8 0.4543269230769231 0.43990384615384615 0.4254807692307692 0.43990384615384615 0.4254807692307692 0.5 0.4543269230769231 0.5
2 0.6418269230769231 0.4399038461538463 0.6129807692307693 0.4399038461538463 0.6129807692307693 0.5072115384615385 0.6418269230769231 0.5072115384615385
5 0.295673076923077 0.44471153846153844 0.2596153846153847 0.44471153846153844 0.2596153846153847 0.5048076923076923 0.295673076923077 0.5048076923076923
8 0.19230769230769237 0.4375 0.14663461538461545 0.4375 0.14663461538461545 0.5216346153846154 0.19230769230769237 0.5216346153846154
4 0.2548076923076924 0.5048076923076923 0.21875000000000006 0.5048076923076923 0.21875000000000006 0.5480769230769231 0.2548076923076924 0.5480769230769231
2 0.5865384615384616 0.5024038461538463 0.5456730769230769 0.5024038461538461 0.545673076923077 0.5793269230769231 0.5865384615384617 0.5793269230769232
4 0.18750000000000006 0.5216346153846154 0.14903846153846162 0.5216346153846154 0.14903846153846162 0.5697115384615384 0.18750000000000006 0.5697115384615384
4 0.2596153846153847 0.5408653846153846 0.22115384615384623 0.5408653846153846 0.22115384615384623 0.5841346153846154 0.2596153846153847 0.5841346153846154
5 0.6466346153846154 0.5504807692307694 0.6057692307692307 0.5504807692307694 0.6057692307692308 0.6394230769230769 0.6466346153846154 0.6394230769230769
2 0.6850961538461539 0.5673076923076924 0.6490384615384616 0.5673076923076924 0.6490384615384616 0.6490384615384616 0.6850961538461539 0.6490384615384616
2 0.8653846153846154 0.5576923076923078 0.8173076923076923 0.5576923076923078 0.8173076923076923 0.6634615384615384 0.8653846153846154 0.6634615384615384
4 0.14903846153846162 0.5841346153846154 0.1129807692307693 0.5841346153846154 0.1129807692307693 0.6442307692307693 0.14903846153846162 0.6442307692307693
2 0.35336538461538475 0.6033653846153846 0.3028846153846155 0.6033653846153846 0.3028846153846155 0.6754807692307693 0.35336538461538475 0.6754807692307693
4 0.4254807692307694 0.6658653846153846 0.3870192307692309 0.6658653846153846 0.3870192307692309 0.7379807692307693 0.4254807692307694 0.7379807692307693
2 0.9975961538461539 0.6634615384615384 0.9302884615384616 0.6634615384615384 0.9302884615384616 0.7572115384615384 0.9975961538461539 0.7572115384615384
4 0.9014423076923077 0.6923076923076923 0.84375 0.6923076923076923 0.84375 0.7932692307692307 0.9014423076923077 0.7932692307692307
1 0.9903846153846154 0.7355769230769231 0.9615384615384616 0.7355769230769231 0.9615384615384616 0.7932692307692307 0.9903846153846154 0.7932692307692307
2 0.7355769230769231 0.8100961538461539 0.6610576923076923 0.8100961538461539 0.6610576923076923 0.9567307692307693 0.7355769230769231 0.9567307692307693
4 1 0.8653846153846154 0.9399038461538461 0.8653846153846154 0.9399038461538461 0.9855769230769231 1 0.9855769230769231