4 0.7980769230769231 0.264423076923077 0.7668269230769231 0.264423076923077 0.7668269230769231 0.3004807692307693 0.7980769230769231 0.3004807692307693
4 0.8557692307692307 0.2668269230769232 0.8293269230769231 0.26682692307692313 0.8293269230769231 0.31009615384615397 0.8557692307692307 0.31009615384615397
4 0.9158653846153846 0.2740384615384617 0.8918269230769231 0.2740384615384617 0.8918269230769231 0.32692307692307704 0.9158653846153846 0.32692307692307704
4 0.875 0.28605769230769246 0.8485576923076923 0.28605769230769246 0.8485576923076923 0.33413461538461553 0.875 0.33413461538461553
4 0.5697115384615384 0.31250000000000006 0.5384615384615384 0.3125 0.5384615384615384 0.3485576923076924 0.5697115384615384 0.34855769230769246
2 0.5096153846153846 0.32211538461538464 0.46875 0.32211538461538464 0.46875 0.36778846153846156 0.5096153846153846 0.36778846153846156
4 0.8990384615384616 0.31730769230769246 0.8653846153846154 0.31730769230769246 0.8653846153846154 0.38461538461538475 0.8990384615384616 0.38461538461538475
2 0.7211538461538461 0.31009615384615397 0.6778846153846154 0.31009615384615397 0.6778846153846154 0.3942307692307694 0.7211538461538461 0.3942307692307694
2 0.7524038461538461 0.3245192307692309 0.7091346153846154 0.3245192307692309 0.7091346153846154 0.41586538461538475 0.7524038461538461 0.41586538461538475
2 0.5432692307692307 0.3557692307692308 0.49759615384615385 0.3557692307692308 0.49759615384615385 0.41346153846153844 0.5432692307692307 0.41346153846153844
1 0.46153846153846156 0.38221153846153844 0.43990384615384615 0.38221153846153844 0.43990384615384615 0.4254807692307692 0.46153846153846156 0.4254807692307692
8 0.8221153846153846 0.3990384615384617 0.7572115384615384 0.3990384615384617 0.7572115384615384 0.4927884615384617 0.8221153846153846 0.4927884615384617
2 0.5408653846153846 0.4182692307692308 0.47596153846153844 0.4182692307692308 0.47596153846153844 0.5120192307692307 0.5408653846153846 0.5120192307692307
8 0.6370192307692307 0.4663461538461539 0.5576923076923077 0.46634615384615385 0.5576923076923077 0.5985576923076924 0.6370192307692307 0.5985576923076924
4 0.16346153846153852 0.5793269230769231 0.07451923076923084 0.5793269230769231 0.07451923076923085 0.6466346153846154 0.16346153846153852 0.6466346153846154
4 0.2524038461538462 0.5961538461538461 0.16105769230769237 0.5961538461538461 0.16105769230769237 0.6754807692307693 0.2524038461538462 0.6754807692307693
4 0.8245192307692307 0.5841346153846155 0.7548076923076923 0.5841346153846155 0.7548076923076923 0.6971153846153846 0.8245192307692307 0.6971153846153846
2 0.2548076923076924 0.8125 0.05528846153846164 0.8125 0.05528846153846165 1 0.25480769230769246 1
2 0.6009615384615385 0.8125 0.4495192307692309 0.8125 0.4495192307692309 1 0.6009615384615385 1