2 0.3173076923076923 0.295673076923077 0.29326923076923084 0.295673076923077 0.29326923076923084 0.34134615384615385 0.3173076923076923 0.34134615384615385
2 0.3076923076923077 0.3269230769230769 0.2788461538461539 0.3269230769230769 0.2788461538461539 0.37259615384615385 0.3076923076923077 0.37259615384615385
8 0.2548076923076924 0.3076923076923077 0.21153846153846162 0.3076923076923077 0.21153846153846162 0.39903846153846156 0.2548076923076924 0.39903846153846156
2 0.3125 0.36778846153846156 0.2788461538461539 0.36778846153846156 0.2788461538461539 0.43028846153846156 0.3125 0.43028846153846156
4 0.2740384615384616 0.38221153846153844 0.2379807692307693 0.38221153846153844 0.2379807692307693 0.43509615384615385 0.2740384615384616 0.43509615384615385
5 0.3918269230769231 0.38461538461538464 0.3485576923076923 0.38461538461538464 0.3485576923076923 0.4543269230769231 0.3918269230769231 0.4543269230769231
4 0.3028846153846155 0.4735576923076923 0.25000000000000006 0.4735576923076923 0.25000000000000006 0.5432692307692307 0.3028846153846155 0.5432692307692307
4 0.40625000000000006 0.47596153846153844 0.34615384615384615 0.47596153846153844 0.3461538461538462 0.5600961538461539 0.4062500000000001 0.5600961538461539
2 0.5384615384615385 0.5216346153846154 0.4639423076923077 0.5216346153846154 0.46394230769230776 0.6466346153846154 0.5384615384615385 0.6466346153846154
2 0.48557692307692324 0.6274038461538461 0.4014423076923078 0.6274038461538461 0.4014423076923078 0.7548076923076923 0.48557692307692324 0.7548076923076923
2 0.39663461538461553 0.6346153846153846 0.3149038461538463 0.6346153846153846 0.3149038461538463 0.7908653846153846 0.39663461538461553 0.7908653846153846
2 0.6899038461538461 0.6322115384615384 0.560096153846154 0.6322115384615384 0.560096153846154 0.8269230769230769 0.6899038461538461 0.8269230769230769