4 0.6778846153846154 0.4254807692307694 0.6177884615384616 0.4254807692307694 0.6177884615384616 0.5144230769230771 0.6778846153846154 0.5144230769230771
5 0.6081730769230769 0.4350961538461539 0.5360576923076923 0.43509615384615385 0.5360576923076923 0.5264423076923077 0.6081730769230769 0.5264423076923078
4 0.75 0.4447115384615386 0.6899038461538461 0.4447115384615386 0.6899038461538461 0.528846153846154 0.75 0.528846153846154
4 0.8173076923076923 0.44711538461538475 0.7668269230769231 0.44711538461538475 0.7668269230769231 0.528846153846154 0.8173076923076923 0.528846153846154
2 0.37740384615384615 0.4495192307692308 0.2836538461538462 0.4495192307692308 0.2836538461538462 0.53125 0.37740384615384615 0.53125
4 0.5793269230769232 0.5625000000000001 0.5000000000000001 0.5625 0.5000000000000001 0.6682692307692307 0.5793269230769232 0.6682692307692307
9 0.4663461538461539 0.5504807692307693 0.34134615384615385 0.5504807692307693 0.3413461538461539 0.7043269230769231 0.46634615384615397 0.7043269230769231
4 0.8293269230769231 0.625 0.7379807692307693 0.625 0.7379807692307693 0.7788461538461539 0.8293269230769231 0.7788461538461539
4 0.7043269230769231 0.71875 0.5889423076923078 0.71875 0.5889423076923078 0.8942307692307693 0.7043269230769231 0.8942307692307693
2 0.42307692307692324 0.7163461538461539 0.2524038461538462 0.7163461538461539 0.25240384615384626 0.9254807692307693 0.42307692307692324 0.9254807692307693
4 0.5072115384615385 0.8004807692307693 0.3509615384615386 0.8004807692307693 0.3509615384615386 1 0.5072115384615385 1