8 0.12980769230769235 0.3798076923076923 0.0649038461538462 0.3798076923076923 0.0649038461538462 0.4831730769230769 0.12980769230769237 0.4831730769230769
2 0.26682692307692313 0.4254807692307692 0.22596153846153852 0.4254807692307692 0.22596153846153852 0.4831730769230769 0.26682692307692313 0.4831730769230769
5 0.20432692307692316 0.43990384615384615 0.1658653846153847 0.43990384615384615 0.1658653846153847 0.4951923076923077 0.20432692307692316 0.4951923076923077
2 0.1346153846153847 0.4735576923076923 0.08413461538461545 0.4735576923076923 0.08413461538461545 0.5576923076923077 0.1346153846153847 0.5576923076923077
4 0.5384615384615385 0.5120192307692307 0.49759615384615385 0.5120192307692307 0.4975961538461539 0.5745192307692307 0.5384615384615385 0.5745192307692307
2 0.10336538461538468 0.5432692307692307 0.036057692307692374 0.5432692307692307 0.03605769230769238 0.6538461538461539 0.10336538461538468 0.6538461538461539
2 0.6754807692307693 0.5961538461538463 0.6322115384615384 0.5961538461538463 0.6322115384615384 0.6658653846153846 0.6754807692307693 0.6658653846153846
2 0.5673076923076924 0.6225961538461539 0.5168269230769232 0.6225961538461539 0.5168269230769232 0.6995192307692307 0.5673076923076924 0.6995192307692307
8 0.8173076923076923 0.5673076923076924 0.7283653846153846 0.5673076923076924 0.7283653846153846 0.7572115384615384 0.8173076923076923 0.7572115384615384
5 0.591346153846154 0.7451923076923077 0.5240384615384617 0.7451923076923077 0.5240384615384617 0.875 0.591346153846154 0.875
2 0.7932692307692307 0.8197115384615384 0.6875 0.8197115384615384 0.6875 1 0.7932692307692307 1