2 0.24519230769230776 0.30288461538461536 0.21394230769230776 0.30288461538461536 0.21394230769230776 0.3629807692307692 0.24519230769230776 0.3629807692307692
4 0.5528846153846154 0.3389423076923077 0.5192307692307693 0.3389423076923077 0.5192307692307693 0.38221153846153844 0.5528846153846154 0.38221153846153844
4 0.36538461538461536 0.3485576923076923 0.3317307692307692 0.3485576923076923 0.3317307692307692 0.39903846153846156 0.36538461538461536 0.39903846153846156
4 0.3293269230769231 0.3557692307692308 0.2908653846153847 0.3557692307692308 0.2908653846153847 0.41586538461538464 0.3293269230769231 0.41586538461538464
2 0.5264423076923077 0.3485576923076923 0.47115384615384615 0.3485576923076923 0.47115384615384615 0.4495192307692308 0.5264423076923077 0.4495192307692308
4 0.6826923076923077 0.4134615384615386 0.6298076923076923 0.4134615384615386 0.6298076923076923 0.4879807692307694 0.6826923076923077 0.4879807692307694
2 0.7548076923076923 0.41586538461538475 0.6875 0.41586538461538475 0.6875 0.48557692307692324 0.7548076923076923 0.48557692307692324
2 0.44951923076923084 0.43990384615384615 0.3701923076923077 0.43990384615384615 0.37019230769230776 0.5721153846153846 0.4495192307692309 0.5721153846153846
4 0.8052884615384616 0.4951923076923078 0.7235576923076923 0.4951923076923078 0.7235576923076923 0.5985576923076924 0.8052884615384616 0.5985576923076924
2 0.9158653846153846 0.7524038461538461 0.7163461538461539 0.7524038461538461 0.7163461538461539 0.9567307692307693 0.9158653846153846 0.9567307692307693
4 0.605769230769231 0.8004807692307693 0.4807692307692309 0.8004807692307693 0.4807692307692309 0.9807692307692307 0.605769230769231 0.9807692307692307