2 0.33894230769230776 0.5432692307692307 0.29326923076923084 0.5432692307692307 0.29326923076923084 0.6033653846153846 0.3389423076923078 0.6033653846153846
8 0.14663461538461545 0.5649038461538461 0.07211538461538468 0.5649038461538461 0.07211538461538469 0.6947115384615384 0.14663461538461545 0.6947115384615384
4 0.23317307692307698 0.6201923076923077 0.1850961538461539 0.6201923076923077 0.1850961538461539 0.6995192307692307 0.23317307692307698 0.6995192307692307
8 0.9375 0.6394230769230769 0.8413461538461539 0.6394230769230769 0.8413461538461539 0.8004807692307693 0.9375 0.8004807692307693
4 0.31730769230769246 0.6899038461538461 0.25721153846153855 0.6899038461538461 0.25721153846153855 0.7668269230769231 0.31730769230769246 0.7668269230769231
4 0.528846153846154 0.6802884615384616 0.4567307692307694 0.6802884615384616 0.4567307692307694 0.7764423076923077 0.528846153846154 0.7764423076923077
8 0.8076923076923077 0.6538461538461539 0.7235576923076923 0.6538461538461539 0.7235576923076923 0.8076923076923077 0.8076923076923077 0.8076923076923077
5 0.6682692307692307 0.6947115384615384 0.605769230769231 0.6947115384615384 0.605769230769231 0.7932692307692307 0.6682692307692307 0.7932692307692307
2 0.18028846153846162 0.7067307692307693 0.11538461538461549 0.7067307692307693 0.11538461538461549 0.7956730769230769 0.18028846153846162 0.7956730769230769
2 0.7692307692307693 0.7355769230769231 0.6995192307692307 0.7355769230769231 0.6995192307692307 0.8485576923076923 0.7692307692307693 0.8485576923076923
4 0.7163461538461539 0.7788461538461539 0.6394230769230769 0.7788461538461539 0.6394230769230769 0.8846153846153846 0.7163461538461539 0.8846153846153846
8 0.9134615384615384 0.7764423076923077 0.8149038461538461 0.7764423076923077 0.8149038461538461 0.9375 0.9134615384615384 0.9375
5 0.38942307692307704 0.8317307692307693 0.3076923076923078 0.8317307692307693 0.3076923076923078 0.9423076923076923 0.38942307692307704 0.9423076923076923
8 0.23557692307692318 0.7764423076923077 0.07932692307692318 0.7764423076923077 0.0793269230769232 1 0.2355769230769232 1