2 0.2067307692307693 0.5240384615384616 0.17067307692307698 0.5240384615384616 0.17067307692307698 0.5745192307692307 0.2067307692307693 0.5745192307692307
2 0.10336538461538468 0.5216346153846154 0.06250000000000007 0.5216346153846154 0.06250000000000007 0.6057692307692307 0.10336538461538468 0.6057692307692307
2 0.16105769230769237 0.5480769230769231 0.11538461538461545 0.5480769230769231 0.11538461538461545 0.6057692307692307 0.16105769230769237 0.6057692307692307
4 0.4375000000000001 0.6201923076923077 0.38942307692307704 0.6201923076923077 0.38942307692307704 0.6899038461538461 0.4375000000000001 0.6899038461538461
2 0.3245192307692309 0.6418269230769231 0.2716346153846155 0.6418269230769231 0.2716346153846155 0.7211538461538461 0.3245192307692309 0.7211538461538461
2 0.3942307692307694 0.6514423076923077 0.3461538461538463 0.6514423076923077 0.3461538461538463 0.7307692307692307 0.3942307692307694 0.7307692307692307
2 0.5456730769230771 0.6514423076923077 0.48557692307692324 0.6514423076923077 0.48557692307692324 0.7644230769230769 0.5456730769230771 0.7644230769230769
2 0.49759615384615397 0.6778846153846154 0.4375000000000001 0.6778846153846154 0.4375000000000001 0.7884615384615384 0.49759615384615397 0.7884615384615384
2 0.7067307692307693 0.7259615384615384 0.6129807692307694 0.7259615384615384 0.6129807692307694 0.8701923076923077 0.7067307692307693 0.8701923076923077
2 0.44711538461538475 0.7379807692307693 0.3822115384615386 0.7379807692307693 0.3822115384615386 0.8629807692307693 0.44711538461538475 0.8629807692307693
2 0.36057692307692324 0.7403846153846154 0.29807692307692313 0.7403846153846154 0.2980769230769232 0.8653846153846154 0.36057692307692324 0.8653846153846154
4 0.5721153846153848 0.7980769230769231 0.4951923076923078 0.7980769230769231 0.4951923076923078 0.9375 0.5721153846153848 0.9375
2 0.5048076923076924 0.8317307692307693 0.4182692307692309 0.8317307692307693 0.4182692307692309 1 0.5048076923076924 1
2 0.8221153846153846 0.8317307692307693 0.7091346153846154 0.8317307692307693 0.7091346153846154 1 0.8221153846153846 1
2 0.7163461538461539 0.8485576923076923 0.6033653846153848 0.8485576923076923 0.6033653846153848 1 0.7163461538461539 1