8 0.17788461538461545 0.43509615384615385 0.10336538461538468 0.43509615384615385 0.10336538461538468 0.5504807692307693 0.17788461538461545 0.5504807692307693
8 0.7283653846153846 0.4687500000000001 0.6586538461538461 0.4687500000000001 0.6586538461538461 0.6177884615384616 0.7283653846153846 0.6177884615384616
4 0.3221153846153847 0.5408653846153846 0.2908653846153847 0.5408653846153846 0.2908653846153847 0.5961538461538461 0.32211538461538475 0.5961538461538461
8 0.15865384615384623 0.5504807692307693 0.07451923076923084 0.5504807692307693 0.07451923076923085 0.7019230769230769 0.15865384615384623 0.7019230769230769
2 0.31009615384615397 0.5793269230769231 0.25000000000000006 0.5793269230769231 0.25000000000000006 0.6826923076923077 0.31009615384615397 0.6826923076923077
2 0.6033653846153848 0.5937500000000001 0.543269230769231 0.59375 0.543269230769231 0.6923076923076923 0.6033653846153848 0.6923076923076923
2 0.4711538461538463 0.6105769230769231 0.41586538461538475 0.6105769230769231 0.41586538461538475 0.6850961538461539 0.4711538461538463 0.6850961538461539
2 0.5216346153846155 0.6610576923076923 0.45913461538461553 0.6610576923076923 0.45913461538461553 0.7644230769230769 0.5216346153846155 0.7644230769230769
2 0.8317307692307693 0.7043269230769231 0.7548076923076923 0.7043269230769231 0.7548076923076923 0.8028846153846154 0.8317307692307693 0.8028846153846154
2 0.2596153846153847 0.7740384615384616 0.1850961538461539 0.7740384615384616 0.18509615384615394 0.9134615384615384 0.25961538461538475 0.9134615384615384
4 0.1514423076923078 0.8533653846153846 0.06971153846153856 0.8533653846153846 0.06971153846153857 0.9567307692307693 0.1514423076923078 0.9567307692307693