4 0.5673076923076923 0.41826923076923084 0.5408653846153846 0.4182692307692308 0.5408653846153846 0.46394230769230776 0.5673076923076923 0.4639423076923078
2 0.7668269230769231 0.4302884615384617 0.7427884615384616 0.4302884615384617 0.7427884615384616 0.4951923076923078 0.7668269230769231 0.4951923076923078
4 0.7211538461538461 0.45192307692307704 0.6899038461538461 0.45192307692307704 0.6899038461538461 0.4951923076923078 0.7211538461538461 0.4951923076923078
4 0.6442307692307693 0.4639423076923078 0.6201923076923077 0.4639423076923078 0.6201923076923077 0.5096153846153848 0.6442307692307693 0.5096153846153848
4 0.4182692307692308 0.47596153846153844 0.3798076923076923 0.47596153846153844 0.3798076923076923 0.5216346153846154 0.4182692307692308 0.5216346153846154
5 0.18028846153846162 0.4951923076923077 0.14663461538461545 0.4951923076923077 0.14663461538461545 0.5408653846153846 0.18028846153846162 0.5408653846153846
2 0.5817307692307693 0.4879807692307693 0.5480769230769231 0.4879807692307692 0.5480769230769231 0.5528846153846154 0.5817307692307693 0.5528846153846155
4 0.7956730769230769 0.543269230769231 0.75 0.543269230769231 0.75 0.6129807692307694 0.7956730769230769 0.6129807692307694
8 0.9326923076923077 0.5793269230769232 0.8004807692307693 0.5793269230769232 0.8004807692307693 0.8149038461538461 0.9326923076923077 0.8149038461538461
2 1 0.6682692307692307 0.9350961538461539 0.6682692307692307 0.9350961538461539 0.7644230769230769 1 0.7644230769230769
1 0.9615384615384616 0.6899038461538461 0.9350961538461539 0.6899038461538461 0.9350961538461539 0.7644230769230769 0.9615384615384616 0.7644230769230769
2 0.7139423076923077 0.71875 0.6538461538461539 0.71875 0.6538461538461539 0.8317307692307693 0.7139423076923077 0.8317307692307693
9 0.3509615384615386 0.7884615384615384 0.2788461538461539 0.7884615384615384 0.27884615384615397 0.9230769230769231 0.3509615384615386 0.9230769230769231