2 0.2740384615384616 0.28846153846153844 0.23317307692307698 0.28846153846153844 0.23317307692307698 0.3485576923076923 0.2740384615384616 0.3485576923076923
2 0.5841346153846154 0.2836538461538462 0.5408653846153846 0.2836538461538462 0.5408653846153846 0.36057692307692313 0.5841346153846154 0.36057692307692324
2 0.4855769230769231 0.29807692307692313 0.43990384615384615 0.29807692307692313 0.43990384615384615 0.3485576923076923 0.4855769230769231 0.3485576923076923
2 0.23317307692307698 0.30288461538461536 0.19471153846153852 0.30288461538461536 0.19471153846153852 0.3605769230769231 0.23317307692307698 0.3605769230769231
2 0.4375 0.3052884615384616 0.3894230769230769 0.3052884615384616 0.3894230769230769 0.36778846153846156 0.4375 0.36778846153846156
2 0.6802884615384616 0.32932692307692324 0.6129807692307693 0.32932692307692324 0.6129807692307693 0.3990384615384617 0.6802884615384616 0.3990384615384617
2 0.7307692307692307 0.37259615384615397 0.6490384615384616 0.37259615384615397 0.6490384615384616 0.45432692307692324 0.7307692307692307 0.45432692307692324
2 0.26201923076923084 0.41586538461538464 0.18990384615384623 0.41586538461538464 0.18990384615384623 0.4951923076923077 0.26201923076923084 0.4951923076923077
4 0.34615384615384615 0.4230769230769231 0.2836538461538462 0.4230769230769231 0.2836538461538462 0.4951923076923077 0.34615384615384615 0.4951923076923077
4 0.6826923076923077 0.42788461538461553 0.5961538461538461 0.42788461538461553 0.5961538461538461 0.528846153846154 0.6826923076923077 0.528846153846154
5 0.6442307692307693 0.5673076923076924 0.5384615384615385 0.5673076923076923 0.5384615384615385 0.6971153846153846 0.6442307692307693 0.6971153846153846
5 0.5144230769230771 0.6129807692307693 0.4182692307692309 0.6129807692307693 0.4182692307692309 0.7403846153846154 0.5144230769230771 0.7403846153846154