0 0.6850961538461539 0.39182692307692313 0.5360576923076923 0.3918269230769231 0.5360576923076924 0.608173076923077 0.6850961538461539 0.6081730769230771
4 0.31490384615384615 0.4831730769230769 0.22115384615384623 0.4831730769230769 0.22115384615384623 0.5504807692307693 0.31490384615384615 0.5504807692307693
2 0.5336538461538463 0.49759615384615385 0.43028846153846156 0.49759615384615385 0.4302884615384616 0.5961538461538461 0.5336538461538463 0.5961538461538461
4 0.6923076923076923 0.5024038461538463 0.6201923076923077 0.5024038461538463 0.6201923076923077 0.6105769230769232 0.6923076923076923 0.6105769230769232
2 0.3221153846153847 0.5336538461538461 0.18750000000000006 0.5336538461538461 0.18750000000000006 0.6418269230769231 0.32211538461538475 0.6418269230769231
2 0.7596153846153846 0.5264423076923078 0.6778846153846154 0.5264423076923078 0.6778846153846154 0.6658653846153846 0.7596153846153846 0.6658653846153846
4 0.8557692307692307 0.5961538461538463 0.7692307692307693 0.5961538461538463 0.7692307692307693 0.7355769230769231 0.8557692307692307 0.7355769230769231
2 0.6298076923076923 0.5528846153846154 0.5072115384615384 0.5528846153846154 0.5072115384615385 0.7908653846153846 0.6298076923076923 0.7908653846153846
2 0.5264423076923078 0.5913461538461539 0.4134615384615386 0.5913461538461539 0.4134615384615386 0.7692307692307693 0.5264423076923078 0.7692307692307693
4 0.3557692307692309 0.6514423076923077 0.22596153846153852 0.6514423076923077 0.22596153846153852 0.8100961538461539 0.3557692307692309 0.8100961538461539
8 0.71875 0.6442307692307693 0.4879807692307694 0.6442307692307693 0.4879807692307694 1 0.71875 1