8 0.7788461538461539 0.4134615384615386 0.7307692307692307 0.4134615384615386 0.7307692307692307 0.49759615384615397 0.7788461538461539 0.49759615384615397
8 0.7331730769230769 0.42788461538461553 0.6826923076923077 0.42788461538461553 0.6826923076923077 0.5216346153846155 0.7331730769230769 0.5216346153846155
8 0.6322115384615384 0.44711538461538475 0.5769230769230769 0.44711538461538475 0.5769230769230769 0.5360576923076924 0.6322115384615384 0.5360576923076924
8 0.15625000000000006 0.43990384615384615 0.09134615384615391 0.43990384615384615 0.09134615384615391 0.5528846153846154 0.15625000000000006 0.5528846153846154
2 0.3004807692307693 0.4855769230769231 0.2548076923076924 0.4855769230769231 0.2548076923076924 0.5504807692307693 0.3004807692307693 0.5504807692307693
2 0.5168269230769231 0.5096153846153846 0.47836538461538464 0.5096153846153846 0.4783653846153847 0.5769230769230769 0.5168269230769232 0.5769230769230769
8 0.7091346153846154 0.49038461538461553 0.6538461538461539 0.49038461538461553 0.6538461538461539 0.605769230769231 0.7091346153846154 0.605769230769231
2 0.5889423076923077 0.5168269230769231 0.5408653846153846 0.5168269230769231 0.5408653846153847 0.5985576923076924 0.5889423076923078 0.5985576923076924
8 0.06250000000000007 0.47115384615384615 5.769970495982722e-17 0.47115384615384615 6.94751549516287e-17 0.6634615384615384 0.06250000000000008 0.6634615384615384
2 0.5216346153846155 0.5745192307692307 0.48557692307692324 0.5745192307692307 0.48557692307692324 0.6322115384615384 0.5216346153846155 0.6322115384615384
8 0.6899038461538461 0.543269230769231 0.6153846153846154 0.543269230769231 0.6153846153846154 0.6778846153846154 0.6899038461538461 0.6778846153846154
2 0.18269230769230776 0.5745192307692307 0.12980769230769237 0.5745192307692307 0.12980769230769237 0.6466346153846154 0.18269230769230776 0.6466346153846154
4 0.4711538461538463 0.5961538461538461 0.42788461538461553 0.5961538461538461 0.42788461538461553 0.6634615384615384 0.4711538461538463 0.6634615384615384
4 0.2283653846153847 0.6322115384615384 0.1754807692307693 0.6322115384615384 0.1754807692307693 0.6875 0.2283653846153847 0.6875
4 0.4927884615384617 0.6322115384615384 0.4399038461538463 0.6322115384615384 0.4399038461538463 0.7211538461538461 0.4927884615384617 0.7211538461538461
4 0.21394230769230776 0.6754807692307693 0.1658653846153847 0.6754807692307693 0.1658653846153847 0.7331730769230769 0.21394230769230776 0.7331730769230769
2 0.7331730769230769 0.6947115384615384 0.6634615384615384 0.6947115384615384 0.6634615384615384 0.7908653846153846 0.7331730769230769 0.7908653846153846
2 0.12259615384615395 0.7283653846153846 0.05288461538461547 0.7283653846153846 0.05288461538461548 0.8485576923076923 0.12259615384615395 0.8485576923076923
9 0.35336538461538475 0.9206730769230769 0.23798076923076936 0.9206730769230769 0.23798076923076936 1 0.35336538461538475 1