8 0.4879807692307694 0.6057692307692307 0.42067307692307704 0.6057692307692307 0.42067307692307704 0.7211538461538461 0.4879807692307694 0.7211538461538461
5 0.5504807692307694 0.6298076923076923 0.5000000000000001 0.6298076923076923 0.5000000000000001 0.6947115384615384 0.5504807692307694 0.6947115384615384
8 0.31730769230769246 0.6105769230769231 0.24038461538461545 0.6105769230769231 0.24038461538461545 0.7355769230769231 0.31730769230769246 0.7355769230769231
2 0.8846153846153846 0.6418269230769231 0.8221153846153846 0.6418269230769231 0.8221153846153846 0.7307692307692307 0.8846153846153846 0.7307692307692307
4 0.24038461538461545 0.65625 0.18028846153846162 0.65625 0.18028846153846162 0.7259615384615384 0.24038461538461545 0.7259615384615384
4 0.6009615384615385 0.6730769230769231 0.5408653846153848 0.6730769230769231 0.5408653846153848 0.7572115384615384 0.6009615384615385 0.7572115384615384
2 0.2788461538461539 0.6923076923076923 0.21153846153846162 0.6923076923076923 0.21153846153846162 0.8221153846153846 0.2788461538461539 0.8221153846153846
2 0.6826923076923077 0.6826923076923077 0.6009615384615385 0.6826923076923077 0.6009615384615385 0.8509615384615384 0.6826923076923077 0.8509615384615384
5 0.7355769230769231 0.7163461538461539 0.6826923076923077 0.7163461538461539 0.6826923076923077 0.8197115384615384 0.7355769230769231 0.8197115384615384
4 1 0.7355769230769231 0.9423076923076923 0.7355769230769231 0.9423076923076923 0.8173076923076923 1 0.8173076923076923
8 0.10576923076923085 0.6634615384615384 8.125060494343017e-17 0.6634615384615384 9.744184868215721e-17 0.9278846153846154 0.10576923076923087 0.9278846153846154
2 0.18028846153846165 0.7740384615384616 0.08173076923076933 0.7740384615384616 0.08173076923076936 0.9831730769230769 0.18028846153846168 0.9831730769230769