2 0.5336538461538461 0.3004807692307693 0.4951923076923077 0.3004807692307693 0.4951923076923077 0.34134615384615385 0.5336538461538461 0.34134615384615385
2 0.4855769230769231 0.31009615384615385 0.4543269230769231 0.31009615384615385 0.4543269230769231 0.35096153846153844 0.4855769230769231 0.35096153846153844
4 0.6177884615384616 0.33413461538461553 0.5793269230769231 0.33413461538461553 0.5793269230769231 0.3870192307692309 0.6177884615384616 0.3870192307692309
4 0.41346153846153844 0.35336538461538464 0.375 0.35336538461538464 0.375 0.40625 0.41346153846153844 0.40625
2 0.33413461538461536 0.40384615384615385 0.2908653846153847 0.40384615384615385 0.2908653846153847 0.46153846153846156 0.33413461538461536 0.46153846153846156
2 0.9807692307692307 0.42067307692307704 0.8870192307692307 0.42067307692307704 0.8870192307692307 0.5216346153846155 0.9807692307692307 0.5216346153846155
4 0.36538461538461536 0.46875 0.3028846153846155 0.46875 0.3028846153846155 0.5360576923076923 0.36538461538461536 0.5360576923076923
2 0.9326923076923077 0.42067307692307704 0.8245192307692307 0.42067307692307704 0.8245192307692307 0.5889423076923078 0.9326923076923077 0.5889423076923078
4 0.8846153846153846 0.5096153846153848 0.7860576923076923 0.5096153846153848 0.7860576923076923 0.6370192307692307 0.8846153846153846 0.6370192307692307
4 1 0.7668269230769231 0.8798076923076923 0.7668269230769231 0.8798076923076923 0.9663461538461539 1 0.9663461538461539
2 0.543269230769231 0.7860576923076923 0.4062500000000001 0.7860576923076923 0.4062500000000001 0.9975961538461539 0.543269230769231 0.9975961538461539