8 0.42788461538461536 0.28846153846153855 0.35336538461538464 0.28846153846153855 0.35336538461538464 0.38461538461538464 0.42788461538461536 0.38461538461538464
4 0.7235576923076923 0.32692307692307704 0.6923076923076923 0.32692307692307704 0.6923076923076923 0.3750000000000001 0.7235576923076923 0.3750000000000001
8 0.33413461538461536 0.3125 0.2548076923076924 0.3125 0.2548076923076924 0.4326923076923077 0.33413461538461536 0.4326923076923077
4 0.6658653846153846 0.40384615384615397 0.6274038461538461 0.40384615384615397 0.6274038461538461 0.4639423076923078 0.6658653846153846 0.4639423076923078
2 0.7259615384615384 0.40384615384615397 0.6730769230769231 0.40384615384615397 0.6730769230769231 0.5216346153846155 0.7259615384615384 0.5216346153846155
4 0.48076923076923084 0.5360576923076923 0.41346153846153844 0.5360576923076923 0.41346153846153855 0.6322115384615384 0.4807692307692309 0.6322115384615384
2 0.6225961538461539 0.591346153846154 0.5504807692307694 0.5913461538461539 0.5504807692307694 0.7067307692307693 0.6225961538461539 0.7067307692307693
4 0.48317307692307704 0.65625 0.39182692307692324 0.65625 0.39182692307692324 0.7788461538461539 0.48317307692307704 0.7788461538461539
4 0.543269230769231 0.7379807692307693 0.45913461538461553 0.7379807692307693 0.45913461538461553 0.8605769230769231 0.543269230769231 0.8605769230769231
8 0.6730769230769231 0.7067307692307693 0.543269230769231 0.7067307692307693 0.543269230769231 1 0.6730769230769231 1
4 0.20192307692307704 0.8245192307692307 0.07211538461538472 0.8245192307692307 0.07211538461538472 0.9951923076923077 0.20192307692307707 0.9951923076923077