2 0.47115384615384615 0.28125000000000006 0.43509615384615385 0.28125000000000006 0.43509615384615385 0.3389423076923077 0.47115384615384615 0.3389423076923077
4 0.31490384615384615 0.3052884615384616 0.2860576923076924 0.3052884615384616 0.2860576923076924 0.3485576923076923 0.31490384615384615 0.3485576923076923
2 0.4423076923076923 0.3076923076923077 0.40865384615384615 0.3076923076923077 0.40865384615384615 0.3557692307692308 0.4423076923076923 0.3557692307692308
9 0.2163461538461539 0.31009615384615385 0.17788461538461545 0.31009615384615385 0.17788461538461545 0.3605769230769231 0.2163461538461539 0.3605769230769231
2 0.4206730769230769 0.3052884615384616 0.38461538461538464 0.3052884615384616 0.38461538461538464 0.375 0.4206730769230769 0.375
4 0.26201923076923084 0.3245192307692308 0.23317307692307698 0.3245192307692308 0.23317307692307698 0.36778846153846156 0.26201923076923084 0.36778846153846156
4 0.3317307692307692 0.3317307692307692 0.3028846153846155 0.3317307692307692 0.3028846153846155 0.37259615384615385 0.3317307692307692 0.37259615384615385
2 0.53125 0.3269230769230769 0.49278846153846156 0.3269230769230769 0.49278846153846156 0.3918269230769231 0.53125 0.3918269230769231
4 0.3028846153846155 0.39663461538461536 0.2596153846153847 0.39663461538461536 0.2596153846153847 0.4519230769230769 0.3028846153846155 0.4519230769230769
9 0.6610576923076923 0.4086538461538463 0.5817307692307693 0.4086538461538463 0.5817307692307693 0.5096153846153848 0.6610576923076923 0.5096153846153848
9 0.5168269230769232 0.6274038461538461 0.3870192307692309 0.6274038461538461 0.3870192307692309 0.8221153846153846 0.5168269230769232 0.8221153846153846
2 0.9399038461538461 0.7668269230769231 0.7451923076923077 0.7668269230769231 0.7451923076923077 0.9975961538461539 0.9399038461538461 0.9975961538461539
8 0.5576923076923078 0.8221153846153846 0.37259615384615397 0.8221153846153846 0.37259615384615397 1 0.5576923076923078 1