8 0.39182692307692313 0.5192307692307693 0.31009615384615385 0.5192307692307693 0.3100961538461539 0.6802884615384616 0.39182692307692324 0.6802884615384616
9 0.5168269230769232 0.5841346153846154 0.46634615384615397 0.5841346153846154 0.46634615384615397 0.6826923076923077 0.5168269230769232 0.6826923076923077
9 0.28125000000000006 0.6009615384615384 0.21153846153846162 0.6009615384615384 0.21153846153846162 0.7091346153846154 0.28125000000000006 0.7091346153846154
5 0.44230769230769246 0.625 0.38461538461538475 0.625 0.38461538461538475 0.7067307692307693 0.44230769230769246 0.7067307692307693
2 0.2740384615384616 0.6754807692307693 0.21153846153846162 0.6754807692307693 0.21153846153846162 0.7692307692307693 0.2740384615384616 0.7692307692307693
2 0.6802884615384616 0.6682692307692307 0.6129807692307694 0.6682692307692307 0.6129807692307694 0.7836538461538461 0.6802884615384616 0.7836538461538461
2 0.6129807692307694 0.6826923076923077 0.5408653846153848 0.6826923076923077 0.5408653846153848 0.8149038461538461 0.6129807692307694 0.8149038461538461
5 0.48557692307692324 0.71875 0.4062500000000001 0.71875 0.4062500000000001 0.8293269230769231 0.48557692307692324 0.8293269230769231
2 0.2980769230769232 0.7620192307692307 0.23557692307692316 0.7620192307692307 0.23557692307692318 0.8581730769230769 0.29807692307692324 0.8581730769230769
4 0.7355769230769231 0.7740384615384616 0.6610576923076923 0.7740384615384616 0.6610576923076923 0.8605769230769231 0.7355769230769231 0.8605769230769231
4 0.6850961538461539 0.84375 0.6129807692307694 0.84375 0.6129807692307694 0.9447115384615384 0.6850961538461539 0.9447115384615384