8 0.22115384615384623 0.4855769230769231 0.12740384615384623 0.4855769230769231 0.12740384615384623 0.6225961538461539 0.22115384615384623 0.6225961538461539
2 0.5360576923076924 0.5432692307692307 0.4855769230769231 0.5432692307692307 0.48557692307692313 0.6153846153846154 0.5360576923076924 0.6153846153846154
4 0.6057692307692308 0.5576923076923077 0.5504807692307693 0.5576923076923077 0.5504807692307693 0.6298076923076923 0.605769230769231 0.6298076923076923
8 0.7788461538461539 0.512019230769231 0.6850961538461539 0.512019230769231 0.6850961538461539 0.6899038461538461 0.7788461538461539 0.6899038461538461
2 0.05769230769230777 0.5673076923076923 0.004807692307692378 0.5673076923076923 0.0048076923076923826 0.6418269230769231 0.05769230769230778 0.6418269230769231
2 0.6899038461538461 0.5769230769230771 0.6322115384615384 0.5769230769230771 0.6322115384615384 0.6850961538461539 0.6899038461538461 0.6850961538461539
2 0.22596153846153852 0.6274038461538461 0.16826923076923084 0.6274038461538461 0.16826923076923084 0.7163461538461539 0.22596153846153852 0.7163461538461539
4 0.5168269230769232 0.6370192307692307 0.45432692307692324 0.6370192307692307 0.45432692307692324 0.71875 0.5168269230769232 0.71875
4 0.12500000000000008 0.6658653846153846 0.05528846153846163 0.6658653846153846 0.05528846153846163 0.7572115384615384 0.1250000000000001 0.7572115384615384
4 0.2283653846153847 0.7235576923076923 0.16346153846153852 0.7235576923076923 0.16346153846153852 0.8125 0.2283653846153847 0.8125
2 0.8389423076923077 0.7620192307692307 0.7307692307692307 0.7620192307692307 0.7307692307692307 0.8822115384615384 0.8389423076923077 0.8822115384615384
2 0.7115384615384616 0.8197115384615384 0.6153846153846154 0.8197115384615384 0.6153846153846154 0.9567307692307693 0.7115384615384616 0.9567307692307693
2 0.3245192307692309 0.8725961538461539 0.21153846153846168 0.8725961538461539 0.21153846153846168 1 0.3245192307692309 1