4 0.20432692307692316 0.6394230769230769 0.16105769230769237 0.6394230769230769 0.16105769230769237 0.6947115384615384 0.20432692307692316 0.6947115384615384
4 0.5408653846153848 0.6706730769230769 0.4879807692307694 0.6706730769230769 0.4879807692307694 0.7283653846153846 0.5408653846153848 0.7283653846153846
8 0.7139423076923077 0.6442307692307693 0.6490384615384616 0.6442307692307693 0.6490384615384616 0.7860576923076923 0.7139423076923077 0.7860576923076923
5 0.2908653846153847 0.6971153846153846 0.2475961538461539 0.6971153846153846 0.2475961538461539 0.7644230769230769 0.2908653846153847 0.7644230769230769
2 0.3942307692307694 0.6706730769230769 0.3509615384615386 0.6706730769230769 0.3509615384615386 0.7908653846153846 0.3942307692307694 0.7908653846153846
8 0.8822115384615384 0.6682692307692307 0.8173076923076923 0.6682692307692307 0.8173076923076923 0.8100961538461539 0.8822115384615384 0.8100961538461539
4 0.605769230769231 0.7331730769230769 0.5576923076923078 0.7331730769230769 0.5576923076923078 0.8052884615384616 0.605769230769231 0.8052884615384616
4 0.2548076923076924 0.7307692307692307 0.18990384615384623 0.7307692307692307 0.18990384615384623 0.8100961538461539 0.2548076923076924 0.8100961538461539
8 0.8125 0.7019230769230769 0.75 0.7019230769230769 0.75 0.8461538461538461 0.8125 0.8461538461538461
4 0.3750000000000001 0.7572115384615384 0.32211538461538475 0.7572115384615384 0.32211538461538475 0.8197115384615384 0.3750000000000001 0.8197115384615384
4 0.5456730769230771 0.7908653846153846 0.49759615384615397 0.7908653846153846 0.49759615384615397 0.875 0.5456730769230771 0.875