8 0.7163461538461539 0.44230769230769246 0.6658653846153846 0.44230769230769246 0.6658653846153846 0.5456730769230771 0.7163461538461539 0.5456730769230771
4 0.5360576923076923 0.4735576923076923 0.4951923076923077 0.4735576923076923 0.4951923076923077 0.5288461538461539 0.5360576923076923 0.5288461538461539
8 0.6490384615384616 0.47355769230769246 0.5985576923076923 0.47355769230769246 0.5985576923076924 0.5625000000000001 0.6490384615384616 0.5625000000000001
2 0.5865384615384616 0.5168269230769231 0.5456730769230769 0.5168269230769231 0.545673076923077 0.5817307692307693 0.5865384615384617 0.5817307692307694
4 0.25721153846153855 0.5456730769230769 0.22355769230769237 0.5456730769230769 0.22355769230769237 0.6033653846153846 0.25721153846153855 0.6033653846153846
2 0.2908653846153847 0.5336538461538461 0.25000000000000006 0.5336538461538461 0.25000000000000006 0.6346153846153846 0.2908653846153847 0.6346153846153846
2 0.20192307692307698 0.6322115384615384 0.14663461538461545 0.6322115384615384 0.14663461538461547 0.7067307692307693 0.20192307692307698 0.7067307692307693
2 0.6730769230769231 0.6418269230769231 0.6009615384615385 0.6418269230769231 0.6009615384615385 0.7475961538461539 0.6730769230769231 0.7475961538461539
8 0.9759615384615384 0.6153846153846154 0.8245192307692307 0.6153846153846154 0.8245192307692307 0.8581730769230769 0.9759615384615384 0.8581730769230769
4 0.7524038461538461 0.7836538461538461 0.6586538461538461 0.7836538461538461 0.6586538461538461 0.9158653846153846 0.7524038461538461 0.9158653846153846
2 0.15144230769230782 0.8389423076923077 0.06490384615384626 0.8389423076923077 0.06490384615384627 0.9855769230769231 0.15144230769230782 0.9855769230769231