2 0.53125 0.3269230769230769 0.4951923076923077 0.3269230769230769 0.4951923076923077 0.375 0.53125 0.375
2 0.4182692307692308 0.34375 0.38221153846153844 0.34375 0.38221153846153844 0.4014423076923077 0.4182692307692308 0.4014423076923077
4 0.6298076923076923 0.34855769230769246 0.5793269230769231 0.34855769230769246 0.5793269230769231 0.4062500000000001 0.6298076923076923 0.4062500000000001
5 0.78125 0.3461538461538463 0.7307692307692307 0.3461538461538463 0.7307692307692307 0.4086538461538463 0.78125 0.4086538461538463
8 0.3894230769230769 0.3317307692307692 0.3269230769230769 0.3317307692307692 0.3269230769230769 0.43990384615384615 0.3894230769230769 0.43990384615384615
2 0.49038461538461536 0.3629807692307692 0.44471153846153844 0.3629807692307692 0.44471153846153844 0.4182692307692308 0.49038461538461536 0.4182692307692308
2 0.46875 0.3918269230769231 0.4206730769230769 0.3918269230769231 0.4206730769230769 0.46634615384615385 0.46875 0.46634615384615385
5 0.5600961538461539 0.40625000000000006 0.4951923076923077 0.40625 0.4951923076923077 0.48076923076923084 0.5600961538461539 0.4807692307692309
2 0.3581730769230769 0.4519230769230769 0.3004807692307693 0.4519230769230769 0.3004807692307693 0.5360576923076923 0.3581730769230769 0.5360576923076923
4 0.8894230769230769 0.4615384615384617 0.8100961538461539 0.4615384615384617 0.8100961538461539 0.5504807692307694 0.8894230769230769 0.5504807692307694
4 0.8701923076923077 0.4951923076923078 0.7836538461538461 0.4951923076923078 0.7836538461538461 0.5985576923076924 0.8701923076923077 0.5985576923076924