9 0.7163461538461539 0.2548076923076924 0.6802884615384616 0.2548076923076924 0.6802884615384616 0.3197115384615386 0.7163461538461539 0.3197115384615386
4 0.5504807692307693 0.2692307692307693 0.5144230769230769 0.2692307692307693 0.5144230769230769 0.31009615384615385 0.5504807692307693 0.31009615384615385
4 0.7620192307692307 0.29807692307692313 0.7283653846153846 0.29807692307692313 0.7283653846153846 0.36057692307692324 0.7620192307692307 0.36057692307692324
4 0.7163461538461539 0.3076923076923078 0.6778846153846154 0.3076923076923078 0.6778846153846154 0.3701923076923078 0.7163461538461539 0.3701923076923078
4 0.5673076923076923 0.3221153846153847 0.5216346153846154 0.32211538461538464 0.5216346153846154 0.3774038461538462 0.5673076923076923 0.3774038461538463
9 0.44471153846153844 0.32211538461538464 0.3798076923076923 0.32211538461538464 0.3798076923076923 0.3870192307692308 0.44471153846153844 0.3870192307692308
4 0.6225961538461539 0.33413461538461553 0.5793269230769231 0.33413461538461553 0.5793269230769231 0.4014423076923078 0.6225961538461539 0.4014423076923078
4 0.41346153846153844 0.38461538461538464 0.3605769230769231 0.38461538461538464 0.3605769230769231 0.4567307692307692 0.41346153846153844 0.4567307692307692
2 0.34615384615384615 0.3918269230769231 0.2692307692307693 0.3918269230769231 0.2692307692307693 0.4831730769230769 0.34615384615384615 0.4831730769230769
1 0.03125000000000007 0.5456730769230769 6.682567870347336e-17 0.5456730769230769 7.12414724503989e-17 0.6177884615384616 0.031250000000000076 0.6177884615384616
2 0.7211538461538461 0.5817307692307694 0.6466346153846154 0.5817307692307694 0.6466346153846154 0.7235576923076923 0.7211538461538461 0.7235576923076923
4 0.6153846153846154 0.625 0.5408653846153848 0.625 0.5408653846153848 0.7596153846153846 0.6153846153846154 0.7596153846153846
5 0.3509615384615386 0.65625 0.22115384615384623 0.65625 0.22115384615384623 0.8004807692307693 0.3509615384615386 0.8004807692307693