4 0.6274038461538461 0.264423076923077 0.6033653846153846 0.264423076923077 0.6033653846153846 0.3028846153846155 0.6274038461538461 0.3028846153846155
4 0.7836538461538461 0.2860576923076924 0.7475961538461539 0.2860576923076924 0.7475961538461539 0.31730769230769246 0.7836538461538461 0.31730769230769246
4 0.6706730769230769 0.29807692307692313 0.6346153846153846 0.29807692307692313 0.6346153846153846 0.3365384615384617 0.6706730769230769 0.3365384615384617
2 0.5600961538461539 0.3149038461538462 0.5120192307692307 0.31490384615384615 0.5120192307692307 0.37019230769230776 0.5600961538461539 0.3701923076923078
2 0.7692307692307693 0.3245192307692309 0.7307692307692307 0.3245192307692309 0.7307692307692307 0.3822115384615386 0.7692307692307693 0.3822115384615386
2 0.8966346153846154 0.3149038461538463 0.8533653846153846 0.3149038461538463 0.8533653846153846 0.4086538461538463 0.8966346153846154 0.4086538461538463
1 0.9158653846153846 0.33413461538461553 0.8990384615384616 0.33413461538461553 0.8990384615384616 0.3990384615384617 0.9158653846153846 0.3990384615384617
8 0.44711538461538464 0.37259615384615385 0.37740384615384615 0.37259615384615385 0.37740384615384615 0.44711538461538464 0.44711538461538464 0.44711538461538464
4 0.8701923076923077 0.4399038461538463 0.8197115384615384 0.4399038461538463 0.8197115384615384 0.528846153846154 0.8701923076923077 0.528846153846154
8 0.8197115384615384 0.3557692307692309 0.6850961538461539 0.3557692307692309 0.6850961538461539 0.6730769230769231 0.8197115384615384 0.6730769230769231
4 0.65625 0.5192307692307694 0.5865384615384616 0.5192307692307694 0.5865384615384616 0.6394230769230769 0.65625 0.6394230769230769
4 0.4254807692307694 0.7860576923076923 0.31009615384615397 0.7860576923076923 0.31009615384615397 0.9326923076923077 0.4254807692307694 0.9326923076923077