4 0.2067307692307693 0.5528846153846154 0.14663461538461545 0.5528846153846154 0.14663461538461545 0.6129807692307693 0.2067307692307693 0.6129807692307693
2 0.10576923076923084 0.5504807692307693 0.052884615384615453 0.5504807692307693 0.05288461538461546 0.6490384615384616 0.10576923076923084 0.6490384615384616
2 0.3125000000000001 0.5769230769230769 0.2548076923076924 0.5769230769230769 0.2548076923076924 0.6538461538461539 0.3125000000000001 0.6538461538461539
8 0.6730769230769231 0.5865384615384617 0.6177884615384616 0.5865384615384617 0.6177884615384616 0.6754807692307693 0.6730769230769231 0.6754807692307693
8 0.543269230769231 0.6057692307692307 0.49038461538461553 0.6057692307692307 0.49038461538461553 0.6754807692307693 0.543269230769231 0.6754807692307693
2 0.22596153846153852 0.6298076923076923 0.16826923076923084 0.6298076923076923 0.16826923076923084 0.7451923076923077 0.22596153846153852 0.7451923076923077
2 0.12740384615384623 0.6682692307692307 0.06971153846153855 0.6682692307692307 0.06971153846153855 0.7572115384615384 0.12740384615384626 0.7572115384615384
2 0.6153846153846154 0.6634615384615384 0.543269230769231 0.6634615384615384 0.543269230769231 0.7932692307692307 0.6153846153846154 0.7932692307692307
9 0.3437500000000001 0.7379807692307693 0.27644230769230776 0.7379807692307693 0.2764423076923078 0.8389423076923077 0.3437500000000001 0.8389423076923077
2 0.2548076923076924 0.7355769230769231 0.1754807692307693 0.7355769230769231 0.17548076923076933 0.90625 0.25480769230769246 0.90625
2 0.9254807692307693 0.8846153846153846 0.8100961538461539 0.8846153846153846 0.8100961538461539 1 0.9254807692307693 1