4 0.3461538461538463 0.6682692307692307 0.295673076923077 0.6682692307692307 0.295673076923077 0.7403846153846154 0.3461538461538463 0.7403846153846154
5 0.2596153846153847 0.6610576923076923 0.19471153846153852 0.6610576923076923 0.19471153846153852 0.7548076923076923 0.2596153846153847 0.7548076923076923
2 0.6322115384615384 0.6850961538461539 0.560096153846154 0.6850961538461539 0.560096153846154 0.7740384615384616 0.6322115384615384 0.7740384615384616
4 0.4711538461538463 0.6899038461538461 0.4062500000000001 0.6899038461538461 0.4062500000000001 0.7764423076923077 0.4711538461538463 0.7764423076923077
2 0.5552884615384617 0.7139423076923077 0.4951923076923078 0.7139423076923077 0.4951923076923078 0.7908653846153846 0.5552884615384617 0.7908653846153846
2 0.6754807692307693 0.7235576923076923 0.6081730769230771 0.7235576923076923 0.6081730769230771 0.8173076923076923 0.6754807692307693 0.8173076923076923
5 0.39663461538461553 0.7307692307692307 0.32692307692307704 0.7307692307692307 0.32692307692307704 0.8293269230769231 0.39663461538461553 0.8293269230769231
2 0.2908653846153847 0.7572115384615384 0.22596153846153852 0.7572115384615384 0.22596153846153852 0.8365384615384616 0.2908653846153847 0.8365384615384616
2 0.7235576923076923 0.7764423076923077 0.6514423076923077 0.7764423076923077 0.6514423076923077 0.8894230769230769 0.7235576923076923 0.8894230769230769
4 0.28846153846153855 0.8076923076923077 0.22355769230769237 0.8076923076923077 0.2235576923076924 0.8966346153846154 0.2884615384615386 0.8966346153846154
2 0.9975961538461539 0.8004807692307693 0.9302884615384616 0.8004807692307693 0.9302884615384616 0.9807692307692307 0.9975961538461539 0.9807692307692307
2 0.6490384615384616 0.8509615384615384 0.574519230769231 0.8509615384615384 0.574519230769231 0.9543269230769231 0.6490384615384616 0.9543269230769231
5 0.8293269230769231 0.8822115384615384 0.7379807692307693 0.8822115384615384 0.7379807692307693 0.9975961538461539 0.8293269230769231 0.9975961538461539