2 0.7860576923076923 0.22115384615384623 0.75 0.22115384615384623 0.75 0.2692307692307693 0.7860576923076923 0.2692307692307693
2 0.8894230769230769 0.2355769230769232 0.8533653846153846 0.2355769230769232 0.8533653846153846 0.3004807692307694 0.8894230769230769 0.3004807692307694
8 0.8413461538461539 0.24278846153846165 0.7668269230769231 0.24278846153846162 0.7668269230769231 0.3701923076923078 0.8413461538461539 0.3701923076923078
4 0.9086538461538461 0.2932692307692309 0.8725961538461539 0.2932692307692309 0.8725961538461539 0.3365384615384617 0.9086538461538461 0.3365384615384617
9 0.9543269230769231 0.28605769230769246 0.9182692307692307 0.28605769230769246 0.9182692307692307 0.36057692307692324 0.9543269230769231 0.36057692307692324
2 0.5432692307692307 0.2788461538461539 0.44471153846153844 0.2788461538461539 0.44471153846153844 0.41346153846153844 0.5432692307692307 0.41346153846153844
4 0.9350961538461539 0.35336538461538475 0.8918269230769231 0.35336538461538475 0.8918269230769231 0.42307692307692324 0.9350961538461539 0.42307692307692324
4 0.8389423076923077 0.3774038461538463 0.7692307692307693 0.3774038461538463 0.7692307692307693 0.4807692307692309 0.8389423076923077 0.4807692307692309
2 0.7235576923076923 0.3774038461538463 0.625 0.3774038461538463 0.625 0.5048076923076924 0.7235576923076923 0.5048076923076924
2 0.8942307692307693 0.41105769230769246 0.8221153846153846 0.41105769230769246 0.8221153846153846 0.5552884615384617 0.8942307692307693 0.5552884615384617
2 0.8245192307692307 0.6225961538461539 0.6850961538461539 0.6225961538461539 0.6850961538461539 0.8725961538461539 0.8245192307692307 0.8725961538461539
8 0.40384615384615397 0.6153846153846154 7.536287994752943e-17 0.6153846153846154 9.891377993113237e-17 1 0.40384615384615397 1