2 0.9326923076923077 0.22355769230769246 0.90625 0.22355769230769246 0.90625 0.3004807692307694 0.9326923076923077 0.3004807692307694
9 0.7139423076923077 0.2475961538461539 0.6850961538461539 0.2475961538461539 0.6850961538461539 0.3004807692307693 0.7139423076923077 0.3004807692307693
8 0.8894230769230769 0.22596153846153857 0.8317307692307693 0.22596153846153852 0.8317307692307693 0.3557692307692309 0.8894230769230769 0.3557692307692309
2 0.6057692307692307 0.3028846153846155 0.5697115384615384 0.3028846153846155 0.5697115384615384 0.35817307692307704 0.6057692307692307 0.35817307692307704
4 0.9110576923076923 0.29807692307692324 0.875 0.29807692307692324 0.875 0.3677884615384617 0.9110576923076923 0.3677884615384617
4 0.5793269230769231 0.3341346153846155 0.5384615384615384 0.33413461538461536 0.5384615384615384 0.38701923076923084 0.5793269230769231 0.3870192307692309
4 0.6201923076923077 0.37259615384615397 0.5697115384615384 0.37259615384615397 0.5697115384615384 0.4302884615384617 0.6201923076923077 0.4302884615384617
4 0.4014423076923077 0.4110576923076923 0.34375 0.4110576923076923 0.34375 0.47836538461538464 0.4014423076923077 0.47836538461538464
5 0.7067307692307693 0.47355769230769246 0.6298076923076923 0.47355769230769246 0.6298076923076923 0.6177884615384616 0.7067307692307693 0.6177884615384616
9 0.6105769230769231 0.5048076923076924 0.5288461538461539 0.5048076923076923 0.528846153846154 0.6490384615384616 0.6105769230769232 0.6490384615384616
4 0.2475961538461539 0.6322115384615384 0.12259615384615391 0.6322115384615384 0.12259615384615394 0.7668269230769231 0.2475961538461539 0.7668269230769231
4 0.33413461538461553 0.7836538461538461 0.18990384615384623 0.7836538461538461 0.18990384615384626 0.9350961538461539 0.33413461538461553 0.9350961538461539
2 0.6971153846153846 0.8509615384615384 0.5528846153846155 0.8509615384615384 0.5528846153846155 1 0.6971153846153846 1