8 0.47836538461538475 0.5889423076923077 0.4182692307692309 0.5889423076923077 0.4182692307692309 0.6923076923076923 0.47836538461538475 0.6923076923076923
5 0.5240384615384617 0.6081730769230769 0.4807692307692309 0.6081730769230769 0.4807692307692309 0.6754807692307693 0.5240384615384617 0.6754807692307693
4 0.8076923076923077 0.625 0.7524038461538461 0.625 0.7524038461538461 0.6899038461538461 0.8076923076923077 0.6899038461538461
4 0.2524038461538462 0.6298076923076923 0.20432692307692316 0.6298076923076923 0.20432692307692316 0.6923076923076923 0.2524038461538462 0.6923076923076923
4 0.5697115384615385 0.6442307692307693 0.5072115384615385 0.6442307692307693 0.5072115384615385 0.71875 0.5697115384615385 0.71875
5 0.6850961538461539 0.6730769230769231 0.6225961538461539 0.6730769230769231 0.6225961538461539 0.7740384615384616 0.6850961538461539 0.7740384615384616
2 0.625 0.6634615384615384 0.5649038461538463 0.6634615384615384 0.5649038461538463 0.7980769230769231 0.625 0.7980769230769231
2 0.29326923076923084 0.6730769230769231 0.23076923076923084 0.6730769230769231 0.23076923076923084 0.7980769230769231 0.29326923076923084 0.7980769230769231
2 0.9591346153846154 0.6899038461538461 0.8894230769230769 0.6899038461538461 0.8894230769230769 0.7884615384615384 0.9591346153846154 0.7884615384615384
8 0.139423076923077 0.6490384615384616 0.014423076923077004 0.6490384615384616 0.014423076923077018 0.8774038461538461 0.13942307692307704 0.8774038461538461
4 0.9110576923076923 0.7139423076923077 0.8389423076923077 0.7139423076923077 0.8389423076923077 0.8149038461538461 0.9110576923076923 0.8149038461538461
2 0.21634615384615394 0.7283653846153846 0.13221153846153857 0.7283653846153846 0.13221153846153857 0.9230769230769231 0.216346153846154 0.9230769230769231
2 0.17067307692307707 0.8461538461538461 0.06490384615384626 0.8461538461538461 0.06490384615384627 0.9903846153846154 0.17067307692307707 0.9903846153846154