2 0.43990384615384615 0.36778846153846156 0.4110576923076923 0.36778846153846156 0.4110576923076923 0.41346153846153844 0.43990384615384615 0.41346153846153844
2 0.5817307692307693 0.3725961538461539 0.5552884615384616 0.37259615384615385 0.5552884615384616 0.42307692307692313 0.5817307692307693 0.42307692307692324
8 0.46875 0.3701923076923077 0.4375 0.3701923076923077 0.4375 0.4326923076923077 0.46875 0.4326923076923077
2 0.625 0.39182692307692324 0.5889423076923077 0.39182692307692324 0.5889423076923077 0.43509615384615397 0.625 0.43509615384615397
5 0.3076923076923077 0.41346153846153844 0.28125000000000006 0.41346153846153844 0.28125000000000006 0.46153846153846156 0.3076923076923077 0.46153846153846156
8 0.19230769230769237 0.4110576923076923 0.14423076923076927 0.4110576923076923 0.14423076923076927 0.49038461538461536 0.19230769230769237 0.49038461538461536
4 0.2788461538461539 0.44711538461538464 0.2548076923076924 0.44711538461538464 0.2548076923076924 0.49038461538461536 0.2788461538461539 0.49038461538461536
4 0.5841346153846154 0.4615384615384616 0.5480769230769231 0.46153846153846156 0.5480769230769231 0.5216346153846154 0.5841346153846154 0.5216346153846155
4 0.29326923076923084 0.47115384615384615 0.264423076923077 0.47115384615384615 0.264423076923077 0.5144230769230769 0.29326923076923084 0.5144230769230769
2 0.3798076923076923 0.4855769230769231 0.35096153846153844 0.4855769230769231 0.35096153846153844 0.5360576923076923 0.3798076923076923 0.5360576923076923
4 0.18990384615384623 0.4879807692307692 0.16346153846153852 0.4879807692307692 0.16346153846153852 0.5384615384615384 0.18990384615384623 0.5384615384615384
2 0.6634615384615384 0.49759615384615397 0.6346153846153846 0.49759615384615397 0.6346153846153846 0.5673076923076924 0.6634615384615384 0.5673076923076924
4 0.4495192307692308 0.5120192307692307 0.41586538461538464 0.5120192307692307 0.41586538461538464 0.5552884615384616 0.4495192307692308 0.5552884615384616
4 0.17307692307692316 0.5336538461538461 0.1346153846153847 0.5336538461538461 0.1346153846153847 0.5889423076923077 0.17307692307692316 0.5889423076923077
1 0.1538461538461539 0.6129807692307693 0.12500000000000006 0.6129807692307693 0.12500000000000006 0.6682692307692307 0.1538461538461539 0.6682692307692307
2 0.9086538461538461 0.6105769230769232 0.8485576923076923 0.6105769230769232 0.8485576923076923 0.7307692307692307 0.9086538461538461 0.7307692307692307
2 0.6201923076923077 0.6322115384615384 0.574519230769231 0.6322115384615384 0.574519230769231 0.7403846153846154 0.6201923076923077 0.7403846153846154
5 0.6923076923076923 0.6947115384615384 0.6394230769230769 0.6947115384615384 0.6394230769230769 0.8076923076923077 0.6923076923076923 0.8076923076923077
4 0.9663461538461539 0.7860576923076923 0.9014423076923077 0.7860576923076923 0.9014423076923077 0.8942307692307693 0.9663461538461539 0.8942307692307693
5 0.08894230769230779 0.8004807692307693 0.016826923076923177 0.8004807692307693 0.01682692307692318 0.8894230769230769 0.08894230769230779 0.8894230769230769
2 0.7956730769230769 0.7980769230769231 0.7211538461538461 0.7980769230769231 0.7211538461538461 0.9206730769230769 0.7956730769230769 0.9206730769230769
3 0.26442307692307704 0.7884615384615384 0.1514423076923078 0.7884615384615384 0.15144230769230782 0.9855769230769231 0.26442307692307704 0.9855769230769231