8 0.40144230769230776 0.46875 0.34375 0.46875 0.34375000000000006 0.5817307692307693 0.4014423076923078 0.5817307692307693
2 0.7235576923076923 0.5096153846153848 0.6826923076923077 0.5096153846153848 0.6826923076923077 0.560096153846154 0.7235576923076923 0.560096153846154
8 0.3533653846153847 0.47836538461538464 0.2908653846153847 0.47836538461538464 0.2908653846153847 0.6057692307692307 0.35336538461538475 0.6057692307692307
4 0.4278846153846155 0.5240384615384616 0.3942307692307692 0.5240384615384616 0.3942307692307693 0.5817307692307693 0.42788461538461553 0.5817307692307693
8 0.8365384615384616 0.4951923076923078 0.7283653846153846 0.4951923076923078 0.7283653846153846 0.6129807692307694 0.8365384615384616 0.6129807692307694
4 0.6923076923076923 0.528846153846154 0.6538461538461539 0.528846153846154 0.6538461538461539 0.5937500000000001 0.6923076923076923 0.5937500000000001
2 0.3076923076923078 0.5793269230769231 0.2548076923076924 0.5793269230769231 0.2548076923076924 0.6682692307692307 0.3076923076923078 0.6682692307692307
8 0.25721153846153855 0.5384615384615384 0.15865384615384623 0.5384615384615384 0.15865384615384623 0.7139423076923077 0.25721153846153855 0.7139423076923077
8 0.41586538461538475 0.7884615384615384 0.3365384615384617 0.7884615384615384 0.3365384615384617 0.9735576923076923 0.41586538461538475 0.9735576923076923
2 0.3125000000000001 0.8677884615384616 0.21153846153846168 0.8677884615384616 0.21153846153846168 1 0.3125000000000001 1
2 0.18750000000000014 0.8894230769230769 0.05769230769230779 0.8894230769230769 0.05769230769230781 1 0.18750000000000014 1