8 0.5072115384615384 0.21153846153846162 0.4326923076923077 0.21153846153846162 0.4326923076923077 0.29326923076923084 0.5072115384615384 0.29326923076923084
5 0.4639423076923077 0.2524038461538462 0.4254807692307692 0.2524038461538462 0.4254807692307692 0.3004807692307693 0.4639423076923077 0.3004807692307693
4 0.4182692307692308 0.28125000000000006 0.38221153846153844 0.28125000000000006 0.38221153846153844 0.3245192307692308 0.4182692307692308 0.3245192307692308
4 0.4879807692307692 0.2860576923076924 0.4495192307692308 0.2860576923076924 0.4495192307692308 0.34375 0.4879807692307692 0.34375
2 0.18028846153846162 0.2980769230769231 0.1322115384615385 0.2980769230769231 0.1322115384615385 0.3557692307692308 0.18028846153846162 0.3557692307692308
2 0.6129807692307693 0.2908653846153847 0.5480769230769231 0.2908653846153847 0.5480769230769231 0.3629807692307693 0.6129807692307693 0.3629807692307694
2 0.5649038461538461 0.2836538461538462 0.5144230769230769 0.2836538461538462 0.5144230769230769 0.3725961538461539 0.5649038461538461 0.37259615384615397
4 0.2475961538461539 0.30528846153846156 0.19951923076923084 0.30528846153846156 0.19951923076923084 0.3557692307692308 0.2475961538461539 0.3557692307692308
2 0.5480769230769231 0.33413461538461536 0.49278846153846156 0.33413461538461536 0.49278846153846156 0.39663461538461536 0.5480769230769231 0.39663461538461536
4 0.3485576923076923 0.34134615384615385 0.2908653846153847 0.34134615384615385 0.2908653846153847 0.40625 0.3485576923076923 0.40625
4 0.2716346153846155 0.37740384615384615 0.2163461538461539 0.37740384615384615 0.2163461538461539 0.4495192307692308 0.2716346153846155 0.4495192307692308
2 0.8341346153846154 0.3701923076923078 0.7524038461538461 0.3701923076923078 0.7524038461538461 0.4639423076923078 0.8341346153846154 0.4639423076923078
2 0.7139423076923077 0.3990384615384617 0.6418269230769231 0.3990384615384617 0.6418269230769231 0.4807692307692309 0.7139423076923077 0.4807692307692309
2 0.4423076923076923 0.39663461538461536 0.36778846153846156 0.39663461538461536 0.36778846153846156 0.5048076923076923 0.4423076923076923 0.5048076923076923
2 0.6658653846153846 0.42788461538461553 0.5865384615384616 0.42788461538461553 0.5865384615384616 0.5072115384615385 0.6658653846153846 0.5072115384615385
4 0.5456730769230771 0.6682692307692307 0.44711538461538475 0.6682692307692307 0.44711538461538475 0.7980769230769231 0.5456730769230771 0.7980769230769231
4 0.7692307692307693 0.6875 0.6466346153846154 0.6875 0.6466346153846154 0.8605769230769231 0.7692307692307693 0.8605769230769231