2 0.3028846153846155 0.4423076923076923 0.2379807692307693 0.4423076923076923 0.2379807692307693 0.5384615384615384 0.3028846153846155 0.5384615384615384
2 0.2716346153846155 0.5072115384615384 0.23317307692307698 0.5072115384615384 0.23317307692307698 0.5625 0.2716346153846155 0.5625
4 0.295673076923077 0.5336538461538461 0.25721153846153855 0.5336538461538461 0.25721153846153855 0.5817307692307693 0.295673076923077 0.5817307692307693
2 0.3245192307692309 0.5697115384615384 0.28125000000000006 0.5697115384615384 0.28125000000000006 0.6370192307692307 0.3245192307692309 0.6370192307692307
4 0.2475961538461539 0.5889423076923077 0.20192307692307698 0.5889423076923077 0.20192307692307698 0.6466346153846154 0.2475961538461539 0.6466346153846154
4 0.2836538461538462 0.6129807692307693 0.24278846153846162 0.6129807692307693 0.24278846153846162 0.6802884615384616 0.2836538461538462 0.6802884615384616
4 0.21875000000000006 0.6634615384615384 0.1658653846153847 0.6634615384615384 0.1658653846153847 0.7379807692307693 0.21875000000000006 0.7379807692307693
2 0.21394230769230776 0.71875 0.1538461538461539 0.71875 0.1538461538461539 0.8269230769230769 0.21394230769230776 0.8269230769230769
4 0.32932692307692324 0.7548076923076923 0.26201923076923084 0.7548076923076923 0.2620192307692309 0.8509615384615384 0.32932692307692324 0.8509615384615384
9 0.1298076923076924 0.7524038461538461 0.06971153846153855 0.7524038461538461 0.06971153846153856 0.8557692307692307 0.1298076923076924 0.8557692307692307
2 0.3774038461538463 0.8173076923076923 0.295673076923077 0.8173076923076923 0.29567307692307704 0.9230769230769231 0.3774038461538463 0.9230769230769231
2 0.8461538461538461 0.8389423076923077 0.7427884615384616 0.8389423076923077 0.7427884615384616 0.9711538461538461 0.8461538461538461 0.9711538461538461