8 0.40865384615384615 0.2283653846153847 0.34375 0.2283653846153847 0.34375 0.31971153846153844 0.40865384615384615 0.31971153846153844
2 0.2908653846153847 0.3076923076923077 0.2475961538461539 0.3076923076923077 0.2475961538461539 0.37259615384615385 0.2908653846153847 0.37259615384615385
4 0.7211538461538461 0.3052884615384616 0.6682692307692307 0.3052884615384616 0.6682692307692307 0.3750000000000001 0.7211538461538461 0.3750000000000001
4 0.5072115384615384 0.3245192307692308 0.4543269230769231 0.3245192307692308 0.4543269230769231 0.3894230769230769 0.5072115384615384 0.3894230769230769
4 0.3605769230769231 0.3485576923076923 0.3076923076923077 0.3485576923076923 0.3076923076923077 0.41346153846153844 0.3605769230769231 0.41346153846153844
4 0.4230769230769231 0.35336538461538464 0.3798076923076923 0.35336538461538464 0.3798076923076923 0.41586538461538464 0.4230769230769231 0.41586538461538464
4 0.5024038461538461 0.4206730769230769 0.44711538461538464 0.4206730769230769 0.44711538461538464 0.49759615384615385 0.5024038461538461 0.49759615384615385
8 0.3100961538461539 0.37259615384615385 0.19471153846153852 0.37259615384615385 0.19471153846153852 0.6033653846153846 0.31009615384615397 0.6033653846153846
2 0.40144230769230776 0.4879807692307692 0.3269230769230769 0.4879807692307692 0.326923076923077 0.6081730769230769 0.4014423076923078 0.6081730769230769
5 0.9423076923076923 0.6177884615384616 0.8461538461538461 0.6177884615384616 0.8461538461538461 0.7908653846153846 0.9423076923076923 0.7908653846153846
5 0.8052884615384616 0.71875 0.6995192307692307 0.71875 0.6995192307692307 0.9086538461538461 0.8052884615384616 0.9086538461538461
2 0.17307692307692318 0.7980769230769231 0.0360576923076924 0.7980769230769231 0.036057692307692416 0.9879807692307693 0.1730769230769232 0.9879807692307693