4 0.5697115384615384 0.3846153846153847 0.5120192307692307 0.38461538461538464 0.5120192307692307 0.44951923076923084 0.5697115384615384 0.4495192307692309
2 0.8052884615384616 0.4182692307692309 0.7524038461538461 0.4182692307692309 0.7524038461538461 0.5096153846153848 0.8052884615384616 0.5096153846153848
4 0.5769230769230769 0.4399038461538462 0.5072115384615384 0.43990384615384615 0.5072115384615384 0.528846153846154 0.5769230769230769 0.528846153846154
9 0.7788461538461539 0.4302884615384617 0.6947115384615384 0.4302884615384617 0.6947115384615384 0.5408653846153848 0.7788461538461539 0.5408653846153848
4 0.6658653846153846 0.4615384615384617 0.5913461538461539 0.4615384615384617 0.5913461538461539 0.5504807692307694 0.6658653846153846 0.5504807692307694
2 0.7716346153846154 0.6177884615384616 0.6442307692307693 0.6177884615384616 0.6442307692307693 0.7692307692307693 0.7716346153846154 0.7692307692307693
4 0.9591346153846154 0.6682692307692307 0.8076923076923077 0.6682692307692307 0.8076923076923077 0.8389423076923077 0.9591346153846154 0.8389423076923077
2 0.5264423076923077 0.23557692307692316 0.47836538461538464 0.23557692307692316 0.47836538461538464 0.31971153846153844 0.5264423076923077 0.31971153846153844
2 0.41346153846153844 0.2788461538461539 0.375 0.2788461538461539 0.375 0.34375 0.41346153846153844 0.34375
2 0.38461538461538464 0.2716346153846155 0.34134615384615385 0.2716346153846155 0.34134615384615385 0.3629807692307692 0.38461538461538464 0.3629807692307692
4 0.4519230769230769 0.31971153846153844 0.40865384615384615 0.31971153846153844 0.40865384615384615 0.38221153846153844 0.4519230769230769 0.38221153846153844
2 0.4807692307692308 0.34375 0.43028846153846156 0.34375 0.43028846153846156 0.4230769230769231 0.4807692307692308 0.4230769230769231
4 0.42788461538461536 0.3629807692307692 0.3798076923076923 0.3629807692307692 0.3798076923076923 0.43990384615384615 0.42788461538461536 0.43990384615384615