8 0.31009615384615385 0.35336538461538464 0.2475961538461539 0.35336538461538464 0.2475961538461539 0.4495192307692308 0.31009615384615385 0.4495192307692308
4 0.38461538461538464 0.4254807692307692 0.34615384615384615 0.4254807692307692 0.34615384615384615 0.4855769230769231 0.38461538461538464 0.4855769230769231
5 0.6490384615384616 0.42067307692307704 0.5985576923076923 0.42067307692307704 0.5985576923076923 0.4951923076923078 0.6490384615384616 0.4951923076923078
9 0.49038461538461536 0.44471153846153844 0.4230769230769231 0.44471153846153844 0.4230769230769231 0.5096153846153846 0.49038461538461536 0.5096153846153846
5 0.7668269230769231 0.44711538461538475 0.7019230769230769 0.44711538461538475 0.7019230769230769 0.5216346153846155 0.7668269230769231 0.5216346153846155
8 0.09855769230769236 0.41346153846153844 0.014423076923076974 0.41346153846153844 0.014423076923076986 0.6129807692307693 0.09855769230769237 0.6129807692307693
5 0.6442307692307693 0.4687500000000001 0.5769230769230769 0.4687500000000001 0.576923076923077 0.5697115384615385 0.6442307692307693 0.5697115384615385
5 0.8076923076923077 0.543269230769231 0.7115384615384616 0.543269230769231 0.7115384615384616 0.6682692307692307 0.8076923076923077 0.6682692307692307
2 0.10096153846153855 0.6057692307692307 0.03846153846153853 0.6057692307692307 0.03846153846153854 0.6995192307692307 0.10096153846153856 0.6995192307692307
8 0.6634615384615384 0.6538461538461539 0.5384615384615385 0.6538461538461539 0.5384615384615385 0.8725961538461539 0.6634615384615384 0.8725961538461539
8 0.5721153846153848 0.6418269230769231 0.3990384615384617 0.6418269230769231 0.3990384615384617 0.9350961538461539 0.5721153846153848 0.9350961538461539