8 0.18990384615384623 0.43509615384615385 0.10576923076923084 0.43509615384615385 0.10576923076923084 0.5576923076923077 0.18990384615384623 0.5576923076923077
8 0.2716346153846155 0.4206730769230769 0.18750000000000006 0.4206730769230769 0.18750000000000006 0.5793269230769231 0.2716346153846155 0.5793269230769231
8 0.6490384615384616 0.4495192307692309 0.5889423076923077 0.4495192307692309 0.5889423076923077 0.605769230769231 0.6490384615384616 0.605769230769231
4 0.5264423076923077 0.5240384615384616 0.4831730769230769 0.5240384615384616 0.483173076923077 0.5841346153846154 0.5264423076923078 0.5841346153846154
8 0.08894230769230776 0.49759615384615385 0.016826923076923135 0.49759615384615385 0.016826923076923146 0.6153846153846154 0.08894230769230776 0.6153846153846154
8 0.6057692307692308 0.4735576923076924 0.5384615384615384 0.4735576923076923 0.5384615384615385 0.6466346153846154 0.605769230769231 0.6466346153846154
2 0.264423076923077 0.5504807692307693 0.21394230769230776 0.5504807692307693 0.21394230769230776 0.6274038461538461 0.264423076923077 0.6274038461538461
2 0.48317307692307704 0.5793269230769231 0.42067307692307704 0.5793269230769231 0.42067307692307704 0.6850961538461539 0.48317307692307704 0.6850961538461539
2 0.06730769230769239 0.6057692307692307 0.0024038461538462277 0.6057692307692307 0.0024038461538462355 0.7331730769230769 0.06730769230769239 0.7331730769230769
2 0.5865384615384617 0.6418269230769231 0.5216346153846155 0.6418269230769231 0.5216346153846155 0.7379807692307693 0.5865384615384617 0.7379807692307693
2 0.5168269230769232 0.6442307692307693 0.45432692307692324 0.6442307692307693 0.45432692307692324 0.7475961538461539 0.5168269230769232 0.7475961538461539
2 0.33413461538461553 0.7475961538461539 0.25000000000000006 0.7475961538461539 0.2500000000000001 0.8629807692307693 0.33413461538461553 0.8629807692307693
8 1 0.6899038461538461 0.8605769230769231 0.6899038461538461 0.8605769230769231 0.96875 1 0.96875