5 0.4879807692307692 0.26201923076923084 0.4567307692307692 0.26201923076923084 0.4567307692307692 0.3004807692307693 0.4879807692307692 0.3004807692307693
2 0.6009615384615384 0.2836538461538462 0.5649038461538461 0.2836538461538462 0.5649038461538461 0.3389423076923078 0.6009615384615384 0.3389423076923078
9 0.7019230769230769 0.28125000000000006 0.6634615384615384 0.28125000000000006 0.6634615384615384 0.3509615384615386 0.7019230769230769 0.3509615384615386
2 0.4254807692307692 0.295673076923077 0.375 0.295673076923077 0.375 0.3485576923076923 0.4254807692307692 0.3485576923076923
4 0.8149038461538461 0.295673076923077 0.7836538461538461 0.295673076923077 0.7836538461538461 0.3509615384615386 0.8149038461538461 0.3509615384615386
4 0.5072115384615384 0.3076923076923077 0.4735576923076923 0.3076923076923077 0.4735576923076923 0.35336538461538464 0.5072115384615384 0.35336538461538464
2 0.7644230769230769 0.28846153846153855 0.7235576923076923 0.28846153846153855 0.7235576923076923 0.37980769230769246 0.7644230769230769 0.37980769230769246
4 0.5216346153846154 0.3701923076923077 0.47596153846153844 0.3701923076923077 0.47596153846153844 0.4206730769230769 0.5216346153846154 0.4206730769230769
4 0.560096153846154 0.4663461538461539 0.49759615384615385 0.46634615384615385 0.4975961538461539 0.5625000000000001 0.560096153846154 0.5625000000000001
4 0.6274038461538461 0.4687500000000001 0.5721153846153846 0.4687500000000001 0.5721153846153847 0.5649038461538463 0.6274038461538461 0.5649038461538463
1 0.6610576923076923 0.5865384615384617 0.625 0.5865384615384617 0.625 0.6875 0.6610576923076923 0.6875
8 0.6153846153846154 0.7019230769230769 0.46634615384615397 0.7019230769230769 0.46634615384615397 1 0.6153846153846154 1