9 0.3774038461538463 0.5745192307692307 0.32692307692307704 0.5745192307692307 0.32692307692307704 0.6514423076923077 0.3774038461538463 0.6514423076923077
2 0.6634615384615384 0.6274038461538461 0.5985576923076924 0.6274038461538461 0.5985576923076924 0.7283653846153846 0.6634615384615384 0.7283653846153846
4 0.5721153846153848 0.6706730769230769 0.5264423076923078 0.6706730769230769 0.5264423076923078 0.7355769230769231 0.5721153846153848 0.7355769230769231
8 0.5312500000000001 0.6490384615384616 0.45192307692307704 0.6490384615384616 0.45192307692307704 0.7788461538461539 0.5312500000000001 0.7788461538461539
8 0.29807692307692313 0.6586538461538461 0.22596153846153852 0.6586538461538461 0.22596153846153852 0.7860576923076923 0.29807692307692313 0.7860576923076923
5 0.6274038461538461 0.6995192307692307 0.5649038461538463 0.6995192307692307 0.5649038461538463 0.7884615384615384 0.6274038461538461 0.7884615384615384
4 0.18028846153846162 0.7259615384615384 0.12019230769230779 0.7259615384615384 0.12019230769230779 0.8004807692307693 0.18028846153846162 0.8004807692307693
9 0.9254807692307693 0.7115384615384616 0.8581730769230769 0.7115384615384616 0.8581730769230769 0.8197115384615384 0.9254807692307693 0.8197115384615384
4 0.7644230769230769 0.7379807692307693 0.7019230769230769 0.7379807692307693 0.7019230769230769 0.8245192307692307 0.7644230769230769 0.8245192307692307
2 0.23557692307692318 0.7355769230769231 0.1538461538461539 0.7355769230769231 0.15384615384615394 0.8822115384615384 0.2355769230769232 0.8822115384615384
4 0.6971153846153846 0.7596153846153846 0.6322115384615384 0.7596153846153846 0.6322115384615384 0.8581730769230769 0.6971153846153846 0.8581730769230769
2 0.8533653846153846 0.8076923076923077 0.7451923076923077 0.8076923076923077 0.7451923076923077 1 0.8533653846153846 1
5 0.9567307692307693 0.8485576923076923 0.8629807692307693 0.8485576923076923 0.8629807692307693 0.9951923076923077 0.9567307692307693 0.9951923076923077