5 0.6153846153846154 0.38461538461538475 0.5841346153846154 0.38461538461538475 0.5841346153846154 0.4302884615384617 0.6153846153846154 0.4302884615384617
4 0.5649038461538461 0.43750000000000006 0.5408653846153846 0.4375 0.5408653846153846 0.48557692307692313 0.5649038461538461 0.48557692307692324
8 0.6370192307692307 0.4326923076923078 0.5985576923076923 0.4326923076923078 0.5985576923076923 0.4879807692307694 0.6370192307692307 0.4879807692307694
2 0.6129807692307693 0.4639423076923078 0.5793269230769231 0.4639423076923078 0.5793269230769231 0.5312500000000001 0.6129807692307693 0.5312500000000001
4 0.4495192307692308 0.4951923076923077 0.4182692307692308 0.4951923076923077 0.4182692307692308 0.5432692307692307 0.4495192307692308 0.5432692307692307
4 0.5793269230769231 0.49519230769230776 0.5480769230769231 0.4951923076923077 0.5480769230769231 0.5528846153846154 0.5793269230769231 0.5528846153846155
4 0.7716346153846154 0.5144230769230771 0.7283653846153846 0.5144230769230771 0.7283653846153846 0.574519230769231 0.7716346153846154 0.574519230769231
5 0.3966346153846155 0.5216346153846154 0.3629807692307692 0.5216346153846154 0.3629807692307693 0.5769230769230769 0.39663461538461553 0.5769230769230769
2 0.7019230769230769 0.5817307692307694 0.6514423076923077 0.5817307692307694 0.6514423076923077 0.6586538461538461 0.7019230769230769 0.6586538461538461
4 0.8774038461538461 0.605769230769231 0.8317307692307693 0.605769230769231 0.8317307692307693 0.6778846153846154 0.8774038461538461 0.6778846153846154
2 0.9975961538461539 0.6706730769230769 0.9423076923076923 0.6706730769230769 0.9423076923076923 0.7596153846153846 0.9975961538461539 0.7596153846153846
1 0.9615384615384616 0.7043269230769231 0.9278846153846154 0.7043269230769231 0.9278846153846154 0.7596153846153846 0.9615384615384616 0.7596153846153846
8 0.6610576923076923 0.6514423076923077 0.5769230769230771 0.6514423076923077 0.5769230769230771 0.875 0.6610576923076923 0.875
2 0.7475961538461539 0.8125 0.6754807692307693 0.8125 0.6754807692307693 0.9495192307692307 0.7475961538461539 0.9495192307692307