9 0.8028846153846154 0.6081730769230771 0.7331730769230769 0.6081730769230771 0.7331730769230769 0.7403846153846154 0.8028846153846154 0.7403846153846154
2 0.3509615384615386 0.6322115384615384 0.2716346153846155 0.6322115384615384 0.2716346153846155 0.75 0.3509615384615386 0.75
4 0.6682692307692307 0.65625 0.6081730769230771 0.65625 0.6081730769230771 0.7331730769230769 0.6682692307692307 0.7331730769230769
4 0.48557692307692324 0.6586538461538461 0.40384615384615397 0.6586538461538461 0.40384615384615397 0.7572115384615384 0.48557692307692324 0.7572115384615384
2 1 0.6730769230769231 0.9206730769230769 0.6730769230769231 0.9206730769230769 0.7836538461538461 1 0.7836538461538461
2 0.8701923076923077 0.6754807692307693 0.8004807692307693 0.6754807692307693 0.8004807692307693 0.7860576923076923 0.8701923076923077 0.7860576923076923
4 0.1538461538461539 0.6802884615384616 0.0721153846153847 0.6802884615384616 0.0721153846153847 0.78125 0.1538461538461539 0.78125
2 0.29807692307692313 0.65625 0.21153846153846162 0.65625 0.21153846153846162 0.8149038461538461 0.29807692307692313 0.8149038461538461
4 0.625 0.7091346153846154 0.5480769230769232 0.7091346153846154 0.5480769230769232 0.8076923076923077 0.625 0.8076923076923077
4 0.18269230769230776 0.71875 0.09615384615384626 0.71875 0.09615384615384626 0.8100961538461539 0.18269230769230776 0.8100961538461539
2 0.7307692307692307 0.6995192307692307 0.6442307692307693 0.6995192307692307 0.6442307692307693 0.875 0.7307692307692307 0.875
4 0.5649038461538463 0.78125 0.4879807692307694 0.78125 0.4879807692307694 0.8918269230769231 0.5649038461538463 0.8918269230769231
2 0.8413461538461539 0.8221153846153846 0.7548076923076923 0.8221153846153846 0.7548076923076923 0.9375 0.8413461538461539 0.9375
2 0.6754807692307693 0.8100961538461539 0.5793269230769232 0.8100961538461539 0.5793269230769232 0.9639423076923077 0.6754807692307693 0.9639423076923077