4 0.29807692307692313 0.33653846153846156 0.25000000000000006 0.33653846153846156 0.25000000000000006 0.39903846153846156 0.29807692307692313 0.39903846153846156
5 0.6923076923076923 0.32692307692307704 0.6225961538461539 0.32692307692307704 0.6225961538461539 0.4302884615384617 0.6923076923076923 0.4302884615384617
2 0.43509615384615385 0.3581730769230769 0.3629807692307692 0.3581730769230769 0.3629807692307692 0.44711538461538464 0.43509615384615385 0.44711538461538464
8 1 0.2620192307692309 0.9038461538461539 0.2620192307692309 0.9038461538461539 0.5456730769230771 1 0.5456730769230771
8 0.9471153846153846 0.2932692307692309 0.8028846153846154 0.29326923076923084 0.8028846153846154 0.5576923076923078 0.9471153846153846 0.5576923076923078
2 0.5168269230769231 0.40625 0.44711538461538464 0.40625 0.44711538461538464 0.4879807692307692 0.5168269230769231 0.4879807692307692
2 0.8245192307692307 0.4062500000000001 0.7403846153846154 0.4062500000000001 0.7403846153846154 0.5336538461538463 0.8245192307692307 0.5336538461538463
4 0.7259615384615384 0.4567307692307694 0.6466346153846154 0.4567307692307694 0.6466346153846154 0.5865384615384617 0.7259615384615384 0.5865384615384617
2 0.3774038461538463 0.5745192307692307 0.295673076923077 0.5745192307692307 0.295673076923077 0.7067307692307693 0.3774038461538463 0.7067307692307693
8 0.24519230769230776 0.4831730769230769 0.07932692307692314 0.4831730769230769 0.07932692307692316 0.8004807692307693 0.24519230769230776 0.8004807692307693
4 0.9134615384615384 0.6033653846153848 0.8004807692307693 0.6033653846153848 0.8004807692307693 0.7620192307692307 0.9134615384615384 0.7620192307692307
4 0.4759615384615386 0.7475961538461539 0.3629807692307694 0.7475961538461539 0.3629807692307694 0.9302884615384616 0.4759615384615386 0.9302884615384616
4 0.8413461538461539 0.7836538461538461 0.7283653846153846 0.7836538461538461 0.7283653846153846 0.9879807692307693 0.8413461538461539 0.9879807692307693