8 0.1971153846153847 0.5120192307692307 0.1346153846153847 0.5120192307692307 0.1346153846153847 0.6177884615384616 0.1971153846153847 0.6177884615384616
2 0.3245192307692309 0.5697115384615384 0.26682692307692313 0.5697115384615384 0.26682692307692313 0.6370192307692307 0.3245192307692309 0.6370192307692307
4 0.48557692307692324 0.6177884615384616 0.42307692307692324 0.6177884615384616 0.42307692307692324 0.7091346153846154 0.48557692307692324 0.7091346153846154
8 0.13701923076923087 0.5985576923076923 0.052884615384615453 0.5985576923076923 0.05288461538461546 0.7379807692307693 0.13701923076923087 0.7379807692307693
4 0.6201923076923077 0.6322115384615384 0.5697115384615385 0.6322115384615384 0.5697115384615385 0.7115384615384616 0.6201923076923077 0.7115384615384616
8 0.7427884615384616 0.6129807692307694 0.6610576923076923 0.6129807692307694 0.6610576923076923 0.7379807692307693 0.7427884615384616 0.7379807692307693
8 0.875 0.6274038461538461 0.8076923076923077 0.6274038461538461 0.8076923076923077 0.7620192307692307 0.875 0.7620192307692307
4 0.23557692307692316 0.6706730769230769 0.17307692307692316 0.6706730769230769 0.17307692307692316 0.7427884615384616 0.23557692307692316 0.7427884615384616
2 0.6899038461538461 0.6634615384615384 0.625 0.6634615384615384 0.625 0.7692307692307693 0.6899038461538461 0.7692307692307693
4 0.6225961538461539 0.6995192307692307 0.5576923076923078 0.6995192307692307 0.5576923076923078 0.7836538461538461 0.6225961538461539 0.7836538461538461
8 0.7860576923076923 0.7259615384615384 0.6923076923076923 0.7259615384615384 0.6923076923076923 0.8413461538461539 0.7860576923076923 0.8413461538461539
4 0.35817307692307704 0.7884615384615384 0.28125000000000006 0.7884615384615384 0.2812500000000001 0.8677884615384616 0.35817307692307704 0.8677884615384616
2 0.20913461538461547 0.7908653846153846 0.1298076923076924 0.7908653846153846 0.1298076923076924 0.8942307692307693 0.20913461538461553 0.8942307692307693