8 0.3677884615384617 0.5625 0.31730769230769246 0.5625 0.31730769230769246 0.6442307692307693 0.3677884615384617 0.6442307692307693
2 0.5072115384615385 0.5889423076923077 0.4615384615384617 0.5889423076923077 0.4615384615384617 0.65625 0.5072115384615385 0.65625
4 0.5649038461538463 0.5889423076923077 0.5168269230769232 0.5889423076923077 0.5168269230769232 0.6658653846153846 0.5649038461538463 0.6658653846153846
8 0.31730769230769246 0.5841346153846154 0.25000000000000006 0.5841346153846154 0.25000000000000006 0.7379807692307693 0.31730769230769246 0.7379807692307693
2 0.25000000000000006 0.6322115384615384 0.1971153846153847 0.6322115384615384 0.1971153846153847 0.7163461538461539 0.25000000000000006 0.7163461538461539
4 0.8557692307692307 0.6634615384615384 0.8100961538461539 0.6634615384615384 0.8100961538461539 0.7283653846153846 0.8557692307692307 0.7283653846153846
4 0.23076923076923084 0.6802884615384616 0.1754807692307693 0.6802884615384616 0.1754807692307693 0.7475961538461539 0.23076923076923084 0.7475961538461539
4 0.8293269230769231 0.6875 0.7788461538461539 0.6875 0.7788461538461539 0.7596153846153846 0.8293269230769231 0.7596153846153846
5 0.9783653846153846 0.7091346153846154 0.9206730769230769 0.7091346153846154 0.9206730769230769 0.7980769230769231 0.9783653846153846 0.7980769230769231
4 0.9519230769230769 0.7403846153846154 0.8894230769230769 0.7403846153846154 0.8894230769230769 0.8269230769230769 0.9519230769230769 0.8269230769230769
4 0.6634615384615384 0.7427884615384616 0.591346153846154 0.7427884615384616 0.591346153846154 0.8245192307692307 0.6634615384615384 0.8245192307692307
2 0.18509615384615394 0.7403846153846154 0.11057692307692318 0.7403846153846154 0.11057692307692318 0.8413461538461539 0.185096153846154 0.8413461538461539
4 0.10817307692307702 0.8028846153846154 0.02403846153846164 0.8028846153846154 0.024038461538461644 0.8942307692307693 0.10817307692307702 0.8942307692307693