2 0.4423076923076923 0.2860576923076924 0.40384615384615385 0.2860576923076924 0.40384615384615385 0.33653846153846156 0.4423076923076923 0.33653846153846156
4 0.29326923076923084 0.295673076923077 0.24519230769230776 0.2956730769230769 0.24519230769230776 0.3581730769230769 0.29326923076923084 0.3581730769230769
8 0.7692307692307693 0.26201923076923084 0.6225961538461539 0.26201923076923084 0.6225961538461539 0.40384615384615397 0.7692307692307693 0.40384615384615397
8 0.5456730769230769 0.27644230769230776 0.4639423076923077 0.27644230769230776 0.4639423076923077 0.3894230769230769 0.5456730769230769 0.3894230769230769
4 0.4495192307692308 0.3125 0.4014423076923077 0.3125 0.4014423076923077 0.36778846153846156 0.4495192307692308 0.36778846153846156
4 0.24278846153846162 0.31971153846153844 0.20192307692307698 0.31971153846153844 0.20192307692307698 0.375 0.24278846153846162 0.375
2 0.7548076923076923 0.35336538461538475 0.6802884615384616 0.35336538461538475 0.6802884615384616 0.4375000000000001 0.7548076923076923 0.4375000000000001
2 0.5673076923076923 0.34375000000000006 0.5 0.34375 0.5 0.45432692307692313 0.5673076923076923 0.45432692307692324
2 0.26682692307692313 0.3798076923076923 0.2163461538461539 0.3798076923076923 0.2163461538461539 0.46634615384615385 0.26682692307692313 0.46634615384615385
4 0.6514423076923077 0.39663461538461553 0.5889423076923077 0.39663461538461553 0.5889423076923077 0.4615384615384617 0.6514423076923077 0.4615384615384617
4 0.84375 0.4302884615384617 0.7572115384615384 0.4302884615384617 0.7572115384615384 0.5240384615384617 0.84375 0.5240384615384617
4 0.44711538461538464 0.4423076923076923 0.38221153846153844 0.4423076923076923 0.38221153846153844 0.5120192307692307 0.44711538461538464 0.5120192307692307
2 0.48076923076923084 0.5360576923076923 0.3894230769230769 0.5360576923076923 0.389423076923077 0.65625 0.4807692307692309 0.65625
8 0.30769230769230776 0.47836538461538464 0.14663461538461545 0.47836538461538464 0.14663461538461547 0.8149038461538461 0.3076923076923078 0.8149038461538461
4 0.6875 0.605769230769231 0.5673076923076924 0.605769230769231 0.5673076923076924 0.7548076923076923 0.6875 0.7548076923076923
2 0.5240384615384617 0.65625 0.3990384615384617 0.65625 0.3990384615384617 0.8942307692307693 0.5240384615384617 0.8942307692307693
9 0.9230769230769231 0.7668269230769231 0.7331730769230769 0.7668269230769231 0.7331730769230769 1 0.9230769230769231 1