8 0.46875000000000006 0.5144230769230769 0.4110576923076923 0.5144230769230769 0.4110576923076924 0.6322115384615384 0.4687500000000001 0.6322115384615384
4 0.4134615384615386 0.5913461538461539 0.3774038461538463 0.5913461538461539 0.3774038461538463 0.6442307692307693 0.4134615384615386 0.6442307692307693
4 0.3701923076923078 0.6009615384615384 0.3317307692307694 0.6009615384615384 0.3317307692307694 0.6586538461538461 0.3701923076923078 0.6586538461538461
8 0.5456730769230771 0.5769230769230769 0.4567307692307694 0.5769230769230769 0.4567307692307694 0.7355769230769231 0.5456730769230771 0.7355769230769231
2 0.4447115384615386 0.6201923076923077 0.39663461538461553 0.6201923076923077 0.39663461538461553 0.7019230769230769 0.4447115384615386 0.7019230769230769
2 0.31730769230769246 0.65625 0.2740384615384616 0.65625 0.2740384615384616 0.7355769230769231 0.31730769230769246 0.7355769230769231
2 0.4086538461538463 0.6682692307692307 0.3557692307692309 0.6682692307692307 0.3557692307692309 0.7716346153846154 0.4086538461538463 0.7716346153846154
2 0.4951923076923078 0.6610576923076923 0.43509615384615397 0.6610576923076923 0.43509615384615397 0.7836538461538461 0.4951923076923078 0.7836538461538461
2 0.09615384615384624 0.6923076923076923 0.02163461538461547 0.6923076923076923 0.021634615384615478 0.8269230769230769 0.09615384615384626 0.8269230769230769
2 0.4615384615384617 0.7620192307692307 0.39182692307692324 0.7620192307692307 0.39182692307692324 0.8870192307692307 0.4615384615384617 0.8870192307692307
4 0.543269230769231 0.7668269230769231 0.4687500000000001 0.7668269230769231 0.4687500000000001 0.8918269230769231 0.543269230769231 0.8918269230769231
5 0.3701923076923078 0.7644230769230769 0.3004807692307693 0.7644230769230769 0.30048076923076933 0.9086538461538461 0.3701923076923078 0.9086538461538461
4 0.6394230769230769 0.8677884615384616 0.5408653846153848 0.8677884615384616 0.5408653846153848 1 0.6394230769230769 1
4 0.5312500000000001 0.8918269230769231 0.44230769230769246 0.8918269230769231 0.44230769230769246 1 0.5312500000000001 1