8 0.22115384615384623 0.47596153846153844 0.15865384615384623 0.47596153846153844 0.15865384615384623 0.6057692307692307 0.22115384615384623 0.6057692307692307
2 0.076923076923077 0.5552884615384616 0.03125000000000007 0.5552884615384616 0.03125000000000007 0.6129807692307693 0.076923076923077 0.6129807692307693
2 0.5312500000000001 0.5697115384615384 0.48557692307692324 0.5697115384615384 0.48557692307692324 0.6418269230769231 0.5312500000000001 0.6418269230769231
8 0.7980769230769231 0.5240384615384617 0.7067307692307693 0.5240384615384617 0.7067307692307693 0.7043269230769231 0.7980769230769231 0.7043269230769231
4 0.6129807692307694 0.5865384615384617 0.560096153846154 0.5865384615384617 0.560096153846154 0.6586538461538461 0.6129807692307694 0.6586538461538461
2 0.22596153846153852 0.6009615384615384 0.1754807692307693 0.6009615384615384 0.1754807692307693 0.6947115384615384 0.22596153846153852 0.6947115384615384
2 0.7307692307692307 0.6153846153846154 0.6658653846153846 0.6153846153846154 0.6658653846153846 0.7163461538461539 0.7307692307692307 0.7163461538461539
4 0.12740384615384623 0.6442307692307693 0.06971153846153855 0.6442307692307693 0.06971153846153855 0.7139423076923077 0.12740384615384626 0.7139423076923077
4 0.21875000000000006 0.6875 0.16105769230769237 0.6875 0.16105769230769237 0.7716346153846154 0.21875000000000006 0.7716346153846154
4 0.5480769230769232 0.6850961538461539 0.4927884615384617 0.6850961538461539 0.4927884615384617 0.7860576923076923 0.5480769230769232 0.7860576923076923
2 0.2740384615384616 0.8125 0.1850961538461539 0.8125 0.18509615384615394 0.9711538461538461 0.2740384615384617 0.9711538461538461
2 0.9591346153846154 0.84375 0.8605769230769231 0.84375 0.8605769230769231 0.9759615384615384 0.9591346153846154 0.9759615384615384
4 0.14182692307692318 0.8846153846153846 0.07451923076923087 0.8846153846153846 0.07451923076923088 0.9783653846153846 0.1418269230769232 0.9783653846153846