2 0.37740384615384615 0.3004807692307693 0.34134615384615385 0.3004807692307693 0.34134615384615385 0.3605769230769231 0.37740384615384615 0.3605769230769231
2 0.41586538461538464 0.3389423076923077 0.375 0.3389423076923077 0.375 0.39663461538461536 0.41586538461538464 0.39663461538461536
2 0.65625 0.39182692307692324 0.5961538461538461 0.39182692307692324 0.5961538461538461 0.4567307692307694 0.65625 0.4567307692307694
2 0.8100961538461539 0.3701923076923078 0.7451923076923077 0.3701923076923078 0.7451923076923077 0.4807692307692309 0.8100961538461539 0.4807692307692309
2 0.40625 0.39663461538461536 0.36538461538461536 0.39663461538461536 0.36538461538461536 0.46634615384615385 0.40625 0.46634615384615385
8 0.375 0.36778846153846156 0.3052884615384616 0.36778846153846156 0.3052884615384616 0.5120192307692307 0.375 0.5120192307692307
8 0.8677884615384616 0.45192307692307704 0.7860576923076923 0.45192307692307704 0.7860576923076923 0.5456730769230771 0.8677884615384616 0.5456730769230771
2 0.5961538461538463 0.5264423076923077 0.5288461538461539 0.5264423076923077 0.528846153846154 0.6201923076923077 0.5961538461538463 0.6201923076923077
4 0.9639423076923077 0.5408653846153848 0.8605769230769231 0.5408653846153848 0.8605769230769231 0.6514423076923077 0.9639423076923077 0.6514423076923077
2 0.5721153846153848 0.6490384615384616 0.48557692307692324 0.6490384615384616 0.48557692307692324 0.7548076923076923 0.5721153846153848 0.7548076923076923
8 0.6322115384615384 0.7692307692307693 0.4326923076923078 0.7692307692307693 0.4326923076923078 1 0.6322115384615384 1