4 0.22596153846153852 0.5360576923076923 0.17788461538461545 0.5360576923076923 0.17788461538461545 0.59375 0.22596153846153852 0.59375
8 0.6850961538461539 0.5168269230769232 0.6081730769230769 0.5168269230769232 0.608173076923077 0.7019230769230769 0.6850961538461539 0.7019230769230769
4 0.23557692307692316 0.5985576923076923 0.1850961538461539 0.5985576923076923 0.1850961538461539 0.6754807692307693 0.23557692307692316 0.6754807692307693
4 0.48557692307692324 0.6033653846153846 0.43509615384615397 0.6033653846153846 0.43509615384615397 0.6802884615384616 0.48557692307692324 0.6802884615384616
8 0.08173076923076932 0.5649038461538461 6.918076870183365e-17 0.5649038461538461 7.963148056955745e-17 0.7355769230769231 0.08173076923076933 0.7355769230769231
9 0.5697115384615385 0.6033653846153847 0.5072115384615385 0.6033653846153846 0.5072115384615385 0.7019230769230769 0.5697115384615385 0.7019230769230769
8 0.8389423076923077 0.5769230769230771 0.7067307692307693 0.5769230769230771 0.7067307692307693 0.8052884615384616 0.8389423076923077 0.8052884615384616
2 0.7259615384615384 0.6995192307692307 0.6658653846153846 0.6995192307692307 0.6658653846153846 0.8076923076923077 0.7259615384615384 0.8076923076923077
5 0.34134615384615397 0.7355769230769231 0.26682692307692313 0.7355769230769231 0.26682692307692313 0.8293269230769231 0.34134615384615397 0.8293269230769231
4 0.7932692307692307 0.8245192307692307 0.71875 0.8245192307692307 0.71875 0.9399038461538461 0.7932692307692307 0.9399038461538461
2 0.15865384615384626 0.8317307692307693 0.06971153846153856 0.8317307692307693 0.06971153846153857 0.9639423076923077 0.15865384615384628 0.9639423076923077