4 0.264423076923077 0.6153846153846154 0.20192307692307698 0.6153846153846154 0.20192307692307698 0.6923076923076923 0.264423076923077 0.6923076923076923
4 0.528846153846154 0.625 0.4687500000000001 0.625 0.4687500000000001 0.7043269230769231 0.528846153846154 0.7043269230769231
8 0.8076923076923077 0.6009615384615385 0.7379807692307693 0.6009615384615385 0.7379807692307693 0.7403846153846154 0.8076923076923077 0.7403846153846154
4 0.6875 0.6370192307692307 0.6225961538461539 0.6370192307692307 0.6225961538461539 0.75 0.6875 0.75
4 0.31730769230769246 0.6586538461538461 0.2548076923076924 0.6586538461538461 0.2548076923076924 0.7331730769230769 0.31730769230769246 0.7331730769230769
9 0.4615384615384617 0.6514423076923077 0.39182692307692324 0.6514423076923077 0.39182692307692324 0.7668269230769231 0.4615384615384617 0.7668269230769231
4 0.21394230769230776 0.6706730769230769 0.13701923076923084 0.6706730769230769 0.13701923076923087 0.7596153846153846 0.21394230769230776 0.7596153846153846
2 0.9086538461538461 0.6730769230769231 0.8365384615384616 0.6730769230769231 0.8365384615384616 0.7788461538461539 0.9086538461538461 0.7788461538461539
2 0.10576923076923085 0.6850961538461539 0.0408653846153847 0.6850961538461539 0.040865384615384706 0.7836538461538461 0.10576923076923087 0.7836538461538461
4 0.2548076923076924 0.6947115384615384 0.19230769230769237 0.6947115384615384 0.19230769230769237 0.7788461538461539 0.2548076923076924 0.7788461538461539
2 0.7596153846153846 0.6826923076923077 0.6802884615384616 0.6826923076923077 0.6802884615384616 0.8004807692307693 0.7596153846153846 0.8004807692307693
2 0.3149038461538463 0.6947115384615384 0.2379807692307693 0.6947115384615384 0.2379807692307693 0.8173076923076923 0.3149038461538463 0.8173076923076923
2 0.1610576923076924 0.7692307692307693 0.06490384615384626 0.7692307692307693 0.06490384615384626 0.8966346153846154 0.16105769230769246 0.8966346153846154
4 0.30048076923076933 0.8052884615384616 0.2067307692307693 0.8052884615384616 0.20673076923076933 0.9110576923076923 0.3004807692307694 0.9110576923076923
2 0.0889423076923078 0.7908653846153846 9.685307618256712e-17 0.7908653846153846 1.0965887804865121e-16 1 0.08894230769230783 1