8 0.5745192307692307 0.3100961538461539 0.5072115384615384 0.31009615384615385 0.5072115384615384 0.39182692307692313 0.5745192307692307 0.39182692307692324
4 0.6514423076923077 0.3389423076923078 0.6153846153846154 0.3389423076923078 0.6153846153846154 0.39182692307692324 0.6514423076923077 0.39182692307692324
2 0.7740384615384616 0.3557692307692309 0.7403846153846154 0.3557692307692309 0.7403846153846154 0.4062500000000001 0.7740384615384616 0.4062500000000001
9 0.5865384615384616 0.3677884615384616 0.5432692307692307 0.36778846153846156 0.5432692307692307 0.4158653846153847 0.5865384615384616 0.41586538461538475
4 0.7091346153846154 0.38942307692307704 0.6682692307692307 0.38942307692307704 0.6682692307692307 0.4447115384615386 0.7091346153846154 0.4447115384615386
4 0.5288461538461539 0.40865384615384615 0.46875 0.40865384615384615 0.46875 0.4639423076923077 0.5288461538461539 0.4639423076923077
8 0.84375 0.39182692307692324 0.7932692307692307 0.39182692307692324 0.7932692307692307 0.4879807692307694 0.84375 0.4879807692307694
4 0.6778846153846154 0.4639423076923078 0.6153846153846154 0.4639423076923078 0.6153846153846154 0.5504807692307694 0.6778846153846154 0.5504807692307694
4 0.5937500000000001 0.4783653846153847 0.5192307692307693 0.47836538461538464 0.5192307692307693 0.5793269230769231 0.5937500000000001 0.5793269230769232
4 0.6730769230769231 0.5769230769230771 0.6081730769230771 0.5769230769230771 0.6081730769230771 0.6778846153846154 0.6730769230769231 0.6778846153846154
2 0.2139423076923078 0.7740384615384616 9.479237243400186e-17 0.7740384615384616 1.0862852617436859e-16 1 0.21394230769230782 1