8 0.11057692307692314 0.46153846153846156 0.02644230769230775 0.46153846153846156 0.02644230769230776 0.5985576923076923 0.11057692307692314 0.5985576923076923
8 0.22596153846153852 0.47836538461538464 0.1538461538461539 0.47836538461538464 0.1538461538461539 0.6081730769230769 0.22596153846153852 0.6081730769230769
2 0.5817307692307693 0.5432692307692308 0.5360576923076923 0.5432692307692307 0.5360576923076924 0.6129807692307693 0.5817307692307694 0.6129807692307694
2 0.2596153846153847 0.5528846153846154 0.21153846153846162 0.5528846153846154 0.21153846153846162 0.6081730769230769 0.2596153846153847 0.6081730769230769
2 0.71875 0.5360576923076924 0.6586538461538461 0.5360576923076924 0.6586538461538461 0.6466346153846154 0.71875 0.6466346153846154
4 0.32211538461538475 0.5625 0.2740384615384616 0.5625 0.2740384615384616 0.6370192307692307 0.32211538461538475 0.6370192307692307
2 0.46875000000000006 0.5576923076923077 0.4182692307692308 0.5576923076923077 0.41826923076923084 0.6514423076923077 0.4687500000000001 0.6514423076923077
2 0.6754807692307693 0.605769230769231 0.625 0.605769230769231 0.625 0.7043269230769231 0.6754807692307693 0.7043269230769231
4 0.29326923076923084 0.6394230769230769 0.24278846153846162 0.6394230769230769 0.24278846153846162 0.7115384615384616 0.29326923076923084 0.7115384615384616
8 0.13701923076923087 0.5961538461538461 0.052884615384615453 0.5961538461538461 0.05288461538461547 0.8197115384615384 0.13701923076923087 0.8197115384615384
4 0.5408653846153848 0.7115384615384616 0.47836538461538475 0.7115384615384616 0.47836538461538475 0.8004807692307693 0.5408653846153848 0.8004807692307693
4 0.90625 0.71875 0.8413461538461539 0.71875 0.8413461538461539 0.8173076923076923 0.90625 0.8173076923076923
2 0.3389423076923078 0.7067307692307693 0.2740384615384616 0.7067307692307693 0.2740384615384616 0.8365384615384616 0.3389423076923078 0.8365384615384616
2 0.7740384615384616 0.7139423076923077 0.6923076923076923 0.7139423076923077 0.6923076923076923 0.8461538461538461 0.7740384615384616 0.8461538461538461
4 0.6730769230769231 0.8076923076923077 0.5937500000000001 0.8076923076923077 0.5937500000000001 0.9278846153846154 0.6730769230769231 0.9278846153846154