8 0.2908653846153847 0.5745192307692307 0.20192307692307698 0.5745192307692307 0.20192307692307698 0.6899038461538461 0.2908653846153847 0.6899038461538461
1 0.19951923076923084 0.6370192307692307 0.16826923076923084 0.6370192307692307 0.16826923076923084 0.7067307692307693 0.19951923076923084 0.7067307692307693
4 0.6754807692307693 0.6346153846153846 0.6225961538461539 0.6346153846153846 0.6225961538461539 0.7115384615384616 0.6754807692307693 0.7115384615384616
4 0.8221153846153846 0.6322115384615384 0.7692307692307693 0.6322115384615384 0.7692307692307693 0.7163461538461539 0.8221153846153846 0.7163461538461539
9 0.605769230769231 0.6370192307692307 0.5576923076923078 0.6370192307692307 0.5576923076923078 0.7139423076923077 0.605769230769231 0.7139423076923077
2 0.4927884615384617 0.6706730769230769 0.4254807692307694 0.6706730769230769 0.4254807692307694 0.8004807692307693 0.4927884615384617 0.8004807692307693
4 0.7043269230769231 0.6899038461538461 0.6490384615384616 0.6899038461538461 0.6490384615384616 0.7788461538461539 0.7043269230769231 0.7788461538461539
9 0.2860576923076924 0.7331730769230769 0.19951923076923084 0.7331730769230769 0.19951923076923084 0.8365384615384616 0.2860576923076924 0.8365384615384616
2 0.10817307692307702 0.7379807692307693 0.009615384615384704 0.7379807692307693 0.009615384615384711 0.8389423076923077 0.10817307692307702 0.8389423076923077
2 0.6177884615384616 0.7572115384615384 0.5384615384615385 0.7572115384615384 0.5384615384615385 0.8629807692307693 0.6177884615384616 0.8629807692307693
2 0.6899038461538461 0.8076923076923077 0.6201923076923077 0.8076923076923077 0.6201923076923077 0.9182692307692307 0.6899038461538461 0.9182692307692307
4 0.21394230769230782 0.8966346153846154 0.10576923076923087 0.8966346153846154 0.1057692307692309 1 0.21394230769230782 1