2 0.6995192307692307 0.4807692307692309 0.6610576923076923 0.4807692307692309 0.6610576923076923 0.5456730769230771 0.6995192307692307 0.5456730769230771
2 0.3581730769230769 0.5 0.32211538461538464 0.5 0.32211538461538464 0.5432692307692307 0.3581730769230769 0.5432692307692307
4 0.4375 0.5072115384615384 0.4014423076923077 0.5072115384615384 0.4014423076923077 0.5432692307692307 0.4375 0.5432692307692307
4 0.39182692307692313 0.5264423076923077 0.3581730769230769 0.5264423076923077 0.358173076923077 0.5649038461538461 0.39182692307692324 0.5649038461538461
4 0.3413461538461539 0.53125 0.3028846153846155 0.53125 0.3028846153846155 0.5745192307692307 0.34134615384615397 0.5745192307692307
8 0.8677884615384616 0.5072115384615385 0.7716346153846154 0.5072115384615385 0.7716346153846154 0.6346153846153846 0.8677884615384616 0.6346153846153846
2 0.7067307692307693 0.543269230769231 0.6634615384615384 0.543269230769231 0.6634615384615384 0.6009615384615385 0.7067307692307693 0.6009615384615385
4 0.4326923076923078 0.5841346153846154 0.3942307692307694 0.5841346153846154 0.3942307692307694 0.6490384615384616 0.4326923076923078 0.6490384615384616
2 0.3701923076923078 0.6081730769230769 0.31730769230769246 0.6081730769230769 0.31730769230769246 0.6778846153846154 0.3701923076923078 0.6778846153846154
4 0.8701923076923077 0.6298076923076923 0.8028846153846154 0.6298076923076923 0.8028846153846154 0.7043269230769231 0.8701923076923077 0.7043269230769231
8 0.23076923076923084 0.5528846153846154 0.09375000000000007 0.5528846153846154 0.09375000000000008 0.8173076923076923 0.23076923076923084 0.8173076923076923
4 0.42067307692307704 0.7115384615384616 0.36057692307692324 0.7115384615384616 0.36057692307692324 0.7980769230769231 0.42067307692307704 0.7980769230769231
2 1 0.71875 0.9278846153846154 0.71875 0.9278846153846154 0.8605769230769231 1 0.8605769230769231