2 0.3750000000000001 0.6057692307692307 0.33413461538461553 0.6057692307692307 0.33413461538461553 0.6706730769230769 0.3750000000000001 0.6706730769230769
4 0.4326923076923078 0.6081730769230769 0.3870192307692309 0.6081730769230769 0.3870192307692309 0.6778846153846154 0.4326923076923078 0.6778846153846154
2 0.5168269230769232 0.6153846153846154 0.4639423076923078 0.6153846153846154 0.4639423076923078 0.7211538461538461 0.5168269230769232 0.7211538461538461
2 0.32211538461538475 0.6346153846153846 0.2716346153846155 0.6346153846153846 0.2716346153846155 0.71875 0.32211538461538475 0.71875
2 0.18028846153846162 0.6466346153846154 0.13221153846153852 0.6466346153846154 0.13221153846153855 0.7259615384615384 0.18028846153846162 0.7259615384615384
2 0.3942307692307694 0.6490384615384616 0.3509615384615386 0.6490384615384616 0.3509615384615386 0.7235576923076923 0.3942307692307694 0.7235576923076923
2 0.49038461538461553 0.6682692307692307 0.42788461538461553 0.6682692307692307 0.42788461538461553 0.7716346153846154 0.49038461538461553 0.7716346153846154
2 0.1033653846153847 0.6899038461538461 0.0408653846153847 0.6899038461538461 0.040865384615384706 0.7836538461538461 0.10336538461538472 0.7836538461538461
2 0.6442307692307693 0.6971153846153846 0.574519230769231 0.6971153846153846 0.574519230769231 0.7980769230769231 0.6442307692307693 0.7980769230769231
2 0.35336538461538475 0.7307692307692307 0.295673076923077 0.7307692307692307 0.295673076923077 0.8341346153846154 0.35336538461538475 0.8341346153846154
2 0.45192307692307704 0.7331730769230769 0.3822115384615386 0.7331730769230769 0.3822115384615386 0.8629807692307693 0.45192307692307704 0.8629807692307693
4 0.5552884615384617 0.7836538461538461 0.48557692307692324 0.7836538461538461 0.48557692307692324 0.90625 0.5552884615384617 0.90625
2 0.7451923076923077 0.7836538461538461 0.6490384615384616 0.7836538461538461 0.6490384615384616 0.9278846153846154 0.7451923076923077 0.9278846153846154
2 0.65625 0.8004807692307693 0.5649038461538463 0.8004807692307693 0.5649038461538463 0.9375 0.65625 0.9375
2 0.5072115384615385 0.8245192307692307 0.4182692307692309 0.8245192307692307 0.4182692307692309 0.9951923076923077 0.5072115384615385 0.9951923076923077