4 0.2596153846153847 0.44711538461538464 0.22596153846153852 0.44711538461538464 0.22596153846153852 0.4879807692307692 0.2596153846153847 0.4879807692307692
8 0.09855769230769236 0.4110576923076923 0.01201923076923082 0.4110576923076923 0.012019230769230827 0.5384615384615384 0.09855769230769237 0.5384615384615384
2 0.5312500000000001 0.4951923076923077 0.4951923076923077 0.4951923076923077 0.49519230769230776 0.5600961538461539 0.5312500000000001 0.5600961538461539
2 0.5889423076923077 0.5096153846153847 0.5504807692307693 0.5096153846153846 0.5504807692307693 0.5721153846153847 0.5889423076923078 0.5721153846153848
2 0.1658653846153847 0.5192307692307693 0.1129807692307693 0.5192307692307693 0.1129807692307693 0.5985576923076923 0.1658653846153847 0.5985576923076923
2 0.7427884615384616 0.5504807692307694 0.6923076923076923 0.5504807692307694 0.6923076923076923 0.6610576923076923 0.7427884615384616 0.6610576923076923
4 0.543269230769231 0.5889423076923077 0.4951923076923078 0.5889423076923077 0.4951923076923078 0.6466346153846154 0.543269230769231 0.6466346153846154
4 0.5552884615384617 0.6298076923076923 0.5072115384615385 0.6298076923076923 0.5072115384615385 0.6923076923076923 0.5552884615384617 0.6923076923076923
8 0.8701923076923077 0.5649038461538463 0.7620192307692307 0.5649038461538463 0.7620192307692307 0.8052884615384616 0.8701923076923077 0.8052884615384616
4 0.6610576923076923 0.6875 0.6081730769230771 0.6875 0.6081730769230771 0.7644230769230769 0.6610576923076923 0.7644230769230769
4 0.7427884615384616 0.7115384615384616 0.6899038461538461 0.7115384615384616 0.6899038461538461 0.8052884615384616 0.7427884615384616 0.8052884615384616
4 0.6129807692307694 0.7644230769230769 0.5504807692307694 0.7644230769230769 0.5504807692307694 0.8557692307692307 0.6129807692307694 0.8557692307692307
2 0.6346153846153846 0.8461538461538461 0.5528846153846155 0.8461538461538461 0.5528846153846155 0.9951923076923077 0.6346153846153846 0.9951923076923077