8 0.8870192307692307 0.18028846153846165 0.7884615384615384 0.18028846153846162 0.7884615384615384 0.36538461538461553 0.8870192307692307 0.36538461538461553
8 0.8076923076923077 0.20913461538461545 0.7235576923076923 0.20913461538461545 0.7235576923076923 0.37259615384615397 0.8076923076923077 0.37259615384615397
4 0.6802884615384616 0.3461538461538463 0.6298076923076923 0.3461538461538463 0.6298076923076923 0.42067307692307704 0.6802884615384616 0.42067307692307704
4 0.7980769230769231 0.38942307692307704 0.7331730769230769 0.38942307692307704 0.7331730769230769 0.49038461538461553 0.7980769230769231 0.49038461538461553
4 0.4110576923076923 0.43990384615384615 0.34375 0.43990384615384615 0.34375 0.5456730769230769 0.4110576923076923 0.5456730769230769
9 0.31490384615384615 0.43990384615384615 0.23557692307692316 0.43990384615384615 0.23557692307692316 0.5480769230769231 0.31490384615384615 0.5480769230769231
4 0.7451923076923077 0.4687500000000001 0.6586538461538461 0.4687500000000001 0.6586538461538461 0.6009615384615385 0.7451923076923077 0.6009615384615385
4 0.17307692307692316 0.5240384615384616 0.10336538461538468 0.5240384615384616 0.10336538461538468 0.6370192307692307 0.17307692307692316 0.6370192307692307
9 0.9038461538461539 0.5048076923076924 0.8052884615384616 0.5048076923076924 0.8052884615384616 0.6995192307692307 0.9038461538461539 0.6995192307692307
2 0.3725961538461539 0.5528846153846154 0.2860576923076924 0.5528846153846154 0.2860576923076924 0.6682692307692307 0.37259615384615397 0.6682692307692307
5 0.4879807692307694 0.6418269230769231 0.3870192307692309 0.6418269230769231 0.3870192307692309 0.7908653846153846 0.4879807692307694 0.7908653846153846
2 0.8221153846153846 0.6850961538461539 0.7163461538461539 0.6850961538461539 0.7163461538461539 0.84375 0.8221153846153846 0.84375
2 0.3389423076923078 0.6923076923076923 0.22596153846153852 0.6923076923076923 0.22596153846153857 0.8581730769230769 0.3389423076923078 0.8581730769230769