2 0.5721153846153848 0.560096153846154 0.5216346153846155 0.5600961538461539 0.5216346153846155 0.6442307692307693 0.5721153846153848 0.6442307692307693
8 0.15625000000000006 0.5649038461538461 0.108173076923077 0.5649038461538461 0.108173076923077 0.6778846153846154 0.15625000000000006 0.6778846153846154
2 0.5072115384615385 0.6009615384615384 0.44230769230769246 0.6009615384615384 0.44230769230769246 0.7355769230769231 0.5072115384615385 0.7355769230769231
8 0.7692307692307693 0.5817307692307694 0.6754807692307693 0.5817307692307694 0.6754807692307693 0.7668269230769231 0.7692307692307693 0.7668269230769231
5 0.2067307692307693 0.6586538461538461 0.15144230769230776 0.6586538461538461 0.15144230769230776 0.7451923076923077 0.2067307692307693 0.7451923076923077
8 0.055288461538461633 0.6610576923076923 8.095621869363514e-17 0.6610576923076923 8.993499931238375e-17 0.8076923076923077 0.05528846153846164 0.8076923076923077
4 0.6971153846153846 0.6850961538461539 0.6442307692307693 0.6850961538461539 0.6442307692307693 0.7860576923076923 0.6971153846153846 0.7860576923076923
4 0.6201923076923077 0.7019230769230769 0.560096153846154 0.7019230769230769 0.560096153846154 0.8052884615384616 0.6201923076923077 0.8052884615384616
4 0.32932692307692324 0.71875 0.264423076923077 0.71875 0.264423076923077 0.7956730769230769 0.32932692307692324 0.7956730769230769
2 0.3750000000000001 0.8052884615384616 0.29807692307692313 0.8052884615384616 0.2980769230769232 0.8990384615384616 0.3750000000000001 0.8990384615384616
4 0.2548076923076924 0.8197115384615384 0.17307692307692316 0.8197115384615384 0.17307692307692318 0.9110576923076923 0.25480769230769246 0.9110576923076923
5 0.38942307692307704 0.8581730769230769 0.3004807692307694 0.8581730769230769 0.3004807692307694 0.9879807692307693 0.38942307692307704 0.9879807692307693
2 0.17548076923076936 0.9038461538461539 0.07451923076923087 0.9038461538461539 0.07451923076923088 1 0.17548076923076936 1
4 0.32211538461538475 0.9399038461538461 0.24278846153846168 0.9399038461538461 0.24278846153846168 1 0.32211538461538475 1