2 0.389423076923077 0.5456730769230769 0.3269230769230769 0.5456730769230769 0.326923076923077 0.6201923076923077 0.38942307692307704 0.6201923076923077
1 0.8293269230769231 0.5793269230769232 0.7932692307692307 0.5793269230769232 0.7932692307692307 0.6418269230769231 0.8293269230769231 0.6418269230769231
4 0.7740384615384616 0.5769230769230771 0.7259615384615384 0.5769230769230771 0.7259615384615384 0.6514423076923077 0.7740384615384616 0.6514423076923077
4 0.5072115384615385 0.5865384615384616 0.4567307692307694 0.5865384615384616 0.4567307692307694 0.6490384615384616 0.5072115384615385 0.6490384615384616
4 0.574519230769231 0.6177884615384616 0.5264423076923078 0.6177884615384616 0.5264423076923078 0.6850961538461539 0.574519230769231 0.6850961538461539
5 0.6923076923076923 0.6153846153846154 0.6370192307692307 0.6153846153846154 0.6370192307692307 0.6995192307692307 0.6923076923076923 0.6995192307692307
5 0.18750000000000006 0.6658653846153846 0.1177884615384616 0.6658653846153846 0.11778846153846162 0.7283653846153846 0.18750000000000006 0.7283653846153846
2 0.42067307692307704 0.6490384615384616 0.34134615384615397 0.6490384615384616 0.34134615384615397 0.7716346153846154 0.42067307692307704 0.7716346153846154
4 0.6081730769230771 0.6658653846153846 0.543269230769231 0.6658653846153846 0.543269230769231 0.7572115384615384 0.6081730769230771 0.7572115384615384
2 0.16826923076923084 0.6971153846153846 0.0817307692307693 0.6971153846153846 0.08173076923076932 0.7740384615384616 0.16826923076923084 0.7740384615384616
4 0.7692307692307693 0.7956730769230769 0.7043269230769231 0.7956730769230769 0.7043269230769231 0.9038461538461539 0.7692307692307693 0.9038461538461539
4 0.6466346153846154 0.8269230769230769 0.5817307692307694 0.8269230769230769 0.5817307692307694 0.9447115384615384 0.6466346153846154 0.9447115384615384
4 0.34855769230769246 0.9134615384615384 0.24038461538461553 0.9134615384615384 0.24038461538461553 1 0.34855769230769246 1