2 0.5552884615384616 0.33653846153846156 0.4879807692307692 0.33653846153846156 0.4879807692307692 0.43990384615384615 0.5552884615384616 0.43990384615384615
4 0.5504807692307693 0.4735576923076923 0.47836538461538464 0.4735576923076923 0.4783653846153847 0.5697115384615384 0.5504807692307694 0.5697115384615384
9 0.25000000000000006 0.5216346153846154 0.1538461538461539 0.5216346153846154 0.1538461538461539 0.6802884615384616 0.25000000000000006 0.6802884615384616
4 0.42307692307692324 0.5721153846153846 0.3509615384615386 0.5721153846153846 0.3509615384615386 0.6634615384615384 0.42307692307692324 0.6634615384615384
4 0.6730769230769231 0.5841346153846155 0.5889423076923078 0.5841346153846155 0.5889423076923078 0.6995192307692307 0.6730769230769231 0.6995192307692307
5 0.3750000000000001 0.5817307692307693 0.2836538461538462 0.5817307692307693 0.2836538461538462 0.71875 0.3750000000000001 0.71875
2 0.19951923076923084 0.5600961538461539 0.09375000000000007 0.5600961538461539 0.09375000000000008 0.7451923076923077 0.19951923076923084 0.7451923076923077
4 0.9110576923076923 0.6009615384615385 0.8389423076923077 0.6009615384615385 0.8389423076923077 0.7163461538461539 0.9110576923076923 0.7163461538461539
4 0.5817307692307694 0.6778846153846154 0.49038461538461553 0.6778846153846154 0.49038461538461553 0.7956730769230769 0.5817307692307694 0.7956730769230769
8 0.8557692307692307 0.6105769230769232 0.6899038461538461 0.6105769230769232 0.6899038461538461 1 0.8557692307692307 1
4 0.6346153846153846 0.8125 0.5264423076923078 0.8125 0.5264423076923078 0.96875 0.6346153846153846 0.96875
2 0.44711538461538475 0.8100961538461539 0.3317307692307694 0.8100961538461539 0.3317307692307694 0.9759615384615384 0.44711538461538475 0.9759615384615384