5 0.4687500000000001 0.5961538461538461 0.39182692307692324 0.5961538461538461 0.39182692307692324 0.6899038461538461 0.4687500000000001 0.6899038461538461
5 0.6538461538461539 0.6778846153846154 0.5769230769230771 0.6778846153846154 0.5769230769230771 0.7932692307692307 0.6538461538461539 0.7932692307692307
9 0.8605769230769231 0.6875 0.7932692307692307 0.6875 0.7932692307692307 0.7980769230769231 0.8605769230769231 0.7980769230769231
4 0.22115384615384623 0.6995192307692307 0.14903846153846165 0.6995192307692307 0.14903846153846165 0.7884615384615384 0.22115384615384623 0.7884615384615384
4 0.3028846153846155 0.7235576923076923 0.23317307692307698 0.7235576923076923 0.23317307692307698 0.8173076923076923 0.3028846153846155 0.8173076923076923
2 0.13701923076923087 0.7355769230769231 0.04326923076923085 0.7355769230769231 0.043269230769230865 0.8605769230769231 0.13701923076923087 0.8605769230769231
4 0.5697115384615385 0.7620192307692307 0.48557692307692324 0.7620192307692307 0.48557692307692324 0.875 0.5697115384615385 0.875
2 0.28365384615384626 0.7836538461538461 0.18269230769230776 0.7836538461538461 0.1826923076923078 0.9447115384615384 0.2836538461538463 0.9447115384615384
2 0.8365384615384616 0.8173076923076923 0.7451923076923077 0.8173076923076923 0.7451923076923077 0.9302884615384616 0.8365384615384616 0.9302884615384616
4 0.5168269230769232 0.8317307692307693 0.41105769230769246 0.8317307692307693 0.41105769230769246 0.9519230769230769 0.5168269230769232 0.9519230769230769
2 0.6586538461538461 0.8485576923076923 0.5625000000000001 0.8485576923076923 0.5625000000000001 0.9783653846153846 0.6586538461538461 0.9783653846153846
5 0.20673076923076936 0.8725961538461539 0.10817307692307702 0.8725961538461539 0.10817307692307704 1 0.20673076923076936 1
2 0.4711538461538463 0.9110576923076923 0.37980769230769246 0.9110576923076923 0.37980769230769246 1 0.4711538461538463 1