8 0.5192307692307693 0.19951923076923084 0.46875 0.19951923076923084 0.46875 0.2908653846153847 0.5192307692307693 0.2908653846153847
8 0.5600961538461539 0.22115384615384623 0.5192307692307693 0.22115384615384623 0.5192307692307693 0.29807692307692313 0.5600961538461539 0.29807692307692313
8 0.4206730769230769 0.23317307692307698 0.36538461538461536 0.23317307692307698 0.36538461538461536 0.32211538461538464 0.4206730769230769 0.32211538461538464
8 0.4735576923076923 0.264423076923077 0.4230769230769231 0.264423076923077 0.4230769230769231 0.34615384615384615 0.4735576923076923 0.34615384615384615
8 0.36778846153846156 0.25000000000000006 0.27884615384615385 0.25 0.27884615384615385 0.36778846153846156 0.36778846153846156 0.36778846153846156
2 0.6706730769230769 0.3317307692307694 0.6346153846153846 0.3317307692307694 0.6346153846153846 0.3870192307692309 0.6706730769230769 0.3870192307692309
4 0.5408653846153846 0.34134615384615385 0.5048076923076923 0.34134615384615385 0.5048076923076923 0.3870192307692308 0.5408653846153846 0.3870192307692308
4 0.71875 0.34134615384615397 0.6802884615384616 0.34134615384615397 0.6802884615384616 0.39663461538461553 0.71875 0.39663461538461553
2 0.6442307692307693 0.34134615384615397 0.6033653846153846 0.34134615384615397 0.6033653846153846 0.42307692307692324 0.6442307692307693 0.42307692307692324
8 0.31009615384615385 0.31490384615384615 0.2163461538461539 0.31490384615384615 0.2163461538461539 0.45913461538461536 0.31009615384615385 0.45913461538461536
8 0.8076923076923077 0.37259615384615397 0.7451923076923077 0.37259615384615397 0.7451923076923077 0.5096153846153848 0.8076923076923077 0.5096153846153848
4 0.5913461538461539 0.4158653846153847 0.5432692307692307 0.41586538461538464 0.5432692307692307 0.48557692307692313 0.5913461538461539 0.48557692307692324
8 0.18028846153846162 0.3894230769230769 0.07692307692307696 0.3894230769230769 0.07692307692307697 0.5192307692307693 0.18028846153846162 0.5192307692307693
4 0.5576923076923077 0.5528846153846154 0.49278846153846156 0.5528846153846154 0.4927884615384616 0.6418269230769231 0.5576923076923078 0.6418269230769231
5 0.31009615384615397 0.6850961538461539 0.21153846153846162 0.6850961538461539 0.21153846153846162 0.8365384615384616 0.31009615384615397 0.8365384615384616
2 0.5408653846153848 0.6947115384615384 0.44230769230769246 0.6947115384615384 0.44230769230769246 0.9014423076923077 0.5408653846153848 0.9014423076923077
5 0.3822115384615386 0.7668269230769231 0.27644230769230776 0.7668269230769231 0.2764423076923078 0.9519230769230769 0.3822115384615386 0.9519230769230769