2 0.31009615384615397 0.6009615384615384 0.2740384615384616 0.6009615384615384 0.2740384615384616 0.6658653846153846 0.31009615384615397 0.6658653846153846
8 0.4447115384615386 0.625 0.39663461538461553 0.625 0.39663461538461553 0.6971153846153846 0.4447115384615386 0.6971153846153846
8 0.5000000000000001 0.625 0.4447115384615386 0.625 0.4447115384615386 0.7115384615384616 0.5000000000000001 0.7115384615384616
8 0.3942307692307694 0.6394230769230769 0.3437500000000001 0.6394230769230769 0.3437500000000001 0.7259615384615384 0.3942307692307694 0.7259615384615384
8 0.3365384615384617 0.6490384615384616 0.2860576923076924 0.6490384615384616 0.2860576923076924 0.7427884615384616 0.3365384615384617 0.7427884615384616
8 0.6274038461538461 0.6177884615384616 0.5096153846153848 0.6177884615384616 0.5096153846153848 0.8485576923076923 0.6274038461538461 0.8485576923076923
4 0.4927884615384617 0.6971153846153846 0.4375000000000001 0.6971153846153846 0.4375000000000001 0.7932692307692307 0.4927884615384617 0.7932692307692307
2 0.4447115384615386 0.7307692307692307 0.3774038461538463 0.7307692307692307 0.3774038461538463 0.8557692307692307 0.4447115384615386 0.8557692307692307
2 0.5721153846153848 0.7379807692307693 0.48557692307692324 0.7379807692307693 0.48557692307692324 0.9086538461538461 0.5721153846153848 0.9086538461538461
2 0.7475961538461539 0.7764423076923077 0.6466346153846154 0.7764423076923077 0.6466346153846154 0.9086538461538461 0.7475961538461539 0.9086538461538461
8 0.5072115384615385 0.8245192307692307 0.42307692307692324 0.8245192307692307 0.42307692307692324 0.9951923076923077 0.5072115384615385 0.9951923076923077
2 0.40384615384615397 0.8822115384615384 0.31730769230769246 0.8822115384615384 0.31730769230769246 1 0.40384615384615397 1