2 0.3870192307692308 0.40384615384615385 0.29807692307692313 0.40384615384615385 0.29807692307692313 0.49038461538461536 0.3870192307692308 0.49038461538461536
8 0.6682692307692307 0.3990384615384617 0.5865384615384616 0.3990384615384617 0.5865384615384616 0.5480769230769232 0.6682692307692307 0.5480769230769232
2 0.5528846153846154 0.47115384615384615 0.45913461538461536 0.47115384615384615 0.4591346153846155 0.5841346153846154 0.5528846153846155 0.5841346153846154
2 0.7043269230769231 0.5048076923076924 0.6322115384615384 0.5048076923076924 0.6322115384615384 0.6177884615384616 0.7043269230769231 0.6177884615384616
5 0.7668269230769231 0.5408653846153848 0.6826923076923077 0.5408653846153848 0.6826923076923077 0.6899038461538461 0.7668269230769231 0.6899038461538461
4 0.5625000000000001 0.5432692307692308 0.46153846153846156 0.5432692307692307 0.4615384615384616 0.7019230769230769 0.5625000000000001 0.7019230769230769
4 0.1346153846153847 0.5552884615384616 0.00721153846153853 0.5552884615384616 0.007211538461538538 0.6971153846153846 0.1346153846153847 0.6971153846153846
4 0.2596153846153847 0.5769230769230769 0.12019230769230776 0.5769230769230769 0.12019230769230776 0.6802884615384616 0.2596153846153847 0.6802884615384616
2 0.42788461538461553 0.5817307692307693 0.2860576923076924 0.5817307692307693 0.2860576923076924 0.7692307692307693 0.42788461538461553 0.7692307692307693
2 0.605769230769231 0.5985576923076924 0.45192307692307704 0.5985576923076923 0.45192307692307704 0.8798076923076923 0.605769230769231 0.8798076923076923
8 0.6490384615384616 0.8076923076923077 0.47355769230769246 0.8076923076923077 0.47355769230769246 1 0.6490384615384616 1