5 0.3942307692307694 0.6201923076923077 0.3437500000000001 0.6201923076923077 0.3437500000000001 0.6947115384615384 0.3942307692307694 0.6947115384615384
5 0.2475961538461539 0.6177884615384616 0.1850961538461539 0.6177884615384616 0.1850961538461539 0.7139423076923077 0.2475961538461539 0.7139423076923077
4 0.4687500000000001 0.6490384615384616 0.42067307692307704 0.6490384615384616 0.42067307692307704 0.7115384615384616 0.4687500000000001 0.7115384615384616
5 0.34855769230769246 0.6418269230769231 0.2908653846153847 0.6418269230769231 0.2908653846153847 0.7283653846153846 0.34855769230769246 0.7283653846153846
2 0.5048076923076924 0.6442307692307693 0.4567307692307694 0.6442307692307693 0.4567307692307694 0.7259615384615384 0.5048076923076924 0.7259615384615384
2 0.5961538461538463 0.6634615384615384 0.5456730769230771 0.6634615384615384 0.5456730769230771 0.7307692307692307 0.5961538461538463 0.7307692307692307
2 0.6370192307692307 0.6875 0.5817307692307694 0.6875 0.5817307692307694 0.7860576923076923 0.6370192307692307 0.7860576923076923
4 0.2692307692307693 0.7283653846153846 0.20913461538461545 0.7283653846153846 0.20913461538461545 0.8100961538461539 0.2692307692307693 0.8100961538461539
2 0.5889423076923078 0.75 0.5240384615384617 0.75 0.5240384615384617 0.8461538461538461 0.5889423076923078 0.8461538461538461
5 0.7019230769230769 0.7740384615384616 0.6394230769230769 0.7740384615384616 0.6394230769230769 0.875 0.7019230769230769 0.875
2 1 0.7620192307692307 0.9350961538461539 0.7620192307692307 0.9350961538461539 0.8966346153846154 1 0.8966346153846154
2 0.38942307692307704 0.8004807692307693 0.32211538461538475 0.8004807692307693 0.32211538461538475 0.8942307692307693 0.38942307692307704 0.8942307692307693
5 0.5096153846153848 0.8004807692307693 0.4447115384615386 0.8004807692307693 0.4447115384615386 0.90625 0.5096153846153848 0.90625
9 0.8365384615384616 0.8653846153846154 0.7379807692307693 0.8653846153846154 0.7379807692307693 1 0.8365384615384616 1
5 0.6995192307692307 0.875 0.6153846153846154 0.875 0.6153846153846154 1 0.6995192307692307 1