2 0.9182692307692307 0.38461538461538475 0.8149038461538461 0.38461538461538475 0.8149038461538461 0.5528846153846155 0.9182692307692307 0.5528846153846155
4 0.5600961538461539 0.4302884615384616 0.4735576923076923 0.43028846153846156 0.4735576923076923 0.5240384615384616 0.5600961538461539 0.5240384615384617
5 0.6610576923076923 0.4302884615384617 0.5769230769230769 0.4302884615384617 0.5769230769230769 0.5216346153846155 0.6610576923076923 0.5216346153846155
4 0.40144230769230776 0.5336538461538461 0.3173076923076923 0.5336538461538461 0.3173076923076924 0.6514423076923077 0.4014423076923078 0.6514423076923077
4 0.6971153846153846 0.5504807692307694 0.5961538461538461 0.5504807692307694 0.5961538461538463 0.6754807692307693 0.6971153846153846 0.6754807692307693
4 0.1562500000000001 0.8100961538461539 0.02403846153846164 0.8100961538461539 0.024038461538461644 0.9038461538461539 0.15625000000000014 0.9038461538461539
4 1 0.8245192307692307 0.8028846153846154 0.8245192307692307 0.8028846153846154 1 1 1
4 0.09615384615384627 0.8846153846153846 1.0833413992457355e-16 0.8846153846153846 1.1539940991965444e-16 1 0.09615384615384628 1
4 0.5240384615384616 0.27644230769230776 0.47596153846153844 0.27644230769230776 0.47596153846153844 0.3485576923076923 0.5240384615384616 0.3485576923076923
4 0.4855769230769231 0.3028846153846155 0.4423076923076923 0.3028846153846155 0.4423076923076923 0.3605769230769231 0.4855769230769231 0.3605769230769231
2 0.6298076923076923 0.3052884615384616 0.5625 0.3052884615384616 0.5625 0.42067307692307704 0.6298076923076923 0.42067307692307704
4 0.4567307692307692 0.3317307692307692 0.40384615384615385 0.3317307692307692 0.40384615384615385 0.40625 0.4567307692307692 0.40625
4 0.3125 0.3389423076923077 0.26201923076923084 0.3389423076923077 0.26201923076923084 0.4014423076923077 0.3125 0.4014423076923077
2 0.7067307692307693 0.34855769230769246 0.6394230769230769 0.34855769230769246 0.6394230769230769 0.4567307692307694 0.7067307692307693 0.4567307692307694