2 0.47836538461538475 0.5721153846153846 0.42788461538461553 0.5721153846153846 0.42788461538461553 0.6658653846153846 0.47836538461538475 0.6658653846153846
4 0.42067307692307704 0.5961538461538461 0.3774038461538463 0.5961538461538461 0.3774038461538463 0.6610576923076923 0.42067307692307704 0.6610576923076923
2 0.3701923076923078 0.6081730769230769 0.3317307692307694 0.6081730769230769 0.3317307692307694 0.6682692307692307 0.3701923076923078 0.6682692307692307
2 0.31730769230769246 0.6201923076923077 0.2716346153846155 0.6201923076923077 0.2716346153846155 0.6826923076923077 0.31730769230769246 0.6826923076923077
2 0.5576923076923078 0.625 0.5000000000000001 0.625 0.5000000000000001 0.6971153846153846 0.5576923076923078 0.6971153846153846
4 0.11057692307692316 0.6466346153846154 0.06250000000000008 0.6466346153846154 0.06250000000000008 0.7163461538461539 0.11057692307692318 0.7163461538461539
2 0.39663461538461553 0.6490384615384616 0.34855769230769246 0.6490384615384616 0.34855769230769246 0.7211538461538461 0.39663461538461553 0.7211538461538461
2 0.4687500000000001 0.6490384615384616 0.4134615384615386 0.6490384615384616 0.4134615384615386 0.7379807692307693 0.4687500000000001 0.7379807692307693
2 0.34855769230769246 0.6850961538461539 0.28846153846153855 0.6850961538461539 0.28846153846153855 0.7932692307692307 0.34855769230769246 0.7932692307692307
2 0.6225961538461539 0.6923076923076923 0.5649038461538463 0.6923076923076923 0.5649038461538463 0.7908653846153846 0.6225961538461539 0.7908653846153846
2 0.574519230769231 0.7235576923076923 0.5096153846153848 0.7235576923076923 0.5096153846153848 0.8197115384615384 0.574519230769231 0.8197115384615384
4 0.5264423076923078 0.75 0.4639423076923078 0.75 0.4639423076923078 0.8557692307692307 0.5264423076923078 0.8557692307692307
2 0.45192307692307704 0.7379807692307693 0.3822115384615386 0.7379807692307693 0.3822115384615386 0.8725961538461539 0.45192307692307704 0.8725961538461539
2 0.6298076923076923 0.8221153846153846 0.5312500000000001 0.8221153846153846 0.5312500000000001 1 0.6298076923076923 1
2 0.5096153846153848 0.8365384615384616 0.42307692307692324 0.8365384615384616 0.42307692307692324 0.9951923076923077 0.5096153846153848 0.9951923076923077