9 0.6442307692307693 0.3774038461538462 0.5552884615384616 0.37740384615384615 0.5552884615384616 0.5096153846153847 0.6442307692307693 0.5096153846153848
2 0.6995192307692307 0.41105769230769246 0.6442307692307693 0.41105769230769246 0.6442307692307693 0.4951923076923078 0.6995192307692307 0.4951923076923078
2 0.7475961538461539 0.4134615384615386 0.6899038461538461 0.4134615384615386 0.6899038461538461 0.5264423076923078 0.7475961538461539 0.5264423076923078
4 0.8173076923076923 0.4399038461538463 0.7620192307692307 0.4399038461538463 0.7620192307692307 0.5240384615384617 0.8173076923076923 0.5240384615384617
4 0.6971153846153846 0.4879807692307694 0.6418269230769231 0.4879807692307694 0.6418269230769231 0.6009615384615385 0.6971153846153846 0.6009615384615385
4 0.608173076923077 0.5072115384615385 0.5432692307692307 0.5072115384615384 0.5432692307692308 0.5865384615384616 0.6081730769230771 0.5865384615384617
4 0.6754807692307693 0.5384615384615385 0.5793269230769231 0.5384615384615385 0.5793269230769231 0.6778846153846154 0.6754807692307693 0.6778846153846154
4 0.7548076923076923 0.5528846153846155 0.6826923076923077 0.5528846153846155 0.6826923076923077 0.6682692307692307 0.7548076923076923 0.6682692307692307
2 0.8389423076923077 0.5192307692307694 0.7548076923076923 0.5192307692307694 0.7548076923076923 0.7451923076923077 0.8389423076923077 0.7451923076923077
2 0.5865384615384617 0.6033653846153847 0.4567307692307694 0.6033653846153846 0.4567307692307694 0.9014423076923077 0.5865384615384617 0.9014423076923077
0 0.4687500000000001 0.5889423076923077 0.04326923076923084 0.5889423076923077 0.043269230769230865 1 0.4687500000000001 1
4 0.6971153846153846 0.6899038461538461 0.5480769230769232 0.6899038461538461 0.5480769230769232 0.9399038461538461 0.6971153846153846 0.9399038461538461