8 0.4591346153846155 0.5576923076923077 0.3942307692307692 0.5576923076923077 0.3942307692307693 0.6586538461538461 0.45913461538461553 0.6586538461538461
4 0.28125000000000006 0.5865384615384616 0.2379807692307693 0.5865384615384616 0.2379807692307693 0.6418269230769231 0.28125000000000006 0.6418269230769231
8 0.34134615384615397 0.5721153846153846 0.28846153846153855 0.5721153846153846 0.28846153846153855 0.6875 0.34134615384615397 0.6875
5 0.5937500000000001 0.608173076923077 0.5528846153846155 0.6081730769230769 0.5528846153846155 0.6754807692307693 0.5937500000000001 0.6754807692307693
2 0.5504807692307694 0.5889423076923077 0.5048076923076924 0.5889423076923077 0.5048076923076924 0.7019230769230769 0.5504807692307694 0.7019230769230769
2 0.3125000000000001 0.6298076923076923 0.2596153846153847 0.6298076923076923 0.2596153846153847 0.7139423076923077 0.3125000000000001 0.7139423076923077
8 0.18269230769230776 0.6274038461538461 0.0865384615384616 0.6274038461538461 0.08653846153846162 0.8269230769230769 0.18269230769230776 0.8269230769230769
4 0.9206730769230769 0.6850961538461539 0.8629807692307693 0.6850961538461539 0.8629807692307693 0.7764423076923077 0.9206730769230769 0.7764423076923077
2 0.27644230769230776 0.6899038461538461 0.2067307692307693 0.6899038461538461 0.2067307692307693 0.8293269230769231 0.27644230769230776 0.8293269230769231
2 0.24038461538461547 0.7692307692307693 0.16105769230769237 0.7692307692307693 0.1610576923076924 0.8725961538461539 0.24038461538461553 0.8725961538461539
2 0.8365384615384616 0.7644230769230769 0.7331730769230769 0.7644230769230769 0.7331730769230769 0.9879807692307693 0.8365384615384616 0.9879807692307693
8 0.6899038461538461 0.7644230769230769 0.5552884615384617 0.7644230769230769 0.5552884615384617 1 0.6899038461538461 1