8 0.6153846153846154 0.47596153846153855 0.5480769230769231 0.47596153846153844 0.5480769230769231 0.6009615384615385 0.6153846153846154 0.6009615384615385
2 0.23076923076923084 0.53125 0.16105769230769237 0.53125 0.16105769230769237 0.6009615384615384 0.23076923076923084 0.6009615384615384
8 0.71875 0.5192307692307694 0.6514423076923077 0.5192307692307694 0.6514423076923077 0.6298076923076923 0.71875 0.6298076923076923
2 0.5336538461538463 0.5168269230769231 0.47115384615384615 0.5168269230769231 0.4711538461538462 0.6466346153846154 0.5336538461538463 0.6466346153846154
2 0.326923076923077 0.5528846153846154 0.26201923076923084 0.5528846153846154 0.26201923076923084 0.625 0.32692307692307704 0.625
2 0.4302884615384616 0.5528846153846154 0.3605769230769231 0.5528846153846154 0.36057692307692313 0.6370192307692307 0.4302884615384617 0.6370192307692307
2 0.23076923076923084 0.6177884615384616 0.16105769230769237 0.6177884615384616 0.16105769230769237 0.6923076923076923 0.23076923076923084 0.6923076923076923
4 0.4711538461538463 0.6201923076923077 0.40384615384615397 0.6201923076923077 0.40384615384615397 0.7235576923076923 0.4711538461538463 0.7235576923076923
1 0.7331730769230769 0.6466346153846154 0.6971153846153846 0.6466346153846154 0.6971153846153846 0.7307692307692307 0.7331730769230769 0.7307692307692307
2 0.12500000000000008 0.65625 0.028846153846153924 0.65625 0.02884615384615393 0.7475961538461539 0.1250000000000001 0.7475961538461539
4 0.3389423076923078 0.6610576923076923 0.2596153846153847 0.6610576923076923 0.2596153846153847 0.75 0.3389423076923078 0.75
4 0.2379807692307693 0.6850961538461539 0.17067307692307698 0.6850961538461539 0.17067307692307698 0.75 0.2379807692307693 0.75
4 0.13701923076923087 0.8413461538461539 0.026442307692307796 0.8413461538461539 0.026442307692307803 0.9639423076923077 0.13701923076923087 0.9639423076923077
5 0.2740384615384617 0.8701923076923077 0.16105769230769246 0.8701923076923077 0.16105769230769246 1 0.2740384615384617 1