2 0.21153846153846162 0.5048076923076923 0.16346153846153852 0.5048076923076923 0.16346153846153852 0.6009615384615384 0.21153846153846162 0.6009615384615384
8 0.13221153846153852 0.5096153846153846 0.06490384615384623 0.5096153846153846 0.06490384615384623 0.6153846153846154 0.13221153846153852 0.6153846153846154
2 0.264423076923077 0.5384615384615384 0.21875000000000006 0.5384615384615384 0.21875000000000006 0.6201923076923077 0.264423076923077 0.6201923076923077
2 0.4567307692307693 0.5288461538461539 0.4182692307692308 0.5288461538461539 0.41826923076923084 0.6418269230769231 0.4567307692307694 0.6418269230769231
4 0.5216346153846155 0.5865384615384616 0.4759615384615386 0.5865384615384616 0.4759615384615386 0.65625 0.5216346153846155 0.65625
2 0.22115384615384623 0.6057692307692307 0.1754807692307693 0.6057692307692307 0.1754807692307693 0.6778846153846154 0.22115384615384623 0.6778846153846154
2 0.3052884615384616 0.6105769230769231 0.25721153846153855 0.6105769230769231 0.25721153846153855 0.7043269230769231 0.3052884615384616 0.7043269230769231
2 0.5769230769230771 0.6033653846153847 0.5168269230769232 0.6033653846153846 0.5168269230769232 0.7163461538461539 0.5769230769230771 0.7163461538461539
4 0.4807692307692309 0.6274038461538461 0.4254807692307694 0.6274038461538461 0.4254807692307694 0.7043269230769231 0.4807692307692309 0.7043269230769231
2 0.7427884615384616 0.6153846153846154 0.6875 0.6153846153846154 0.6875 0.7379807692307693 0.7427884615384616 0.7379807692307693
8 0.9543269230769231 0.6778846153846154 0.8269230769230769 0.6778846153846154 0.8269230769230769 0.8870192307692307 0.9543269230769231 0.8870192307692307
8 0.11057692307692318 0.7283653846153846 0.012019230769230858 0.7283653846153846 0.012019230769230872 0.9399038461538461 0.11057692307692318 0.9399038461538461
2 0.3750000000000001 0.7620192307692307 0.3004807692307693 0.7620192307692307 0.30048076923076933 0.9086538461538461 0.3750000000000001 0.9086538461538461