4 0.5552884615384616 0.5072115384615384 0.5096153846153846 0.5072115384615384 0.5096153846153847 0.5865384615384616 0.5552884615384617 0.5865384615384616
2 0.7091346153846154 0.528846153846154 0.6538461538461539 0.528846153846154 0.6538461538461539 0.6370192307692307 0.7091346153846154 0.6370192307692307
4 0.6586538461538461 0.5360576923076924 0.6105769230769231 0.5360576923076924 0.6105769230769231 0.6322115384615384 0.6586538461538461 0.6322115384615384
2 0.3437500000000001 0.5745192307692307 0.2692307692307693 0.5745192307692307 0.2692307692307693 0.6658653846153846 0.3437500000000001 0.6658653846153846
4 0.7716346153846154 0.5865384615384617 0.7235576923076923 0.5865384615384617 0.7235576923076923 0.6658653846153846 0.7716346153846154 0.6658653846153846
4 0.37259615384615397 0.6105769230769231 0.31009615384615397 0.6105769230769231 0.31009615384615397 0.6947115384615384 0.37259615384615397 0.6947115384615384
0 0.25721153846153855 0.5889423076923077 0.06971153846153853 0.5889423076923077 0.06971153846153855 0.8173076923076923 0.25721153846153855 0.8173076923076923
4 0.5721153846153848 0.6370192307692307 0.48557692307692324 0.6370192307692307 0.48557692307692324 0.7740384615384616 0.5721153846153848 0.7740384615384616
4 0.4086538461538463 0.6850961538461539 0.34134615384615397 0.6850961538461539 0.34134615384615397 0.7980769230769231 0.4086538461538463 0.7980769230769231
4 0.2187500000000001 0.7788461538461539 0.12740384615384626 0.7788461538461539 0.12740384615384626 0.8774038461538461 0.21875000000000014 0.8774038461538461
2 0.31730769230769246 0.8028846153846154 0.2163461538461539 0.8028846153846154 0.21634615384615394 0.9543269230769231 0.31730769230769246 0.9543269230769231
4 0.5985576923076924 0.8677884615384616 0.5096153846153848 0.8677884615384616 0.5096153846153848 1 0.5985576923076924 1