8 0.14663461538461545 0.4807692307692308 0.0865384615384616 0.4807692307692308 0.0865384615384616 0.6033653846153846 0.14663461538461545 0.6033653846153846
8 0.71875 0.48317307692307704 0.65625 0.48317307692307704 0.65625 0.6009615384615385 0.71875 0.6009615384615385
2 0.20913461538461545 0.5144230769230769 0.16346153846153852 0.5144230769230769 0.16346153846153852 0.6033653846153846 0.20913461538461545 0.6033653846153846
4 0.46875000000000006 0.5552884615384616 0.4206730769230769 0.5552884615384616 0.420673076923077 0.6105769230769231 0.4687500000000001 0.6105769230769231
2 0.18028846153846162 0.5384615384615384 0.1346153846153847 0.5384615384615384 0.1346153846153847 0.6346153846153846 0.18028846153846162 0.6346153846153846
2 0.6730769230769231 0.5504807692307694 0.6177884615384616 0.5504807692307694 0.6177884615384616 0.6538461538461539 0.6730769230769231 0.6538461538461539
2 0.2379807692307693 0.5841346153846154 0.18990384615384623 0.5841346153846154 0.18990384615384623 0.6610576923076923 0.2379807692307693 0.6610576923076923
2 0.18028846153846162 0.6057692307692307 0.12740384615384623 0.6057692307692307 0.12740384615384623 0.7163461538461539 0.18028846153846162 0.7163461538461539
4 0.09134615384615394 0.625 0.02644230769230777 0.625 0.026442307692307772 0.7043269230769231 0.09134615384615395 0.7043269230769231
2 0.3076923076923078 0.6418269230769231 0.2475961538461539 0.6418269230769231 0.2475961538461539 0.7524038461538461 0.3076923076923078 0.7524038461538461
2 0.6153846153846154 0.7572115384615384 0.5312500000000001 0.7572115384615384 0.5312500000000001 0.875 0.6153846153846154 0.875
2 0.7596153846153846 0.7740384615384616 0.6899038461538461 0.7740384615384616 0.6899038461538461 0.8846153846153846 0.7596153846153846 0.8846153846153846
2 0.9759615384615384 0.8485576923076923 0.8461538461538461 0.8485576923076923 0.8461538461538461 1 0.9759615384615384 1