4 0.2596153846153847 0.6706730769230769 0.20192307692307698 0.6706730769230769 0.20192307692307698 0.7475961538461539 0.2596153846153847 0.7475961538461539
2 0.5336538461538463 0.6778846153846154 0.47836538461538475 0.6778846153846154 0.47836538461538475 0.7620192307692307 0.5336538461538463 0.7620192307692307
5 0.6274038461538461 0.6850961538461539 0.5673076923076924 0.6850961538461539 0.5673076923076924 0.7692307692307693 0.6274038461538461 0.7692307692307693
5 0.45432692307692324 0.7067307692307693 0.3942307692307694 0.7067307692307693 0.3942307692307694 0.8028846153846154 0.45432692307692324 0.8028846153846154
2 0.36538461538461553 0.71875 0.3076923076923078 0.71875 0.3076923076923078 0.8028846153846154 0.36538461538461553 0.8028846153846154
8 0.8365384615384616 0.7259615384615384 0.7740384615384616 0.7259615384615384 0.7740384615384616 0.8197115384615384 0.8365384615384616 0.8197115384615384
9 0.71875 0.7524038461538461 0.6418269230769231 0.7524038461538461 0.6418269230769231 0.8774038461538461 0.71875 0.8774038461538461
5 0.6177884615384616 0.7788461538461539 0.5360576923076924 0.7788461538461539 0.5360576923076924 0.8846153846153846 0.6177884615384616 0.8846153846153846
2 0.29567307692307704 0.7740384615384616 0.22115384615384623 0.7740384615384616 0.22115384615384626 0.9423076923076923 0.29567307692307704 0.9423076923076923
2 0.7884615384615384 0.8317307692307693 0.7115384615384616 0.8317307692307693 0.7115384615384616 0.9206730769230769 0.7884615384615384 0.9206730769230769
4 0.8293269230769231 0.9086538461538461 0.7596153846153846 0.9086538461538461 0.7596153846153846 1 0.8293269230769231 1