2 0.2788461538461539 0.5432692307692307 0.24038461538461545 0.5432692307692307 0.24038461538461545 0.6177884615384616 0.2788461538461539 0.6177884615384616
9 0.49038461538461553 0.5649038461538461 0.44230769230769246 0.5649038461538461 0.44230769230769246 0.6514423076923077 0.49038461538461553 0.6514423076923077
4 0.5985576923076924 0.6225961538461539 0.5504807692307694 0.6225961538461539 0.5504807692307694 0.6947115384615384 0.5985576923076924 0.6947115384615384
4 0.4615384615384617 0.6490384615384616 0.4134615384615386 0.6490384615384616 0.4134615384615386 0.7235576923076923 0.4615384615384617 0.7235576923076923
1 0.036057692307692395 0.6610576923076923 0.009615384615384696 0.6610576923076923 0.009615384615384703 0.7620192307692307 0.0360576923076924 0.7620192307692307
8 0.3125000000000001 0.6418269230769231 0.22355769230769237 0.6418269230769231 0.22355769230769237 0.8125 0.3125000000000001 0.8125
8 0.4326923076923078 0.6514423076923077 0.32211538461538475 0.6514423076923077 0.32211538461538475 0.9254807692307693 0.4326923076923078 0.9254807692307693
2 0.5096153846153848 0.7427884615384616 0.43509615384615397 0.7427884615384616 0.43509615384615397 0.8605769230769231 0.5096153846153848 0.8605769230769231
2 0.2860576923076924 0.8076923076923077 0.1971153846153847 0.8076923076923077 0.19711538461538472 0.9134615384615384 0.28605769230769246 0.9134615384615384
4 0.7740384615384616 0.8076923076923077 0.6971153846153846 0.8076923076923077 0.6971153846153846 0.9134615384615384 0.7740384615384616 0.9134615384615384
9 0.7019230769230769 0.7908653846153846 0.6081730769230771 0.7908653846153846 0.6081730769230771 0.9639423076923077 0.7019230769230769 0.9639423076923077
4 0.5480769230769232 0.8341346153846154 0.4639423076923078 0.8341346153846154 0.4639423076923078 0.9447115384615384 0.5480769230769232 0.9447115384615384