4 0.3317307692307694 0.6490384615384616 0.2908653846153847 0.6490384615384616 0.2908653846153847 0.7091346153846154 0.3317307692307694 0.7091346153846154
5 0.41105769230769246 0.6442307692307693 0.35336538461538475 0.6442307692307693 0.35336538461538475 0.7163461538461539 0.41105769230769246 0.7163461538461539
5 0.24519230769230776 0.6466346153846154 0.19230769230769237 0.6466346153846154 0.19230769230769237 0.7259615384615384 0.24519230769230776 0.7259615384615384
2 0.5312500000000001 0.6730769230769231 0.4759615384615386 0.6730769230769231 0.4759615384615386 0.7644230769230769 0.5312500000000001 0.7644230769230769
5 0.3701923076923078 0.6826923076923077 0.3052884615384616 0.6826923076923077 0.3052884615384616 0.7740384615384616 0.3701923076923078 0.7740384615384616
2 0.6322115384615384 0.6899038461538461 0.5697115384615385 0.6899038461538461 0.5697115384615385 0.7716346153846154 0.6322115384615384 0.7716346153846154
2 0.27644230769230776 0.71875 0.22355769230769237 0.71875 0.22355769230769237 0.7932692307692307 0.27644230769230776 0.7932692307692307
2 0.6730769230769231 0.7235576923076923 0.6081730769230771 0.7235576923076923 0.6081730769230771 0.8365384615384616 0.6730769230769231 0.8365384615384616
2 0.9663461538461539 0.7307692307692307 0.9038461538461539 0.7307692307692307 0.9038461538461539 0.8509615384615384 0.9663461538461539 0.8509615384615384
4 0.2764423076923078 0.7692307692307693 0.20913461538461545 0.7692307692307693 0.20913461538461547 0.8557692307692307 0.2764423076923078 0.8557692307692307
2 0.6129807692307694 0.7932692307692307 0.5408653846153848 0.7932692307692307 0.5408653846153848 0.90625 0.6129807692307694 0.90625
4 0.9495192307692307 0.8197115384615384 0.8966346153846154 0.8197115384615384 0.8966346153846154 0.9086538461538461 0.9495192307692307 0.9086538461538461
5 0.7620192307692307 0.8221153846153846 0.6802884615384616 0.8221153846153846 0.6802884615384616 0.9423076923076923 0.7620192307692307 0.9423076923076923
2 0.4134615384615386 0.8581730769230769 0.32932692307692324 0.8581730769230769 0.32932692307692324 0.96875 0.4134615384615386 0.96875
5 0.5456730769230771 0.8509615384615384 0.46634615384615397 0.8509615384615384 0.46634615384615397 0.9783653846153846 0.5456730769230771 0.9783653846153846