4 0.3629807692307694 0.5985576923076923 0.32692307692307704 0.5985576923076923 0.32692307692307704 0.6466346153846154 0.3629807692307694 0.6466346153846154
8 0.512019230769231 0.5649038461538461 0.4375000000000001 0.5649038461538461 0.4375000000000001 0.6923076923076923 0.512019230769231 0.6923076923076923
2 0.4399038461538463 0.6153846153846154 0.39663461538461553 0.6153846153846154 0.39663461538461553 0.6875 0.4399038461538463 0.6875
2 0.3149038461538463 0.6466346153846154 0.2692307692307693 0.6466346153846154 0.2692307692307693 0.71875 0.3149038461538463 0.71875
2 0.4014423076923078 0.65625 0.3509615384615386 0.65625 0.3509615384615386 0.7524038461538461 0.4014423076923078 0.7524038461538461
2 0.4951923076923078 0.6514423076923077 0.4302884615384617 0.6514423076923077 0.4302884615384617 0.78125 0.4951923076923078 0.78125
2 0.45192307692307704 0.75 0.38942307692307704 0.75 0.38942307692307704 0.8653846153846154 0.45192307692307704 0.8653846153846154
5 0.35817307692307704 0.7475961538461539 0.295673076923077 0.7475961538461539 0.29567307692307704 0.8701923076923077 0.35817307692307704 0.8701923076923077
4 0.5408653846153848 0.7668269230769231 0.47355769230769246 0.7668269230769231 0.47355769230769246 0.8701923076923077 0.5408653846153848 0.8701923076923077
4 0.6274038461538461 0.8581730769230769 0.528846153846154 0.8581730769230769 0.528846153846154 1 0.6274038461538461 1
4 0.5168269230769232 0.8653846153846154 0.4326923076923078 0.8653846153846154 0.4326923076923078 1 0.5168269230769232 1