8 0.36057692307692313 0.47836538461538464 0.28846153846153855 0.47836538461538464 0.28846153846153855 0.6274038461538461 0.36057692307692324 0.6274038461538461
9 0.4783653846153847 0.5384615384615384 0.43028846153846156 0.5384615384615384 0.4302884615384616 0.6201923076923077 0.47836538461538475 0.6201923076923077
5 0.42067307692307704 0.5769230769230769 0.37259615384615397 0.5769230769230769 0.37259615384615397 0.6466346153846154 0.42067307692307704 0.6466346153846154
9 0.264423076923077 0.5673076923076923 0.2067307692307693 0.5673076923076923 0.2067307692307693 0.6658653846153846 0.264423076923077 0.6658653846153846
2 0.5937500000000001 0.5985576923076924 0.543269230769231 0.5985576923076923 0.543269230769231 0.6875 0.5937500000000001 0.6875
2 0.2596153846153847 0.6274038461538461 0.20432692307692316 0.6274038461538461 0.20432692307692316 0.7067307692307693 0.2596153846153847 0.7067307692307693
2 0.5552884615384617 0.6105769230769231 0.4927884615384617 0.6105769230769231 0.4927884615384617 0.7355769230769231 0.5552884615384617 0.7355769230769231
5 0.4134615384615386 0.6490384615384616 0.35336538461538475 0.6490384615384616 0.35336538461538475 0.7331730769230769 0.4134615384615386 0.7331730769230769
4 0.6466346153846154 0.6658653846153846 0.5793269230769232 0.6658653846153846 0.5793269230769232 0.7572115384615384 0.6466346153846154 0.7572115384615384
4 0.605769230769231 0.7331730769230769 0.5336538461538463 0.7331730769230769 0.5336538461538463 0.8245192307692307 0.605769230769231 0.8245192307692307
8 0.3677884615384617 0.6658653846153846 0.2379807692307693 0.6658653846153846 0.23798076923076933 0.9375 0.3677884615384617 0.9375
8 0.47836538461538475 0.7283653846153846 0.37980769230769246 0.7283653846153846 0.37980769230769246 0.90625 0.47836538461538475 0.90625
2 0.7764423076923077 0.78125 0.6971153846153846 0.78125 0.6971153846153846 0.8918269230769231 0.7764423076923077 0.8918269230769231
2 0.7379807692307693 0.7980769230769231 0.6418269230769231 0.7980769230769231 0.6418269230769231 0.9663461538461539 0.7379807692307693 0.9663461538461539
4 0.5865384615384617 0.8653846153846154 0.5000000000000001 0.8653846153846154 0.5000000000000001 0.9663461538461539 0.5865384615384617 0.9663461538461539