8 0.3533653846153847 0.5264423076923077 0.29807692307692313 0.5264423076923077 0.29807692307692313 0.6442307692307693 0.35336538461538475 0.6442307692307693
4 0.5240384615384617 0.5985576923076923 0.47355769230769246 0.5985576923076923 0.47355769230769246 0.6754807692307693 0.5240384615384617 0.6754807692307693
2 0.295673076923077 0.6346153846153846 0.24278846153846162 0.6346153846153846 0.24278846153846162 0.7115384615384616 0.295673076923077 0.7115384615384616
8 0.6658653846153846 0.5985576923076924 0.6009615384615385 0.5985576923076924 0.6009615384615385 0.7451923076923077 0.6658653846153846 0.7451923076923077
4 0.7860576923076923 0.6370192307692307 0.7307692307692307 0.6370192307692307 0.7307692307692307 0.7115384615384616 0.7860576923076923 0.7115384615384616
4 0.23557692307692316 0.6826923076923077 0.18750000000000006 0.6826923076923077 0.18750000000000006 0.7403846153846154 0.23557692307692316 0.7403846153846154
5 0.8485576923076923 0.6778846153846154 0.7908653846153846 0.6778846153846154 0.7908653846153846 0.7572115384615384 0.8485576923076923 0.7572115384615384
4 0.9110576923076923 0.6778846153846154 0.8533653846153846 0.6778846153846154 0.8533653846153846 0.7620192307692307 0.9110576923076923 0.7620192307692307
2 0.6033653846153848 0.6826923076923077 0.5384615384615385 0.6826923076923077 0.5384615384615385 0.7788461538461539 0.6033653846153848 0.7788461538461539
9 0.28125000000000006 0.6947115384615384 0.21394230769230776 0.6947115384615384 0.21394230769230776 0.8028846153846154 0.28125000000000006 0.8028846153846154
2 0.96875 0.6682692307692307 0.8918269230769231 0.6682692307692307 0.8918269230769231 0.8365384615384616 0.96875 0.8365384615384616
8 0.19951923076923087 0.7644230769230769 0.06009615384615393 0.7644230769230769 0.06009615384615395 0.9783653846153846 0.1995192307692309 0.9783653846153846
8 0.7620192307692307 0.8221153846153846 0.6105769230769232 0.8221153846153846 0.6105769230769232 1 0.7620192307692307 1