9 0.875 0.2548076923076924 0.8365384615384616 0.2548076923076924 0.8365384615384616 0.31730769230769246 0.875 0.31730769230769246
4 0.9014423076923077 0.2932692307692309 0.8677884615384616 0.2932692307692309 0.8677884615384616 0.3365384615384617 0.9014423076923077 0.3365384615384617
2 0.6129807692307693 0.28125000000000006 0.5360576923076923 0.28125000000000006 0.5360576923076923 0.3629807692307693 0.6129807692307693 0.3629807692307694
4 0.8052884615384616 0.32692307692307704 0.7403846153846154 0.32692307692307704 0.7403846153846154 0.4062500000000001 0.8052884615384616 0.4062500000000001
2 0.8774038461538461 0.3317307692307694 0.8245192307692307 0.3317307692307694 0.8245192307692307 0.4014423076923078 0.8774038461538461 0.4014423076923078
5 0.9591346153846154 0.32932692307692324 0.9086538461538461 0.32932692307692324 0.9086538461538461 0.41105769230769246 0.9591346153846154 0.41105769230769246
2 0.5841346153846154 0.3413461538461539 0.4879807692307692 0.34134615384615385 0.4879807692307692 0.45432692307692313 0.5841346153846154 0.45432692307692324
4 0.2716346153846155 0.4254807692307692 0.13701923076923084 0.4254807692307692 0.13701923076923084 0.5817307692307693 0.2716346153846155 0.5817307692307693
2 0.6370192307692307 0.41826923076923084 0.47115384615384615 0.4182692307692308 0.4711538461538462 0.6225961538461539 0.6370192307692307 0.6225961538461539
1 0.38461538461538475 0.5961538461538461 0.2908653846153847 0.5961538461538461 0.2908653846153847 0.7548076923076923 0.38461538461538475 0.7548076923076923
2 0.84375 0.5456730769230771 0.6778846153846154 0.5456730769230771 0.6778846153846154 0.84375 0.84375 0.84375