2 0.4495192307692309 0.5673076923076923 0.4014423076923078 0.5673076923076923 0.4014423076923078 0.6274038461538461 0.4495192307692309 0.6274038461538461
2 0.3389423076923078 0.59375 0.28125000000000006 0.59375 0.28125000000000006 0.6706730769230769 0.3389423076923078 0.6706730769230769
9 0.5480769230769232 0.59375 0.4951923076923078 0.59375 0.4951923076923078 0.6850961538461539 0.5480769230769232 0.6850961538461539
5 0.49038461538461553 0.6298076923076923 0.4375000000000001 0.6298076923076923 0.4375000000000001 0.6995192307692307 0.49038461538461553 0.6995192307692307
2 0.264423076923077 0.6201923076923077 0.20192307692307698 0.6201923076923077 0.20192307692307698 0.7355769230769231 0.264423076923077 0.7355769230769231
2 0.5384615384615385 0.6466346153846154 0.47836538461538475 0.6466346153846154 0.47836538461538475 0.7644230769230769 0.5384615384615385 0.7644230769230769
4 0.5961538461538463 0.6802884615384616 0.543269230769231 0.6802884615384616 0.543269230769231 0.7403846153846154 0.5961538461538463 0.7403846153846154
4 0.6442307692307693 0.7235576923076923 0.5793269230769232 0.7235576923076923 0.5793269230769232 0.8004807692307693 0.6442307692307693 0.8004807692307693
2 0.7163461538461539 0.78125 0.6418269230769231 0.78125 0.6418269230769231 0.8822115384615384 0.7163461538461539 0.8822115384615384
4 0.9831730769230769 0.8004807692307693 0.9182692307692307 0.8004807692307693 0.9182692307692307 0.8870192307692307 0.9831730769230769 0.8870192307692307
4 0.29567307692307704 0.8293269230769231 0.22355769230769237 0.8293269230769231 0.2235576923076924 0.9134615384615384 0.29567307692307704 0.9134615384615384
2 0.7524038461538461 0.8317307692307693 0.6754807692307693 0.8317307692307693 0.6754807692307693 0.9471153846153846 0.7524038461538461 0.9471153846153846
4 0.3389423076923078 0.8870192307692307 0.2572115384615386 0.8870192307692307 0.2572115384615386 0.9807692307692307 0.3389423076923078 0.9807692307692307