2 0.3052884615384616 0.5793269230769231 0.264423076923077 0.5793269230769231 0.264423076923077 0.6418269230769231 0.3052884615384616 0.6418269230769231
4 0.4254807692307694 0.6009615384615384 0.38461538461538475 0.6009615384615384 0.38461538461538475 0.6682692307692307 0.4254807692307694 0.6682692307692307
2 0.3750000000000001 0.6057692307692307 0.32932692307692324 0.6057692307692307 0.32932692307692324 0.6730769230769231 0.3750000000000001 0.6730769230769231
2 0.4951923076923078 0.5985576923076923 0.4447115384615386 0.5985576923076923 0.4447115384615386 0.6850961538461539 0.4951923076923078 0.6850961538461539
2 0.32211538461538475 0.625 0.2692307692307693 0.625 0.2692307692307693 0.6923076923076923 0.32211538461538475 0.6923076923076923
2 0.3942307692307694 0.6418269230769231 0.3437500000000001 0.6418269230769231 0.3437500000000001 0.7235576923076923 0.3942307692307694 0.7235576923076923
2 0.4759615384615386 0.6586538461538461 0.42067307692307704 0.6586538461538461 0.42067307692307704 0.7524038461538461 0.4759615384615386 0.7524038461538461
2 0.5985576923076924 0.6610576923076923 0.5384615384615385 0.6610576923076923 0.5384615384615385 0.75 0.5985576923076924 0.75
2 0.34855769230769246 0.7163461538461539 0.2908653846153847 0.7163461538461539 0.2908653846153847 0.8125 0.34855769230769246 0.8125
2 0.6778846153846154 0.7355769230769231 0.6033653846153848 0.7355769230769231 0.6033653846153848 0.8365384615384616 0.6778846153846154 0.8365384615384616
2 0.4495192307692309 0.7403846153846154 0.3822115384615386 0.7403846153846154 0.3822115384615386 0.8629807692307693 0.4495192307692309 0.8629807692307693
2 0.6129807692307694 0.7620192307692307 0.5336538461538463 0.7620192307692307 0.5336538461538463 0.8725961538461539 0.6129807692307694 0.8725961538461539
4 0.5360576923076924 0.7644230769230769 0.47355769230769246 0.7644230769230769 0.47355769230769246 0.8798076923076923 0.5360576923076924 0.8798076923076923
2 0.5000000000000001 0.8293269230769231 0.42067307692307704 0.8293269230769231 0.42067307692307704 0.9903846153846154 0.5000000000000001 0.9903846153846154