8 0.7043269230769231 0.4495192307692309 0.65625 0.4495192307692309 0.65625 0.5793269230769232 0.7043269230769231 0.5793269230769232
2 0.6322115384615384 0.5168269230769232 0.5961538461538461 0.5168269230769232 0.5961538461538463 0.591346153846154 0.6322115384615384 0.591346153846154
2 0.21153846153846162 0.5192307692307693 0.16105769230769237 0.5192307692307693 0.16105769230769237 0.6081730769230769 0.21153846153846162 0.6081730769230769
8 0.10576923076923084 0.5120192307692307 0.03846153846153853 0.5120192307692307 0.03846153846153854 0.65625 0.10576923076923084 0.65625
2 0.16346153846153852 0.5673076923076923 0.11538461538461545 0.5673076923076923 0.11538461538461545 0.6586538461538461 0.16346153846153852 0.6586538461538461
2 0.14423076923076933 0.5889423076923077 0.0865384615384616 0.5889423076923077 0.08653846153846162 0.71875 0.14423076923076933 0.71875
2 0.4927884615384617 0.6177884615384616 0.42788461538461553 0.6177884615384616 0.42788461538461553 0.7163461538461539 0.4927884615384617 0.7163461538461539
2 0.6322115384615384 0.6586538461538461 0.5721153846153848 0.6586538461538461 0.5721153846153848 0.7475961538461539 0.6322115384615384 0.7475961538461539
2 0.21394230769230776 0.6706730769230769 0.16105769230769237 0.6706730769230769 0.16105769230769237 0.7451923076923077 0.21394230769230776 0.7451923076923077
4 0.75 0.6658653846153846 0.6971153846153846 0.6658653846153846 0.6971153846153846 0.7548076923076923 0.75 0.7548076923076923
4 0.038461538461538554 0.7091346153846154 8.684394368953586e-17 0.7091346153846154 9.214289618584652e-17 0.7956730769230769 0.03846153846153856 0.7956730769230769
2 0.2067307692307693 0.7163461538461539 0.13701923076923087 0.7163461538461539 0.13701923076923087 0.8269230769230769 0.2067307692307693 0.8269230769230769
2 0.7067307692307693 0.6923076923076923 0.6201923076923077 0.6923076923076923 0.6201923076923077 0.8533653846153846 0.7067307692307693 0.8533653846153846
2 0.35336538461538475 0.7620192307692307 0.27644230769230776 0.7620192307692307 0.2764423076923078 0.9014423076923077 0.35336538461538475 0.9014423076923077
4 0.6442307692307693 0.8125 0.5721153846153848 0.8125 0.5721153846153848 0.9302884615384616 0.6442307692307693 0.9302884615384616
2 0.7860576923076923 0.8076923076923077 0.6899038461538461 0.8076923076923077 0.6899038461538461 0.9399038461538461 0.7860576923076923 0.9399038461538461