8 0.420673076923077 0.5384615384615384 0.34615384615384615 0.5384615384615384 0.3461538461538462 0.6850961538461539 0.42067307692307704 0.6850961538461539
2 0.25000000000000006 0.6105769230769231 0.19951923076923084 0.6105769230769231 0.19951923076923084 0.6802884615384616 0.25000000000000006 0.6802884615384616
5 0.5360576923076924 0.6610576923076923 0.4711538461538463 0.6610576923076923 0.4711538461538463 0.7572115384615384 0.5360576923076924 0.7572115384615384
4 0.4375000000000001 0.6826923076923077 0.3774038461538463 0.6826923076923077 0.3774038461538463 0.7620192307692307 0.4375000000000001 0.7620192307692307
5 0.6418269230769231 0.6971153846153846 0.5865384615384617 0.6971153846153846 0.5865384615384617 0.78125 0.6418269230769231 0.78125
2 0.6033653846153848 0.7043269230769231 0.5408653846153848 0.7043269230769231 0.5408653846153848 0.8461538461538461 0.6033653846153848 0.8461538461538461
2 0.49038461538461553 0.7475961538461539 0.42067307692307704 0.7475961538461539 0.42067307692307704 0.8846153846153846 0.49038461538461553 0.8846153846153846
9 0.7331730769230769 0.7740384615384616 0.65625 0.7740384615384616 0.65625 0.8822115384615384 0.7331730769230769 0.8822115384615384
8 0.34134615384615397 0.7572115384615384 0.2163461538461539 0.7572115384615384 0.21634615384615394 0.9735576923076923 0.34134615384615397 0.9735576923076923
4 0.6418269230769231 0.8413461538461539 0.5721153846153848 0.8413461538461539 0.5721153846153848 0.9423076923076923 0.6418269230769231 0.9423076923076923
2 0.9879807692307693 0.8461538461538461 0.9110576923076923 0.8461538461538461 0.9110576923076923 0.96875 0.9879807692307693 0.96875
2 0.7355769230769231 0.8629807692307693 0.6538461538461539 0.8629807692307693 0.6538461538461539 1 0.7355769230769231 1
4 0.7884615384615384 0.8774038461538461 0.7283653846153846 0.8774038461538461 0.7283653846153846 0.9855769230769231 0.7884615384615384 0.9855769230769231
2 0.5697115384615385 0.8894230769230769 0.47836538461538475 0.8894230769230769 0.47836538461538475 1 0.5697115384615385 1