8 0.39903846153846156 0.41586538461538464 0.31971153846153844 0.41586538461538464 0.31971153846153844 0.5264423076923077 0.39903846153846156 0.5264423076923077
8 0.295673076923077 0.4519230769230769 0.14903846153846162 0.4519230769230769 0.14903846153846162 0.5913461538461539 0.295673076923077 0.5913461538461539
5 0.8461538461538461 0.49038461538461553 0.8004807692307693 0.49038461538461553 0.8004807692307693 0.5841346153846155 0.8461538461538461 0.5841346153846155
2 0.75 0.4927884615384617 0.7043269230769231 0.4927884615384617 0.7043269230769231 0.5793269230769232 0.75 0.5793269230769232
2 0.7980769230769231 0.4927884615384617 0.75 0.4927884615384617 0.75 0.5817307692307694 0.7980769230769231 0.5817307692307694
8 0.6346153846153846 0.44471153846153855 0.5480769230769231 0.44471153846153844 0.5480769230769231 0.6322115384615384 0.6346153846153846 0.6322115384615384
0 0.5480769230769231 0.46153846153846156 0.3918269230769231 0.46153846153846156 0.39182692307692313 0.7259615384615384 0.5480769230769232 0.7259615384615384
4 0.108173076923077 0.5673076923076923 0.02644230769230776 0.5673076923076923 0.026442307692307765 0.6490384615384616 0.108173076923077 0.6490384615384616
4 0.6586538461538461 0.5697115384615385 0.6033653846153848 0.5697115384615385 0.6033653846153848 0.6682692307692307 0.6586538461538461 0.6682692307692307
4 0.8245192307692307 0.6009615384615385 0.7716346153846154 0.6009615384615385 0.7716346153846154 0.6995192307692307 0.8245192307692307 0.6995192307692307
4 0.7572115384615384 0.605769230769231 0.6923076923076923 0.605769230769231 0.6923076923076923 0.7115384615384616 0.7572115384615384 0.7115384615384616
2 0.38942307692307704 0.6057692307692307 0.31009615384615397 0.6057692307692307 0.31009615384615397 0.7259615384615384 0.38942307692307704 0.7259615384615384
4 0.3149038461538463 0.7115384615384616 0.20913461538461545 0.7115384615384616 0.20913461538461545 0.8365384615384616 0.3149038461538463 0.8365384615384616
2 0.8004807692307693 0.7019230769230769 0.7115384615384616 0.7019230769230769 0.7115384615384616 0.8677884615384616 0.8004807692307693 0.8677884615384616
4 0.7091346153846154 0.7067307692307693 0.6322115384615384 0.7067307692307693 0.6322115384615384 0.8653846153846154 0.7091346153846154 0.8653846153846154
4 0.3942307692307694 0.7379807692307693 0.29326923076923084 0.7379807692307693 0.2932692307692309 0.8774038461538461 0.3942307692307694 0.8774038461538461
8 0.5961538461538463 0.6177884615384616 0.4014423076923078 0.6177884615384616 0.4014423076923078 1 0.5961538461538463 1