4 0.2740384615384616 0.5432692307692307 0.22596153846153852 0.5432692307692307 0.22596153846153852 0.6057692307692307 0.2740384615384616 0.6057692307692307
2 0.4783653846153847 0.5456730769230769 0.42788461538461536 0.5456730769230769 0.4278846153846155 0.625 0.47836538461538475 0.625
8 0.1177884615384616 0.5240384615384616 0.04326923076923084 0.5240384615384616 0.043269230769230844 0.6610576923076923 0.1177884615384616 0.6610576923076923
4 0.3197115384615386 0.6057692307692307 0.2548076923076924 0.6057692307692307 0.2548076923076924 0.7067307692307693 0.3197115384615386 0.7067307692307693
8 0.7572115384615384 0.5673076923076924 0.6538461538461539 0.5673076923076924 0.6538461538461539 0.7836538461538461 0.7572115384615384 0.7836538461538461
2 0.12740384615384623 0.6947115384615384 0.06009615384615393 0.6947115384615384 0.06009615384615394 0.7788461538461539 0.12740384615384626 0.7788461538461539
8 1 0.6346153846153846 0.8341346153846154 0.6346153846153846 0.8341346153846154 0.9134615384615384 1 0.9134615384615384
4 0.5793269230769232 0.7331730769230769 0.5096153846153848 0.7331730769230769 0.5096153846153848 0.8293269230769231 0.5793269230769232 0.8293269230769231
9 0.6947115384615384 0.7283653846153846 0.6225961538461539 0.7283653846153846 0.6225961538461539 0.8485576923076923 0.6947115384615384 0.8485576923076923
4 0.35817307692307704 0.78125 0.2860576923076924 0.78125 0.2860576923076924 0.8774038461538461 0.35817307692307704 0.8774038461538461
8 0.17067307692307704 0.7427884615384616 0.08653846153846165 0.7427884615384616 0.08653846153846165 0.9254807692307693 0.17067307692307707 0.9254807692307693