2 0.5408653846153846 0.3870192307692308 0.4639423076923077 0.3870192307692308 0.4639423076923077 0.4855769230769231 0.5408653846153846 0.4855769230769231
4 0.46875 0.40865384615384615 0.40865384615384615 0.40865384615384615 0.40865384615384615 0.4879807692307692 0.46875 0.4879807692307692
4 0.6514423076923077 0.44230769230769246 0.5649038461538461 0.44230769230769246 0.5649038461538461 0.5312500000000001 0.6514423076923077 0.5312500000000001
4 0.6730769230769231 0.5264423076923078 0.5697115384615384 0.5264423076923078 0.5697115384615385 0.625 0.6730769230769231 0.625
4 0.8076923076923077 0.5480769230769232 0.6875 0.5480769230769232 0.6875 0.6682692307692307 0.8076923076923077 0.6682692307692307
2 1 0.7860576923076923 0.8052884615384616 0.7860576923076923 0.8052884615384616 1 1 1
2 0.40384615384615385 0.2908653846153847 0.35336538461538464 0.2908653846153847 0.35336538461538464 0.3918269230769231 0.40384615384615385 0.3918269230769231
4 0.49759615384615385 0.3173076923076923 0.4543269230769231 0.3173076923076923 0.4543269230769231 0.37740384615384615 0.49759615384615385 0.37740384615384615
2 0.4831730769230769 0.3485576923076923 0.4254807692307692 0.3485576923076923 0.4254807692307692 0.40865384615384615 0.4831730769230769 0.40865384615384615
4 0.6971153846153846 0.3557692307692309 0.6466346153846154 0.3557692307692309 0.6466346153846154 0.43509615384615397 0.6971153846153846 0.43509615384615397
9 0.6586538461538461 0.3629807692307694 0.5865384615384616 0.3629807692307694 0.5865384615384616 0.4447115384615386 0.6586538461538461 0.4447115384615386