4 0.6442307692307693 0.2596153846153847 0.6177884615384616 0.2596153846153847 0.6177884615384616 0.29807692307692313 0.6442307692307693 0.29807692307692313
9 0.6802884615384616 0.26201923076923084 0.6466346153846154 0.26201923076923084 0.6466346153846154 0.3125000000000001 0.6802884615384616 0.3125000000000001
4 0.7379807692307693 0.2716346153846155 0.7091346153846154 0.2716346153846155 0.7091346153846154 0.3052884615384616 0.7379807692307693 0.3052884615384616
4 0.8870192307692307 0.26442307692307704 0.8509615384615384 0.26442307692307704 0.8509615384615384 0.31730769230769246 0.8870192307692307 0.31730769230769246
2 0.8341346153846154 0.2788461538461539 0.8076923076923077 0.2788461538461539 0.8076923076923077 0.34134615384615397 0.8341346153846154 0.34134615384615397
9 0.5600961538461539 0.2860576923076924 0.5120192307692307 0.2860576923076924 0.5120192307692307 0.3413461538461539 0.5600961538461539 0.34134615384615397
4 0.8653846153846154 0.31730769230769246 0.8341346153846154 0.31730769230769246 0.8341346153846154 0.3677884615384617 0.8653846153846154 0.3677884615384617
4 0.6274038461538461 0.3197115384615386 0.5865384615384616 0.3197115384615386 0.5865384615384616 0.3677884615384617 0.6274038461538461 0.3677884615384617
5 0.7019230769230769 0.3389423076923078 0.6658653846153846 0.3389423076923078 0.6658653846153846 0.39663461538461553 0.7019230769230769 0.39663461538461553
9 0.7283653846153846 0.36538461538461553 0.6850961538461539 0.36538461538461553 0.6850961538461539 0.4567307692307694 0.7283653846153846 0.4567307692307694
1 0.875 0.4302884615384617 0.8581730769230769 0.4302884615384617 0.8581730769230769 0.49759615384615397 0.875 0.49759615384615397
5 0.5937500000000001 0.4567307692307693 0.53125 0.4567307692307692 0.5312500000000001 0.5745192307692308 0.5937500000000001 0.574519230769231
4 0.8461538461538461 0.46634615384615397 0.8004807692307693 0.46634615384615397 0.8004807692307693 0.5841346153846155 0.8461538461538461 0.5841346153846155
4 0.08653846153846162 0.6057692307692307 7.418533494834929e-17 0.6057692307692307 8.183937744302025e-17 0.7307692307692307 0.08653846153846165 0.7307692307692307
4 0.32211538461538475 0.7836538461538461 0.18028846153846162 0.7836538461538461 0.18028846153846165 0.9471153846153846 0.32211538461538475 0.9471153846153846