8 0.35336538461538464 0.2716346153846154 0.2668269230769231 0.27163461538461536 0.26682692307692313 0.4110576923076923 0.35336538461538464 0.4110576923076923
5 0.5096153846153846 0.3125 0.45913461538461536 0.3125 0.45913461538461536 0.38221153846153844 0.5096153846153846 0.38221153846153844
2 0.4423076923076923 0.3269230769230769 0.3894230769230769 0.3269230769230769 0.3894230769230769 0.4014423076923077 0.4423076923076923 0.4014423076923077
4 0.9014423076923077 0.3750000000000001 0.8341346153846154 0.3750000000000001 0.8341346153846154 0.48557692307692324 0.9014423076923077 0.48557692307692324
9 0.8293269230769231 0.3629807692307694 0.7355769230769231 0.3629807692307694 0.7355769230769231 0.543269230769231 0.8293269230769231 0.543269230769231
8 0.19951923076923084 0.3269230769230769 0.03125000000000004 0.3269230769230769 0.03125000000000006 0.6129807692307693 0.19951923076923084 0.6129807692307693
2 0.7211538461538461 0.42067307692307704 0.6442307692307693 0.42067307692307704 0.6442307692307693 0.5769230769230771 0.7211538461538461 0.5769230769230771
2 0.3990384615384616 0.4543269230769231 0.31971153846153844 0.4543269230769231 0.31971153846153855 0.5600961538461539 0.3990384615384617 0.5600961538461539
2 0.5168269230769231 0.46875 0.4375 0.46875 0.43750000000000006 0.5600961538461539 0.5168269230769232 0.5600961538461539
5 0.8365384615384616 0.6875 0.7139423076923077 0.6875 0.7139423076923077 0.9158653846153846 0.8365384615384616 0.9158653846153846
5 0.3197115384615386 0.8293269230769231 0.18750000000000006 0.8293269230769231 0.1875000000000001 0.9879807692307693 0.3197115384615386 0.9879807692307693