8 0.17307692307692316 0.33413461538461536 0.11778846153846158 0.33413461538461536 0.11778846153846159 0.43028846153846156 0.17307692307692316 0.43028846153846156
2 0.2163461538461539 0.41346153846153844 0.18028846153846162 0.41346153846153844 0.18028846153846162 0.46634615384615385 0.2163461538461539 0.46634615384615385
2 0.53125 0.44711538461538464 0.4951923076923077 0.44711538461538464 0.4951923076923077 0.5240384615384616 0.53125 0.5240384615384616
8 0.6370192307692307 0.44230769230769246 0.5985576923076923 0.44230769230769246 0.5985576923076923 0.543269230769231 0.6370192307692307 0.543269230769231
2 0.5841346153846154 0.4711538461538462 0.5432692307692307 0.47115384615384615 0.5432692307692307 0.5264423076923077 0.5841346153846154 0.5264423076923078
2 0.23076923076923084 0.45913461538461536 0.1850961538461539 0.45913461538461536 0.1850961538461539 0.5408653846153846 0.23076923076923084 0.5408653846153846
2 0.17307692307692316 0.4831730769230769 0.12980769230769237 0.4831730769230769 0.12980769230769237 0.5432692307692307 0.17307692307692316 0.5432692307692307
2 0.06250000000000006 0.4639423076923077 0.012019230769230825 0.4639423076923077 0.01201923076923083 0.5649038461538461 0.06250000000000007 0.5649038461538461
4 0.10336538461538468 0.5264423076923077 0.0504807692307693 0.5264423076923077 0.0504807692307693 0.5865384615384616 0.10336538461538468 0.5865384615384616
2 0.5793269230769232 0.576923076923077 0.528846153846154 0.5769230769230769 0.528846153846154 0.6610576923076923 0.5793269230769232 0.6610576923076923
9 0.0865384615384616 0.5721153846153846 0.0024038461538462242 0.5721153846153846 0.002403846153846231 0.6899038461538461 0.0865384615384616 0.6899038461538461
2 0.6995192307692307 0.5961538461538463 0.6490384615384616 0.5961538461538463 0.6490384615384616 0.6706730769230769 0.6995192307692307 0.6706730769230769
4 0.6394230769230769 0.6201923076923077 0.5889423076923078 0.6201923076923077 0.5889423076923078 0.6899038461538461 0.6394230769230769 0.6899038461538461
4 0.5552884615384617 0.6201923076923077 0.5096153846153848 0.6201923076923077 0.5096153846153848 0.6971153846153846 0.5552884615384617 0.6971153846153846
4 0.5721153846153848 0.6706730769230769 0.5144230769230771 0.6706730769230769 0.5144230769230771 0.75 0.5721153846153848 0.75
8 1 0.6899038461538461 0.8413461538461539 0.6899038461538461 0.8413461538461539 1 1 1
2 0.8028846153846154 0.7836538461538461 0.7331730769230769 0.7836538461538461 0.7331730769230769 0.9110576923076923 0.8028846153846154 0.9110576923076923