2 0.47355769230769246 0.5625 0.42307692307692324 0.5625 0.42307692307692324 0.6754807692307693 0.47355769230769246 0.6754807692307693
2 0.4134615384615386 0.6153846153846154 0.36057692307692324 0.6153846153846154 0.36057692307692324 0.7139423076923077 0.4134615384615386 0.7139423076923077
2 0.7908653846153846 0.6394230769230769 0.7307692307692307 0.6394230769230769 0.7307692307692307 0.7211538461538461 0.7908653846153846 0.7211538461538461
4 0.5000000000000001 0.65625 0.45432692307692324 0.65625 0.45432692307692324 0.7211538461538461 0.5000000000000001 0.7211538461538461
2 0.5408653846153848 0.6418269230769231 0.48557692307692324 0.6418269230769231 0.48557692307692324 0.7668269230769231 0.5408653846153848 0.7668269230769231
8 0.2836538461538462 0.6177884615384616 0.19951923076923084 0.6177884615384616 0.19951923076923084 0.8365384615384616 0.2836538461538462 0.8365384615384616
2 0.37980769230769246 0.7067307692307693 0.31730769230769246 0.7067307692307693 0.31730769230769246 0.7836538461538461 0.37980769230769246 0.7836538461538461
4 0.6682692307692307 0.7259615384615384 0.605769230769231 0.7259615384615384 0.605769230769231 0.8221153846153846 0.6682692307692307 0.8221153846153846
2 0.5793269230769232 0.7283653846153846 0.512019230769231 0.7283653846153846 0.512019230769231 0.8365384615384616 0.5793269230769232 0.8365384615384616
4 0.3990384615384617 0.8052884615384616 0.3317307692307694 0.8052884615384616 0.3317307692307694 0.8894230769230769 0.3990384615384617 0.8894230769230769
4 0.7211538461538461 0.7980769230769231 0.6514423076923077 0.7980769230769231 0.6514423076923077 0.9014423076923077 0.7211538461538461 0.9014423076923077
4 0.5000000000000001 0.8221153846153846 0.43509615384615397 0.8221153846153846 0.43509615384615397 0.9134615384615384 0.5000000000000001 0.9134615384615384
4 0.42307692307692324 0.8653846153846154 0.35336538461538475 0.8653846153846154 0.35336538461538475 0.9663461538461539 0.42307692307692324 0.9663461538461539
4 0.560096153846154 0.8894230769230769 0.47836538461538475 0.8894230769230769 0.47836538461538475 0.9807692307692307 0.560096153846154 0.9807692307692307