9 0.3653846153846155 0.49278846153846156 0.31971153846153844 0.49278846153846156 0.31971153846153855 0.5793269230769231 0.36538461538461553 0.5793269230769231
2 0.3966346153846155 0.5240384615384616 0.3485576923076923 0.5240384615384616 0.3485576923076924 0.6009615384615384 0.39663461538461553 0.6009615384615384
4 0.7403846153846154 0.5408653846153848 0.6875 0.5408653846153848 0.6875 0.6081730769230771 0.7403846153846154 0.6081730769230771
4 0.6706730769230769 0.5576923076923078 0.6153846153846154 0.5576923076923078 0.6153846153846154 0.6514423076923077 0.6706730769230769 0.6514423076923077
2 0.6466346153846154 0.605769230769231 0.5793269230769232 0.605769230769231 0.5793269230769232 0.7379807692307693 0.6466346153846154 0.7379807692307693
4 0.9014423076923077 0.65625 0.8245192307692307 0.65625 0.8245192307692307 0.7548076923076923 0.9014423076923077 0.7548076923076923
4 0.23076923076923084 0.6610576923076923 0.15144230769230776 0.6610576923076923 0.15144230769230776 0.7668269230769231 0.23076923076923084 0.7668269230769231
2 0.8605769230769231 0.71875 0.7740384615384616 0.71875 0.7740384615384616 0.8581730769230769 0.8605769230769231 0.8581730769230769
2 0.6634615384615384 0.7788461538461539 0.5697115384615385 0.7788461538461539 0.5697115384615385 0.9423076923076923 0.6634615384615384 0.9423076923076923
2 0.5144230769230771 0.8509615384615384 0.38942307692307704 0.8509615384615384 0.38942307692307704 1 0.5144230769230771 1
2 0.19230769230769246 0.8822115384615384 0.07211538461538472 0.8822115384615384 0.07211538461538472 1 0.19230769230769246 1