8 0.4879807692307693 0.5048076923076923 0.4014423076923077 0.5048076923076923 0.40144230769230776 0.65625 0.4879807692307694 0.65625
2 0.20192307692307698 0.5552884615384616 0.16105769230769237 0.5552884615384616 0.16105769230769237 0.6153846153846154 0.20192307692307698 0.6153846153846154
5 0.3004807692307693 0.5721153846153846 0.264423076923077 0.5721153846153846 0.264423076923077 0.6346153846153846 0.3004807692307693 0.6346153846153846
2 0.3750000000000001 0.6009615384615384 0.33413461538461553 0.6009615384615384 0.33413461538461553 0.6778846153846154 0.3750000000000001 0.6778846153846154
4 0.4326923076923078 0.6201923076923077 0.3870192307692309 0.6201923076923077 0.3870192307692309 0.6730769230769231 0.4326923076923078 0.6730769230769231
2 0.3149038461538463 0.6298076923076923 0.26682692307692313 0.6298076923076923 0.26682692307692313 0.6995192307692307 0.3149038461538463 0.6995192307692307
2 0.3942307692307694 0.6490384615384616 0.3461538461538463 0.6490384615384616 0.3461538461538463 0.7307692307692307 0.3942307692307694 0.7307692307692307
4 0.4639423076923078 0.6538461538461539 0.4134615384615386 0.6538461538461539 0.4134615384615386 0.7451923076923077 0.4639423076923078 0.7451923076923077
2 0.3389423076923078 0.6947115384615384 0.2836538461538462 0.6947115384615384 0.2836538461538462 0.8028846153846154 0.3389423076923078 0.8028846153846154
2 0.4567307692307694 0.7451923076923077 0.37980769230769246 0.7451923076923077 0.37980769230769246 0.8846153846153846 0.4567307692307694 0.8846153846153846
2 0.5721153846153848 0.7524038461538461 0.47836538461538475 0.7524038461538461 0.47836538461538475 0.8966346153846154 0.5721153846153848 0.8966346153846154
2 0.7572115384615384 0.7740384615384616 0.6466346153846154 0.7740384615384616 0.6466346153846154 0.9110576923076923 0.7572115384615384 0.9110576923076923
2 0.528846153846154 0.8365384615384616 0.42788461538461553 0.8365384615384616 0.42788461538461553 1 0.528846153846154 1
2 0.7572115384615384 0.84375 0.6346153846153846 0.84375 0.6346153846153846 1 0.7572115384615384 1
2 0.38942307692307704 0.8605769230769231 0.31009615384615397 0.8605769230769231 0.31009615384615397 1 0.38942307692307704 1