4 0.23317307692307698 0.6274038461538461 0.1754807692307693 0.6274038461538461 0.1754807692307693 0.6802884615384616 0.23317307692307698 0.6802884615384616
2 0.4134615384615386 0.6081730769230769 0.3750000000000001 0.6081730769230769 0.3750000000000001 0.7235576923076923 0.4134615384615386 0.7235576923076923
8 0.7259615384615384 0.6009615384615385 0.6634615384615384 0.6009615384615385 0.6634615384615384 0.7331730769230769 0.7259615384615384 0.7331730769230769
4 0.3677884615384617 0.6466346153846154 0.31009615384615397 0.6466346153846154 0.31009615384615397 0.7091346153846154 0.3677884615384617 0.7091346153846154
2 0.10096153846153855 0.6442307692307693 0.04326923076923085 0.6442307692307693 0.04326923076923085 0.7355769230769231 0.10096153846153856 0.7355769230769231
8 0.8990384615384616 0.6225961538461539 0.8269230769230769 0.6225961538461539 0.8269230769230769 0.7836538461538461 0.8990384615384616 0.7836538461538461
4 0.8028846153846154 0.6947115384615384 0.75 0.6947115384615384 0.75 0.7572115384615384 0.8028846153846154 0.7572115384615384
4 0.6009615384615385 0.7163461538461539 0.5528846153846155 0.7163461538461539 0.5528846153846155 0.7764423076923077 0.6009615384615385 0.7764423076923077
8 0.25000000000000006 0.7067307692307693 0.1971153846153847 0.7067307692307693 0.1971153846153847 0.8100961538461539 0.25000000000000006 0.8100961538461539
4 0.7043269230769231 0.7283653846153846 0.6538461538461539 0.7283653846153846 0.6538461538461539 0.7908653846153846 0.7043269230769231 0.7908653846153846
4 0.38942307692307704 0.7307692307692307 0.3389423076923078 0.7307692307692307 0.3389423076923078 0.7932692307692307 0.38942307692307704 0.7932692307692307
2 0.5408653846153848 0.7403846153846154 0.4759615384615386 0.7403846153846154 0.4759615384615386 0.8629807692307693 0.5408653846153848 0.8629807692307693
2 0.8052884615384616 0.7764423076923077 0.7548076923076923 0.7764423076923077 0.7548076923076923 0.8509615384615384 0.8052884615384616 0.8509615384615384
2 0.6802884615384616 0.8004807692307693 0.6177884615384616 0.8004807692307693 0.6177884615384616 0.8942307692307693 0.6802884615384616 0.8942307692307693
5 0.14663461538461547 0.8052884615384616 0.06971153846153856 0.8052884615384616 0.06971153846153857 0.9110576923076923 0.14663461538461547 0.9110576923076923
2 0.3677884615384617 0.8125 0.3028846153846155 0.8125 0.3028846153846155 0.9086538461538461 0.3677884615384617 0.9086538461538461