8 0.15144230769230774 0.3605769230769231 0.08413461538461542 0.3605769230769231 0.08413461538461543 0.4639423076923077 0.15144230769230776 0.4639423076923077
2 0.1754807692307693 0.4014423076923077 0.13942307692307696 0.4014423076923077 0.13942307692307698 0.47836538461538464 0.1754807692307693 0.47836538461538464
2 0.6658653846153846 0.42788461538461553 0.625 0.42788461538461553 0.625 0.5096153846153848 0.6658653846153846 0.5096153846153848
9 0.25000000000000006 0.44471153846153844 0.21394230769230776 0.44471153846153844 0.21394230769230776 0.5072115384615384 0.25000000000000006 0.5072115384615384
2 0.16105769230769237 0.46634615384615385 0.11538461538461545 0.46634615384615385 0.11538461538461545 0.5456730769230769 0.16105769230769237 0.5456730769230769
4 0.5913461538461539 0.4879807692307693 0.5504807692307693 0.4879807692307692 0.5504807692307693 0.5480769230769231 0.5913461538461539 0.5480769230769232
8 0.7331730769230769 0.45192307692307704 0.6658653846153846 0.45192307692307704 0.6658653846153846 0.6081730769230771 0.7331730769230769 0.6081730769230771
4 0.6346153846153846 0.5168269230769232 0.5985576923076923 0.5168269230769232 0.5985576923076924 0.5673076923076924 0.6346153846153846 0.5673076923076924
4 0.1850961538461539 0.5120192307692307 0.13942307692307698 0.5120192307692307 0.13942307692307698 0.5745192307692307 0.1850961538461539 0.5745192307692307
4 0.5408653846153847 0.5288461538461539 0.5048076923076923 0.5288461538461539 0.5048076923076924 0.5841346153846154 0.5408653846153848 0.5841346153846154
2 0.108173076923077 0.5456730769230769 0.052884615384615453 0.5456730769230769 0.052884615384615453 0.6081730769230769 0.108173076923077 0.6081730769230769
2 0.5456730769230771 0.5697115384615384 0.5048076923076924 0.5697115384615384 0.5048076923076924 0.6370192307692307 0.5456730769230771 0.6370192307692307
4 0.10096153846153853 0.6033653846153846 0.03365384615384623 0.6033653846153846 0.033653846153846236 0.6802884615384616 0.10096153846153853 0.6802884615384616
8 0.7283653846153846 0.6009615384615385 0.6706730769230769 0.6009615384615385 0.6706730769230769 0.7355769230769231 0.7283653846153846 0.7355769230769231
2 0.574519230769231 0.6298076923076923 0.5216346153846155 0.6298076923076923 0.5216346153846155 0.7644230769230769 0.574519230769231 0.7644230769230769
2 0.6514423076923077 0.6538461538461539 0.5937500000000001 0.6538461538461539 0.5937500000000001 0.75 0.6514423076923077 0.75