8 0.4086538461538462 0.47596153846153844 0.3317307692307692 0.47596153846153844 0.3317307692307693 0.625 0.4086538461538463 0.625
4 0.4615384615384617 0.5697115384615384 0.4134615384615386 0.5697115384615384 0.4134615384615386 0.6490384615384616 0.4615384615384617 0.6490384615384616
2 0.3028846153846155 0.5721153846153846 0.2524038461538462 0.5721153846153846 0.2524038461538462 0.6586538461538461 0.3028846153846155 0.6586538461538461
4 0.5865384615384617 0.6057692307692308 0.5240384615384617 0.6057692307692307 0.5240384615384617 0.6754807692307693 0.5865384615384617 0.6754807692307693
9 0.5264423076923078 0.5865384615384616 0.46634615384615397 0.5865384615384616 0.46634615384615397 0.6971153846153846 0.5264423076923078 0.6971153846153846
1 0.05288461538461547 0.6322115384615384 0.02163461538461546 0.6322115384615384 0.021634615384615467 0.7307692307692307 0.05288461538461547 0.7307692307692307
4 0.6778846153846154 0.6850961538461539 0.5985576923076924 0.6850961538461539 0.5985576923076924 0.7668269230769231 0.6778846153846154 0.7668269230769231
5 0.8461538461538461 0.6778846153846154 0.78125 0.6778846153846154 0.78125 0.7764423076923077 0.8461538461538461 0.7764423076923077
4 0.5216346153846155 0.7139423076923077 0.4567307692307694 0.7139423076923077 0.4567307692307694 0.8100961538461539 0.5216346153846155 0.8100961538461539
4 0.9663461538461539 0.7163461538461539 0.9038461538461539 0.7163461538461539 0.9038461538461539 0.8149038461538461 0.9663461538461539 0.8149038461538461
8 0.34855769230769246 0.6899038461538461 0.24278846153846162 0.6899038461538461 0.24278846153846165 0.90625 0.34855769230769246 0.90625
8 0.47355769230769246 0.7163461538461539 0.35336538461538475 0.7163461538461539 0.35336538461538475 0.9543269230769231 0.47355769230769246 0.9543269230769231
2 1 0.7956730769230769 0.9278846153846154 0.7956730769230769 0.9278846153846154 0.9182692307692307 1 0.9182692307692307