8 0.2740384615384616 0.4855769230769231 0.1971153846153847 0.4855769230769231 0.1971153846153847 0.6586538461538461 0.2740384615384616 0.6586538461538461
4 0.49759615384615397 0.5961538461538461 0.45192307692307704 0.5961538461538461 0.45192307692307704 0.6610576923076923 0.49759615384615397 0.6610576923076923
5 0.2716346153846155 0.6033653846153846 0.21875000000000006 0.6033653846153846 0.21875000000000006 0.6947115384615384 0.2716346153846155 0.6947115384615384
2 0.3822115384615386 0.6009615384615384 0.3197115384615386 0.6009615384615384 0.3197115384615386 0.7259615384615384 0.3822115384615386 0.7259615384615384
2 0.2908653846153847 0.6346153846153846 0.2379807692307693 0.6346153846153846 0.2379807692307693 0.7331730769230769 0.2908653846153847 0.7331730769230769
2 0.6947115384615384 0.6995192307692307 0.6298076923076923 0.6995192307692307 0.6298076923076923 0.7908653846153846 0.6947115384615384 0.7908653846153846
2 0.8918269230769231 0.7211538461538461 0.8341346153846154 0.7211538461538461 0.8341346153846154 0.8100961538461539 0.8918269230769231 0.8100961538461539
8 0.6394230769230769 0.6947115384615384 0.5625000000000001 0.6947115384615384 0.5625000000000001 0.8365384615384616 0.6394230769230769 0.8365384615384616
4 1 0.75 0.9375 0.75 0.9375 0.84375 1 0.84375
8 0.5192307692307694 0.6923076923076923 0.41105769230769246 0.6923076923076923 0.41105769230769246 0.9350961538461539 0.5192307692307694 0.9350961538461539
4 0.4134615384615386 0.8100961538461539 0.3437500000000001 0.8100961538461539 0.3437500000000001 0.9038461538461539 0.4134615384615386 0.9038461538461539
4 0.8173076923076923 0.8269230769230769 0.7307692307692307 0.8269230769230769 0.7307692307692307 0.9350961538461539 0.8173076923076923 0.9350961538461539
2 0.6923076923076923 0.8413461538461539 0.605769230769231 0.8413461538461539 0.605769230769231 0.9543269230769231 0.6923076923076923 0.9543269230769231