8 0.36057692307692313 0.5408653846153846 0.2908653846153847 0.5408653846153846 0.2908653846153847 0.6802884615384616 0.36057692307692324 0.6802884615384616
8 0.2908653846153847 0.5384615384615384 0.20432692307692316 0.5384615384615384 0.20432692307692316 0.7427884615384616 0.2908653846153847 0.7427884615384616
4 0.41105769230769246 0.6298076923076923 0.36057692307692324 0.6298076923076923 0.36057692307692324 0.6923076923076923 0.41105769230769246 0.6923076923076923
2 0.5552884615384617 0.6033653846153846 0.49759615384615397 0.6033653846153846 0.49759615384615397 0.7379807692307693 0.5552884615384617 0.7379807692307693
2 0.8653846153846154 0.6129807692307694 0.8076923076923077 0.6129807692307694 0.8076923076923077 0.7403846153846154 0.8653846153846154 0.7403846153846154
4 0.4495192307692309 0.6730769230769231 0.3750000000000001 0.6730769230769231 0.3750000000000001 0.7596153846153846 0.4495192307692309 0.7596153846153846
2 0.6899038461538461 0.6899038461538461 0.625 0.6899038461538461 0.625 0.7836538461538461 0.6899038461538461 0.7836538461538461
4 0.5985576923076924 0.6899038461538461 0.5240384615384617 0.6899038461538461 0.5240384615384617 0.7908653846153846 0.5985576923076924 0.7908653846153846
5 0.29326923076923084 0.7067307692307693 0.23317307692307698 0.7067307692307693 0.23317307692307698 0.8028846153846154 0.29326923076923084 0.8028846153846154
8 0.9495192307692307 0.7091346153846154 0.9014423076923077 0.7091346153846154 0.9014423076923077 0.8197115384615384 0.9495192307692307 0.8197115384615384
2 0.34134615384615397 0.7403846153846154 0.2692307692307693 0.7403846153846154 0.26923076923076933 0.8677884615384616 0.34134615384615397 0.8677884615384616
2 0.42788461538461553 0.7307692307692307 0.3629807692307694 0.7307692307692307 0.3629807692307694 0.8990384615384616 0.42788461538461553 0.8990384615384616