8 0.9134615384615384 0.3245192307692309 0.84375 0.3245192307692309 0.84375 0.4326923076923078 0.9134615384615384 0.4326923076923078
2 0.35336538461538464 0.4182692307692308 0.31490384615384615 0.4182692307692308 0.31490384615384615 0.4735576923076923 0.35336538461538464 0.4735576923076923
2 0.7596153846153846 0.43509615384615397 0.6971153846153846 0.43509615384615397 0.6971153846153846 0.528846153846154 0.7596153846153846 0.528846153846154
4 0.20192307692307698 0.5456730769230769 0.1538461538461539 0.5456730769230769 0.1538461538461539 0.6177884615384616 0.20192307692307698 0.6177884615384616
2 0.264423076923077 0.5432692307692307 0.20192307692307698 0.5432692307692307 0.20192307692307698 0.625 0.264423076923077 0.625
5 0.29326923076923084 0.6274038461538461 0.22115384615384623 0.6274038461538461 0.22115384615384623 0.7307692307692307 0.29326923076923084 0.7307692307692307
4 0.9495192307692307 0.6754807692307693 0.8485576923076923 0.6754807692307693 0.8485576923076923 0.8100961538461539 0.9495192307692307 0.8100961538461539
2 0.8798076923076923 0.7115384615384616 0.78125 0.7115384615384616 0.78125 0.8629807692307693 0.8798076923076923 0.8629807692307693
4 0.07932692307692318 0.7307692307692307 8.94934199376912e-17 0.7307692307692307 9.817781430664478e-17 0.8725961538461539 0.07932692307692318 0.8725961538461539
4 0.6730769230769231 0.7740384615384616 0.5889423076923078 0.7740384615384616 0.5889423076923078 0.9302884615384616 0.6730769230769231 0.9302884615384616
9 0.2187500000000001 0.7764423076923077 0.11778846153846165 0.7764423076923077 0.11778846153846165 0.9495192307692307 0.21875000000000014 0.9495192307692307