8 0.3581730769230769 0.4735576923076923 0.3269230769230769 0.4735576923076923 0.3269230769230769 0.5384615384615384 0.3581730769230769 0.5384615384615384
2 0.4350961538461539 0.5192307692307693 0.39903846153846156 0.5192307692307693 0.3990384615384616 0.5889423076923077 0.43509615384615397 0.5889423076923077
5 0.7139423076923077 0.5336538461538463 0.6658653846153846 0.5336538461538463 0.6658653846153846 0.5961538461538463 0.7139423076923077 0.5961538461538463
8 0.28125000000000006 0.5240384615384616 0.2283653846153847 0.5240384615384616 0.2283653846153847 0.6081730769230769 0.28125000000000006 0.6081730769230769
2 0.3774038461538462 0.5456730769230769 0.34375 0.5456730769230769 0.34375000000000006 0.6081730769230769 0.3774038461538463 0.6081730769230769
2 0.8052884615384616 0.6105769230769232 0.7379807692307693 0.6105769230769232 0.7379807692307693 0.6971153846153846 0.8052884615384616 0.6971153846153846
2 0.3028846153846155 0.625 0.25000000000000006 0.625 0.25000000000000006 0.6875 0.3028846153846155 0.6875
4 0.3437500000000001 0.6754807692307693 0.29807692307692313 0.6754807692307693 0.29807692307692313 0.7403846153846154 0.3437500000000001 0.7403846153846154
2 0.42067307692307704 0.6658653846153846 0.37259615384615397 0.6658653846153846 0.37259615384615397 0.7620192307692307 0.42067307692307704 0.7620192307692307
2 0.9615384615384616 0.6923076923076923 0.8774038461538461 0.6923076923076923 0.8774038461538461 0.7932692307692307 0.9615384615384616 0.7932692307692307
2 1 0.7692307692307693 0.8822115384615384 0.7692307692307693 0.8822115384615384 0.9230769230769231 1 0.9230769230769231