2 0.3437500000000001 0.5625 0.28846153846153855 0.5625 0.28846153846153855 0.6394230769230769 0.3437500000000001 0.6394230769230769
2 0.6995192307692307 0.5649038461538463 0.6466346153846154 0.5649038461538463 0.6466346153846154 0.6538461538461539 0.6995192307692307 0.6538461538461539
4 0.4399038461538463 0.6105769230769231 0.3822115384615386 0.6105769230769231 0.3822115384615386 0.6899038461538461 0.4399038461538463 0.6899038461538461
9 0.3774038461538463 0.6105769230769231 0.32211538461538475 0.6105769230769231 0.32211538461538475 0.6971153846153846 0.3774038461538463 0.6971153846153846
4 0.8149038461538461 0.625 0.7644230769230769 0.625 0.7644230769230769 0.6923076923076923 0.8149038461538461 0.6923076923076923
4 0.19471153846153852 0.6370192307692307 0.11538461538461545 0.6370192307692307 0.11538461538461547 0.7283653846153846 0.19471153846153852 0.7283653846153846
4 0.6778846153846154 0.6442307692307693 0.6177884615384616 0.6442307692307693 0.6177884615384616 0.7283653846153846 0.6778846153846154 0.7283653846153846
5 0.6033653846153848 0.6538461538461539 0.5360576923076924 0.6538461538461539 0.5360576923076924 0.7524038461538461 0.6033653846153848 0.7524038461538461
4 0.7956730769230769 0.6923076923076923 0.7331730769230769 0.6923076923076923 0.7331730769230769 0.7788461538461539 0.7956730769230769 0.7788461538461539
9 0.4639423076923078 0.7163461538461539 0.37980769230769246 0.7163461538461539 0.37980769230769246 0.8629807692307693 0.4639423076923078 0.8629807692307693
4 0.6033653846153848 0.75 0.5336538461538463 0.75 0.5336538461538463 0.8485576923076923 0.6033653846153848 0.8485576923076923
1 0.8100961538461539 0.7980769230769231 0.7740384615384616 0.7980769230769231 0.7740384615384616 0.8990384615384616 0.8100961538461539 0.8990384615384616
2 0.2307692307692309 0.8389423076923077 0.13461538461538472 0.8389423076923077 0.13461538461538475 0.9783653846153846 0.2307692307692309 0.9783653846153846