2 0.5168269230769231 0.5360576923076923 0.4735576923076923 0.5360576923076923 0.4735576923076924 0.6009615384615384 0.5168269230769232 0.6009615384615384
2 0.3533653846153847 0.5288461538461539 0.29807692307692313 0.5288461538461539 0.29807692307692313 0.6418269230769231 0.35336538461538475 0.6418269230769231
8 0.2716346153846155 0.59375 0.2163461538461539 0.59375 0.2163461538461539 0.7259615384615384 0.2716346153846155 0.7259615384615384
4 0.6129807692307694 0.6490384615384616 0.5576923076923078 0.6490384615384616 0.5576923076923078 0.7115384615384616 0.6129807692307694 0.7115384615384616
2 0.3774038461538463 0.6346153846153846 0.32211538461538475 0.6346153846153846 0.32211538461538475 0.7451923076923077 0.3774038461538463 0.7451923076923077
5 0.8173076923076923 0.6682692307692307 0.7644230769230769 0.6682692307692307 0.7644230769230769 0.7668269230769231 0.8173076923076923 0.7668269230769231
8 0.5072115384615385 0.6105769230769231 0.4134615384615386 0.6105769230769231 0.4134615384615386 0.8557692307692307 0.5072115384615385 0.8557692307692307
2 0.6466346153846154 0.71875 0.5793269230769232 0.71875 0.5793269230769232 0.8149038461538461 0.6466346153846154 0.8149038461538461
2 0.6610576923076923 0.7740384615384616 0.5889423076923078 0.7740384615384616 0.5889423076923078 0.8798076923076923 0.6610576923076923 0.8798076923076923
4 0.9975961538461539 0.8173076923076923 0.9326923076923077 0.8173076923076923 0.9326923076923077 0.9182692307692307 0.9975961538461539 0.9182692307692307
2 0.6899038461538461 0.8365384615384616 0.6105769230769232 0.8365384615384616 0.6105769230769232 0.9375 0.6899038461538461 0.9375