9 0.7163461538461539 0.2379807692307693 0.6875 0.2379807692307693 0.6875 0.28125000000000006 0.7163461538461539 0.28125000000000006
9 0.59375 0.2692307692307693 0.5408653846153846 0.2692307692307693 0.5408653846153846 0.3221153846153847 0.59375 0.32211538461538475
4 0.6754807692307693 0.2788461538461539 0.6442307692307693 0.2788461538461539 0.6442307692307693 0.3197115384615386 0.6754807692307693 0.3197115384615386
4 0.7740384615384616 0.2788461538461539 0.7379807692307693 0.2788461538461539 0.7379807692307693 0.32211538461538475 0.7740384615384616 0.32211538461538475
4 0.9230769230769231 0.2764423076923078 0.8870192307692307 0.2764423076923078 0.8870192307692307 0.32692307692307704 0.9230769230769231 0.32692307692307704
2 0.8629807692307693 0.3028846153846155 0.8221153846153846 0.3028846153846155 0.8221153846153846 0.3629807692307694 0.8629807692307693 0.3629807692307694
4 0.4951923076923077 0.3293269230769231 0.43509615384615385 0.3293269230769231 0.43509615384615385 0.375 0.4951923076923077 0.375
2 0.7932692307692307 0.33413461538461553 0.7403846153846154 0.33413461538461553 0.7403846153846154 0.4326923076923078 0.7932692307692307 0.4326923076923078
4 0.8413461538461539 0.3557692307692309 0.7956730769230769 0.3557692307692309 0.7956730769230769 0.43509615384615397 0.8413461538461539 0.43509615384615397
4 0.3028846153846155 0.46153846153846156 0.23557692307692316 0.46153846153846156 0.23557692307692316 0.5384615384615384 0.3028846153846155 0.5384615384615384
5 0.5793269230769231 0.4591346153846155 0.5096153846153846 0.45913461538461536 0.5096153846153847 0.5649038461538463 0.5793269230769232 0.5649038461538463
9 0.6274038461538461 0.5096153846153847 0.5480769230769231 0.5096153846153846 0.5480769230769231 0.6346153846153846 0.6274038461538461 0.6346153846153846
1 0.12019230769230776 0.5673076923076923 0.07932692307692314 0.5673076923076923 0.07932692307692314 0.6177884615384616 0.12019230769230776 0.6177884615384616
4 0.3317307692307694 0.5817307692307693 0.2283653846153847 0.5817307692307693 0.2283653846153847 0.6682692307692307 0.3317307692307694 0.6682692307692307
1 0.8317307692307693 0.591346153846154 0.8004807692307693 0.591346153846154 0.8004807692307693 0.6730769230769231 0.8317307692307693 0.6730769230769231
4 0.10096153846153855 0.6081730769230769 7.447972119814432e-17 0.6081730769230769 8.080902556873762e-17 0.7115384615384616 0.10096153846153856 0.7115384615384616
4 0.7860576923076923 0.6394230769230769 0.6971153846153846 0.6394230769230769 0.6971153846153846 0.8293269230769231 0.7860576923076923 0.8293269230769231
4 0.26682692307692313 0.6899038461538461 0.16346153846153852 0.6899038461538461 0.16346153846153852 0.7836538461538461 0.26682692307692313 0.7836538461538461
5 0.2908653846153847 0.8004807692307693 0.1250000000000001 0.8004807692307693 0.1250000000000001 1 0.29086538461538475 1