2 0.19230769230769237 0.5408653846153846 0.1346153846153847 0.5408653846153846 0.1346153846153847 0.6370192307692307 0.19230769230769237 0.6370192307692307
8 0.0865384615384616 0.5264423076923077 0.00961538461538468 0.5264423076923077 0.00961538461538469 0.6850961538461539 0.0865384615384616 0.6850961538461539
2 0.46634615384615397 0.5697115384615384 0.41586538461538475 0.5697115384615384 0.41586538461538475 0.6538461538461539 0.46634615384615397 0.6538461538461539
2 0.14423076923076933 0.5889423076923077 0.09375000000000007 0.5889423076923077 0.09375000000000008 0.7019230769230769 0.14423076923076933 0.7019230769230769
4 0.6971153846153846 0.6153846153846154 0.6466346153846154 0.6153846153846154 0.6466346153846154 0.6995192307692307 0.6971153846153846 0.6995192307692307
2 0.12740384615384623 0.6057692307692307 0.06730769230769237 0.6057692307692307 0.06730769230769239 0.7524038461538461 0.12740384615384626 0.7524038461538461
2 0.6322115384615384 0.6442307692307693 0.5625000000000001 0.6442307692307693 0.5625000000000001 0.7740384615384616 0.6322115384615384 0.7740384615384616
4 0.5504807692307694 0.7163461538461539 0.4807692307692309 0.7163461538461539 0.4807692307692309 0.8173076923076923 0.5504807692307694 0.8173076923076923
2 0.21875000000000006 0.7235576923076923 0.1538461538461539 0.7235576923076923 0.1538461538461539 0.8197115384615384 0.21875000000000006 0.8197115384615384
2 0.6778846153846154 0.7307692307692307 0.6033653846153848 0.7307692307692307 0.6033653846153848 0.8581730769230769 0.6778846153846154 0.8581730769230769
9 0.9471153846153846 0.7908653846153846 0.8605769230769231 0.7908653846153846 0.8605769230769231 0.9206730769230769 0.9471153846153846 0.9206730769230769
2 0.24278846153846165 0.7908653846153846 0.15865384615384623 0.7908653846153846 0.15865384615384626 0.9375 0.24278846153846168 0.9375
2 0.7788461538461539 0.8293269230769231 0.6610576923076923 0.8293269230769231 0.6610576923076923 0.9831730769230769 0.7788461538461539 0.9831730769230769
2 0.4182692307692309 0.8629807692307693 0.32692307692307704 0.8629807692307693 0.32692307692307704 1 0.4182692307692309 1