8 0.1850961538461539 0.47115384615384615 0.12259615384615391 0.47115384615384615 0.12259615384615391 0.5600961538461539 0.1850961538461539 0.5600961538461539
2 0.5264423076923077 0.5288461538461539 0.47836538461538464 0.5288461538461539 0.4783653846153847 0.6009615384615384 0.5264423076923078 0.6009615384615384
2 0.23076923076923084 0.5456730769230769 0.18750000000000006 0.5456730769230769 0.18750000000000006 0.6009615384615384 0.23076923076923084 0.6009615384615384
8 0.18028846153846162 0.5216346153846154 0.1177884615384616 0.5216346153846154 0.1177884615384616 0.6370192307692307 0.18028846153846162 0.6370192307692307
2 0.2163461538461539 0.5817307692307693 0.17067307692307698 0.5817307692307693 0.17067307692307698 0.6538461538461539 0.2163461538461539 0.6538461538461539
2 0.31009615384615397 0.6081730769230769 0.25721153846153855 0.6081730769230769 0.25721153846153855 0.7115384615384616 0.31009615384615397 0.7115384615384616
4 0.21875000000000006 0.6346153846153846 0.18028846153846162 0.6346153846153846 0.18028846153846162 0.7019230769230769 0.21875000000000006 0.7019230769230769
2 0.31009615384615397 0.7019230769230769 0.2524038461538462 0.7019230769230769 0.2524038461538462 0.7788461538461539 0.31009615384615397 0.7788461538461539
8 1 0.6274038461538461 0.8581730769230769 0.6274038461538461 0.8581730769230769 0.9038461538461539 1 0.9038461538461539
2 0.3197115384615386 0.7451923076923077 0.26682692307692313 0.7451923076923077 0.2668269230769232 0.8389423076923077 0.3197115384615386 0.8389423076923077
5 0.7211538461538461 0.7451923076923077 0.6370192307692307 0.7451923076923077 0.6370192307692307 0.8725961538461539 0.7211538461538461 0.8725961538461539
4 0.25721153846153855 0.8028846153846154 0.18990384615384623 0.8028846153846154 0.18990384615384626 0.9134615384615384 0.2572115384615386 0.9134615384615384
4 0.39663461538461553 0.8798076923076923 0.31730769230769246 0.8798076923076923 0.31730769230769246 0.9855769230769231 0.39663461538461553 0.9855769230769231