8 0.6274038461538461 0.36538461538461553 0.5625 0.36538461538461553 0.5625 0.5000000000000001 0.6274038461538461 0.5000000000000001
2 0.18028846153846162 0.4206730769230769 0.12980769230769237 0.4206730769230769 0.12980769230769237 0.5240384615384616 0.18028846153846162 0.5240384615384616
2 0.7163461538461539 0.4639423076923078 0.6610576923076923 0.4639423076923078 0.6610576923076923 0.5625000000000001 0.7163461538461539 0.5625000000000001
2 0.7620192307692307 0.49759615384615397 0.7163461538461539 0.49759615384615397 0.7163461538461539 0.5769230769230771 0.7620192307692307 0.5769230769230771
4 0.12259615384615391 0.53125 0.06490384615384623 0.53125 0.06490384615384623 0.6081730769230769 0.12259615384615391 0.6081730769230769
9 0.18990384615384623 0.5961538461538461 0.12259615384615391 0.5961538461538461 0.12259615384615394 0.7211538461538461 0.18990384615384623 0.7211538461538461
2 0.2692307692307693 0.6153846153846154 0.19951923076923084 0.6153846153846154 0.19951923076923084 0.7283653846153846 0.2692307692307693 0.7283653846153846
4 0.71875 0.65625 0.6538461538461539 0.65625 0.6538461538461539 0.7475961538461539 0.71875 0.7475961538461539
4 0.625 0.6682692307692307 0.5625000000000001 0.6682692307692307 0.5625000000000001 0.7572115384615384 0.625 0.7572115384615384
2 0.5649038461538463 0.7475961538461539 0.48557692307692324 0.7475961538461539 0.48557692307692324 0.9519230769230769 0.5649038461538463 0.9519230769230769
4 0.8365384615384616 0.8365384615384616 0.7427884615384616 0.8365384615384616 0.7427884615384616 0.9879807692307693 0.8365384615384616 0.9879807692307693