2 0.47596153846153844 0.34375 0.39903846153846156 0.34375 0.39903846153846156 0.4375 0.47596153846153844 0.4375
4 0.6442307692307693 0.4014423076923078 0.5793269230769231 0.4014423076923078 0.5793269230769231 0.4759615384615386 0.6442307692307693 0.4759615384615386
2 0.20913461538461545 0.4230769230769231 0.11057692307692314 0.4230769230769231 0.11057692307692314 0.5480769230769231 0.20913461538461545 0.5480769230769231
8 0.8533653846153846 0.4062500000000001 0.7403846153846154 0.4062500000000001 0.7403846153846154 0.5769230769230771 0.8533653846153846 0.5769230769230771
2 0.7355769230769231 0.42307692307692324 0.6586538461538461 0.42307692307692324 0.6586538461538461 0.5649038461538463 0.7355769230769231 0.5649038461538463
2 0.26201923076923084 0.47836538461538464 0.1442307692307693 0.47836538461538464 0.1442307692307693 0.5697115384615384 0.26201923076923084 0.5697115384615384
2 0.591346153846154 0.49519230769230776 0.5 0.4951923076923077 0.5000000000000001 0.6129807692307693 0.591346153846154 0.6129807692307694
5 0.26682692307692313 0.5552884615384616 0.14182692307692316 0.5552884615384616 0.14182692307692316 0.6730769230769231 0.26682692307692313 0.6730769230769231
8 0.5336538461538463 0.5360576923076923 0.4182692307692308 0.5360576923076923 0.41826923076923084 0.7379807692307693 0.5336538461538463 0.7379807692307693
4 0.4182692307692309 0.59375 0.295673076923077 0.59375 0.295673076923077 0.7524038461538461 0.4182692307692309 0.7524038461538461
2 0.5769230769230771 0.7115384615384616 0.44230769230769246 0.7115384615384616 0.44230769230769246 0.90625 0.5769230769230771 0.90625
4 0.6826923076923077 0.7451923076923077 0.560096153846154 0.7451923076923077 0.560096153846154 0.9663461538461539 0.6826923076923077 0.9663461538461539
5 0.3197115384615386 0.7740384615384616 0.1250000000000001 0.7740384615384616 0.1250000000000001 1 0.3197115384615386 1