8 0.3942307692307693 0.5264423076923077 0.33653846153846156 0.5264423076923077 0.3365384615384616 0.6730769230769231 0.3942307692307694 0.6730769230769231
2 0.29326923076923084 0.6081730769230769 0.24278846153846162 0.6081730769230769 0.24278846153846162 0.6923076923076923 0.29326923076923084 0.6923076923076923
4 0.24278846153846162 0.6346153846153846 0.18990384615384623 0.6346153846153846 0.18990384615384623 0.7115384615384616 0.24278846153846162 0.7115384615384616
4 0.5817307692307694 0.6538461538461539 0.5264423076923078 0.6538461538461539 0.5264423076923078 0.7235576923076923 0.5817307692307694 0.7235576923076923
4 0.24278846153846162 0.6682692307692307 0.18990384615384623 0.6682692307692307 0.18990384615384623 0.7331730769230769 0.24278846153846162 0.7331730769230769
4 0.3389423076923078 0.6658653846153846 0.29326923076923084 0.6658653846153846 0.29326923076923084 0.7355769230769231 0.3389423076923078 0.7355769230769231
4 0.5096153846153848 0.6658653846153846 0.4567307692307694 0.6658653846153846 0.4567307692307694 0.7403846153846154 0.5096153846153848 0.7403846153846154
2 0.38461538461538475 0.6826923076923077 0.3245192307692309 0.6826923076923077 0.3245192307692309 0.7740384615384616 0.38461538461538475 0.7740384615384616
4 0.3990384615384617 0.7379807692307693 0.33413461538461553 0.7379807692307693 0.33413461538461553 0.8245192307692307 0.3990384615384617 0.8245192307692307
4 0.5769230769230771 0.7548076923076923 0.5168269230769232 0.7548076923076923 0.5168269230769232 0.8365384615384616 0.5769230769230771 0.8365384615384616
8 0.6826923076923077 0.8028846153846154 0.5312500000000001 0.8028846153846154 0.5312500000000001 1 0.6826923076923077 1