2 0.5072115384615384 0.3245192307692308 0.46634615384615385 0.3245192307692308 0.46634615384615385 0.38221153846153844 0.5072115384615384 0.38221153846153844
9 0.7283653846153846 0.3317307692307694 0.6826923076923077 0.3317307692307694 0.6826923076923077 0.42067307692307704 0.7283653846153846 0.42067307692307704
8 0.3028846153846155 0.34375 0.23076923076923084 0.34375 0.23076923076923084 0.45913461538461536 0.3028846153846155 0.45913461538461536
2 0.6706730769230769 0.36538461538461553 0.625 0.36538461538461553 0.625 0.4711538461538463 0.6706730769230769 0.4711538461538463
5 0.3918269230769231 0.3942307692307692 0.33653846153846156 0.3942307692307692 0.33653846153846156 0.4639423076923077 0.3918269230769231 0.4639423076923077
2 0.5889423076923077 0.3846153846153847 0.5336538461538461 0.38461538461538464 0.5336538461538461 0.48557692307692313 0.5889423076923077 0.48557692307692324
4 0.71875 0.45432692307692324 0.6754807692307693 0.45432692307692324 0.6754807692307693 0.5264423076923078 0.71875 0.5264423076923078
5 0.18028846153846162 0.46634615384615385 0.1129807692307693 0.46634615384615385 0.1129807692307693 0.5625 0.18028846153846162 0.5625
2 0.2716346153846155 0.5336538461538461 0.19471153846153852 0.5336538461538461 0.19471153846153852 0.6298076923076923 0.2716346153846155 0.6298076923076923
2 0.6658653846153846 0.543269230769231 0.6105769230769231 0.543269230769231 0.6105769230769231 0.6394230769230769 0.6658653846153846 0.6394230769230769
2 0.4879807692307694 0.6346153846153846 0.4086538461538463 0.6346153846153846 0.4086538461538463 0.7620192307692307 0.4879807692307694 0.7620192307692307