4 0.8894230769230769 0.24519230769230782 0.8581730769230769 0.24519230769230782 0.8581730769230769 0.2836538461538463 0.8894230769230769 0.2836538461538463
2 0.8197115384615384 0.2596153846153847 0.7908653846153846 0.2596153846153847 0.7908653846153846 0.3028846153846155 0.8197115384615384 0.3028846153846155
9 0.7884615384615384 0.25000000000000006 0.7572115384615384 0.25000000000000006 0.7572115384615384 0.3125000000000001 0.7884615384615384 0.3125000000000001
2 0.8317307692307693 0.2836538461538462 0.8028846153846154 0.2836538461538462 0.8028846153846154 0.3389423076923078 0.8317307692307693 0.3389423076923078
2 0.7043269230769231 0.28846153846153855 0.6682692307692307 0.28846153846153855 0.6682692307692307 0.33413461538461553 0.7043269230769231 0.33413461538461553
9 0.6586538461538461 0.29807692307692313 0.6177884615384616 0.29807692307692313 0.6177884615384616 0.3389423076923078 0.6586538461538461 0.3389423076923078
2 0.8725961538461539 0.2980769230769232 0.8365384615384616 0.29807692307692313 0.8365384615384616 0.34855769230769246 0.8725961538461539 0.34855769230769246
4 0.7427884615384616 0.36057692307692324 0.6995192307692307 0.36057692307692324 0.6995192307692307 0.4302884615384617 0.7427884615384616 0.4302884615384617
4 0.8846153846153846 0.37259615384615397 0.8365384615384616 0.37259615384615397 0.8365384615384616 0.4687500000000001 0.8846153846153846 0.4687500000000001
2 0.6418269230769231 0.4086538461538463 0.5793269230769231 0.4086538461538463 0.5793269230769231 0.49759615384615397 0.6418269230769231 0.49759615384615397
4 0.3533653846153847 0.5096153846153846 0.2692307692307693 0.5096153846153846 0.2692307692307693 0.6033653846153846 0.35336538461538475 0.6033653846153846
4 0.6201923076923077 0.5096153846153847 0.5408653846153846 0.5096153846153846 0.5408653846153847 0.6153846153846154 0.6201923076923077 0.6153846153846154
4 0.7451923076923077 0.5480769230769232 0.6706730769230769 0.5480769230769232 0.6706730769230769 0.65625 0.7451923076923077 0.65625
9 0.35817307692307704 0.84375 0.17548076923076936 0.84375 0.17548076923076936 1 0.35817307692307704 1