4 0.5649038461538461 0.48557692307692313 0.5288461538461539 0.4855769230769231 0.5288461538461539 0.5336538461538463 0.5649038461538461 0.5336538461538463
9 0.3173076923076924 0.49038461538461536 0.2716346153846155 0.49038461538461536 0.2716346153846155 0.5600961538461539 0.31730769230769246 0.5600961538461539
4 0.2283653846153847 0.5408653846153846 0.18990384615384623 0.5408653846153846 0.18990384615384623 0.5865384615384616 0.2283653846153847 0.5865384615384616
8 0.65625 0.5072115384615385 0.5985576923076923 0.5072115384615385 0.5985576923076924 0.6346153846153846 0.65625 0.6346153846153846
8 0.7403846153846154 0.49759615384615397 0.6730769230769231 0.49759615384615397 0.6730769230769231 0.6466346153846154 0.7403846153846154 0.6466346153846154
2 0.2692307692307693 0.5408653846153846 0.23317307692307698 0.5408653846153846 0.23317307692307698 0.6225961538461539 0.2692307692307693 0.6225961538461539
2 0.19471153846153852 0.5552884615384616 0.1538461538461539 0.5552884615384616 0.1538461538461539 0.6225961538461539 0.19471153846153852 0.6225961538461539
2 0.15865384615384623 0.5528846153846154 0.11057692307692314 0.5528846153846154 0.11057692307692314 0.6586538461538461 0.15865384615384623 0.6586538461538461
4 0.11538461538461545 0.6298076923076923 0.06971153846153855 0.6298076923076923 0.06971153846153855 0.6971153846153846 0.11538461538461545 0.6971153846153846
4 0.49038461538461553 0.6346153846153846 0.4326923076923078 0.6346153846153846 0.4326923076923078 0.7139423076923077 0.49038461538461553 0.7139423076923077
2 0.591346153846154 0.6634615384615384 0.5192307692307694 0.6634615384615384 0.5192307692307694 0.7475961538461539 0.591346153846154 0.7475961538461539
4 0.2379807692307693 0.6875 0.1754807692307693 0.6875 0.1754807692307693 0.7668269230769231 0.2379807692307693 0.7668269230769231
8 0.7836538461538461 0.6466346153846154 0.6538461538461539 0.6466346153846154 0.6538461538461539 0.8341346153846154 0.7836538461538461 0.8341346153846154
4 0.2187500000000001 0.7451923076923077 0.1538461538461539 0.7451923076923077 0.15384615384615394 0.8389423076923077 0.21875000000000014 0.8389423076923077
2 0.7163461538461539 0.7740384615384616 0.6274038461538461 0.7740384615384616 0.6274038461538461 0.8918269230769231 0.7163461538461539 0.8918269230769231
2 0.28365384615384626 0.8365384615384616 0.20192307692307698 0.8365384615384616 0.20192307692307704 0.9615384615384616 0.2836538461538463 0.9615384615384616
2 0.4086538461538463 0.8485576923076923 0.32692307692307704 0.8485576923076923 0.32692307692307704 0.9663461538461539 0.4086538461538463 0.9663461538461539