4 0.44471153846153844 0.49278846153846156 0.41346153846153844 0.49278846153846156 0.41346153846153844 0.5432692307692307 0.44471153846153844 0.5432692307692307
4 0.6610576923076923 0.4951923076923078 0.625 0.4951923076923078 0.625 0.5528846153846155 0.6610576923076923 0.5528846153846155
4 0.6177884615384616 0.5144230769230771 0.5865384615384616 0.5144230769230771 0.5865384615384616 0.5625000000000001 0.6177884615384616 0.5625000000000001
2 0.2163461538461539 0.5336538461538461 0.17067307692307698 0.5336538461538461 0.17067307692307698 0.5985576923076923 0.2163461538461539 0.5985576923076923
4 0.4591346153846155 0.5408653846153846 0.43028846153846156 0.5408653846153846 0.4302884615384616 0.5913461538461539 0.45913461538461553 0.5913461538461539
4 0.7572115384615384 0.5408653846153848 0.71875 0.5408653846153848 0.71875 0.591346153846154 0.7572115384615384 0.591346153846154
4 0.42307692307692313 0.5408653846153846 0.3918269230769231 0.5408653846153846 0.39182692307692313 0.5961538461538461 0.42307692307692324 0.5961538461538461
4 0.6802884615384616 0.543269230769231 0.6442307692307693 0.543269230769231 0.6442307692307693 0.605769230769231 0.6802884615384616 0.605769230769231
4 0.7283653846153846 0.5528846153846155 0.6875 0.5528846153846155 0.6875 0.6105769230769232 0.7283653846153846 0.6105769230769232
4 0.26201923076923084 0.5552884615384616 0.22355769230769237 0.5552884615384616 0.22355769230769237 0.6081730769230769 0.26201923076923084 0.6081730769230769
4 0.6418269230769231 0.5673076923076924 0.6033653846153848 0.5673076923076924 0.6033653846153848 0.625 0.6418269230769231 0.625
2 0.3942307692307694 0.5625 0.34855769230769246 0.5625 0.34855769230769246 0.6442307692307693 0.3942307692307694 0.6442307692307693
2 0.5048076923076924 0.5769230769230769 0.47355769230769246 0.5769230769230769 0.47355769230769246 0.6298076923076923 0.5048076923076924 0.6298076923076923
4 0.5961538461538463 0.5721153846153847 0.5552884615384617 0.5721153846153846 0.5552884615384617 0.6346153846153846 0.5961538461538463 0.6346153846153846
4 0.17307692307692316 0.5913461538461539 0.12259615384615391 0.5913461538461539 0.12259615384615391 0.6514423076923077 0.17307692307692316 0.6514423076923077
2 0.4399038461538463 0.5913461538461539 0.3942307692307694 0.5913461538461539 0.3942307692307694 0.6658653846153846 0.4399038461538463 0.6658653846153846
2 0.21875000000000006 0.5913461538461539 0.1754807692307693 0.5913461538461539 0.1754807692307693 0.6754807692307693 0.21875000000000006 0.6754807692307693
4 0.7716346153846154 0.6105769230769232 0.7139423076923077 0.6105769230769232 0.7139423076923077 0.6826923076923077 0.7716346153846154 0.6826923076923077
4 0.12740384615384623 0.6298076923076923 0.0721153846153847 0.6298076923076923 0.0721153846153847 0.6899038461538461 0.12740384615384623 0.6899038461538461
4 0.5000000000000001 0.6225961538461539 0.45192307692307704 0.6225961538461539 0.45192307692307704 0.7091346153846154 0.5000000000000001 0.7091346153846154
4 0.8509615384615384 0.6298076923076923 0.7932692307692307 0.6298076923076923 0.7932692307692307 0.7067307692307693 0.8509615384615384 0.7067307692307693
4 0.6706730769230769 0.6298076923076923 0.6105769230769232 0.6298076923076923 0.6105769230769232 0.7091346153846154 0.6706730769230769 0.7091346153846154
5 0.3004807692307693 0.6370192307692307 0.24278846153846162 0.6370192307692307 0.24278846153846162 0.7163461538461539 0.3004807692307693 0.7163461538461539
4 0.3509615384615386 0.6466346153846154 0.3052884615384616 0.6466346153846154 0.3052884615384616 0.7331730769230769 0.3509615384615386 0.7331730769230769
2 0.16346153846153852 0.6490384615384616 0.10336538461538468 0.6490384615384616 0.1033653846153847 0.7331730769230769 0.16346153846153852 0.7331730769230769
4 0.7451923076923077 0.65625 0.6850961538461539 0.65625 0.6850961538461539 0.7331730769230769 0.7451923076923077 0.7331730769230769
4 0.4182692307692309 0.6538461538461539 0.36057692307692324 0.6538461538461539 0.36057692307692324 0.7524038461538461 0.4182692307692309 0.7524038461538461
4 0.07451923076923085 0.6682692307692307 0.004807692307692389 0.6682692307692307 0.004807692307692394 0.75 0.07451923076923085 0.75
4 0.48317307692307704 0.6947115384615384 0.4326923076923078 0.6947115384615384 0.4326923076923078 0.7764423076923077 0.48317307692307704 0.7764423076923077
4 0.8341346153846154 0.6947115384615384 0.7716346153846154 0.6947115384615384 0.7716346153846154 0.7836538461538461 0.8341346153846154 0.7836538461538461
5 0.2524038461538462 0.7115384615384616 0.1658653846153847 0.7115384615384616 0.1658653846153847 0.7980769230769231 0.2524038461538462 0.7980769230769231
2 0.7115384615384616 0.7427884615384616 0.6394230769230769 0.7427884615384616 0.6394230769230769 0.8533653846153846 0.7115384615384616 0.8533653846153846
4 0.4639423076923078 0.7860576923076923 0.39182692307692324 0.7860576923076923 0.39182692307692324 0.9134615384615384 0.4639423076923078 0.9134615384615384
4 0.2812500000000001 0.7932692307692307 0.20192307692307698 0.7932692307692307 0.20192307692307704 0.9206730769230769 0.2812500000000001 0.9206730769230769
4 0.37259615384615397 0.7932692307692307 0.29807692307692313 0.7932692307692307 0.2980769230769232 0.9350961538461539 0.37259615384615397 0.9350961538461539
2 0.1610576923076924 0.7836538461538461 0.045673076923077024 0.7836538461538461 0.04567307692307703 0.9471153846153846 0.16105769230769246 0.9471153846153846
4 0.9399038461538461 0.8221153846153846 0.8317307692307693 0.8221153846153846 0.8317307692307693 0.9543269230769231 0.9399038461538461 0.9543269230769231