4 0.5769230769230769 0.5024038461538463 0.5432692307692307 0.5024038461538461 0.5432692307692307 0.5504807692307693 0.5769230769230769 0.5504807692307694
4 0.6033653846153846 0.5072115384615385 0.5769230769230769 0.5072115384615385 0.5769230769230769 0.5504807692307694 0.6033653846153846 0.5504807692307694
4 0.7163461538461539 0.5240384615384617 0.6802884615384616 0.5240384615384617 0.6802884615384616 0.5649038461538463 0.7163461538461539 0.5649038461538463
4 0.6826923076923077 0.5264423076923078 0.6514423076923077 0.5264423076923078 0.6514423076923077 0.5769230769230771 0.6826923076923077 0.5769230769230771
4 0.6514423076923077 0.5312500000000001 0.6201923076923077 0.5312500000000001 0.6201923076923077 0.5841346153846155 0.6514423076923077 0.5841346153846155
4 0.30769230769230776 0.5360576923076923 0.2740384615384616 0.5360576923076923 0.2740384615384616 0.5865384615384616 0.3076923076923078 0.5865384615384616
4 0.4302884615384616 0.5432692307692307 0.39663461538461536 0.5432692307692307 0.3966346153846155 0.5889423076923077 0.4302884615384617 0.5889423076923077
4 0.3798076923076924 0.5504807692307693 0.35336538461538464 0.5504807692307693 0.3533653846153847 0.5913461538461539 0.37980769230769246 0.5913461538461539
4 0.6201923076923077 0.5456730769230771 0.5841346153846154 0.5456730769230771 0.5841346153846154 0.5961538461538463 0.6201923076923077 0.5961538461538463
1 0.47596153846153855 0.5576923076923077 0.4567307692307692 0.5576923076923077 0.4567307692307693 0.6081730769230769 0.4759615384615386 0.6081730769230769
4 0.23076923076923084 0.5600961538461539 0.18990384615384623 0.5600961538461539 0.18990384615384623 0.6153846153846154 0.23076923076923084 0.6153846153846154
4 0.3677884615384617 0.5673076923076923 0.3317307692307694 0.5673076923076923 0.3317307692307694 0.6129807692307693 0.3677884615384617 0.6129807692307693
4 0.2836538461538462 0.5649038461538461 0.23317307692307698 0.5649038461538461 0.23317307692307698 0.6225961538461539 0.2836538461538462 0.6225961538461539
4 0.7692307692307693 0.5673076923076924 0.7259615384615384 0.5673076923076924 0.7259615384615384 0.625 0.7692307692307693 0.625
4 0.7163461538461539 0.5721153846153848 0.6826923076923077 0.5721153846153848 0.6826923076923077 0.6274038461538461 0.7163461538461539 0.6274038461538461
4 0.6394230769230769 0.5817307692307694 0.5937500000000001 0.5817307692307694 0.5937500000000001 0.6346153846153846 0.6394230769230769 0.6346153846153846
2 0.19471153846153852 0.5721153846153846 0.14182692307692316 0.5721153846153846 0.14182692307692316 0.6490384615384616 0.19471153846153852 0.6490384615384616
4 0.6971153846153846 0.5985576923076924 0.6490384615384616 0.5985576923076924 0.6490384615384616 0.65625 0.6971153846153846 0.65625
4 0.3990384615384617 0.5961538461538461 0.3629807692307694 0.5961538461538461 0.3629807692307694 0.6634615384615384 0.3990384615384617 0.6634615384615384
4 0.4375000000000001 0.6009615384615384 0.41105769230769246 0.6009615384615384 0.41105769230769246 0.6634615384615384 0.4375000000000001 0.6634615384615384
4 0.2379807692307693 0.6057692307692307 0.19230769230769237 0.6057692307692307 0.19230769230769237 0.6658653846153846 0.2379807692307693 0.6658653846153846
4 0.32692307692307704 0.5961538461538461 0.2860576923076924 0.5961538461538461 0.2860576923076924 0.6778846153846154 0.32692307692307704 0.6778846153846154
4 0.5000000000000001 0.6153846153846154 0.45913461538461553 0.6153846153846154 0.45913461538461553 0.6730769230769231 0.5000000000000001 0.6730769230769231
4 0.15865384615384623 0.6274038461538461 0.10576923076923084 0.6274038461538461 0.10576923076923084 0.6875 0.15865384615384623 0.6875
2 0.6442307692307693 0.625 0.605769230769231 0.625 0.605769230769231 0.7019230769230769 0.6442307692307693 0.7019230769230769
2 0.3677884615384617 0.6153846153846154 0.3197115384615386 0.6153846153846154 0.3197115384615386 0.7211538461538461 0.3677884615384617 0.7211538461538461
4 0.7596153846153846 0.6370192307692307 0.7139423076923077 0.6370192307692307 0.7139423076923077 0.6995192307692307 0.7596153846153846 0.6995192307692307
4 0.08894230769230778 0.6442307692307693 0.02644230769230777 0.6442307692307693 0.026442307692307772 0.7019230769230769 0.08894230769230779 0.7019230769230769
2 0.42307692307692324 0.6370192307692307 0.3750000000000001 0.6370192307692307 0.3750000000000001 0.7283653846153846 0.42307692307692324 0.7283653846153846
4 0.3028846153846155 0.6346153846153846 0.2524038461538462 0.6346153846153846 0.2524038461538462 0.7379807692307693 0.3028846153846155 0.7379807692307693
4 0.5961538461538463 0.6538461538461539 0.543269230769231 0.6538461538461539 0.543269230769231 0.7235576923076923 0.5961538461538463 0.7235576923076923
4 0.11778846153846162 0.65625 0.05288461538461547 0.65625 0.05288461538461547 0.7235576923076923 0.11778846153846165 0.7235576923076923
2 0.19471153846153852 0.6514423076923077 0.13221153846153852 0.6514423076923077 0.13221153846153855 0.7355769230769231 0.19471153846153852 0.7355769230769231
4 0.8725961538461539 0.6754807692307693 0.7956730769230769 0.6754807692307693 0.7956730769230769 0.7716346153846154 0.8725961538461539 0.7716346153846154
4 0.48317307692307704 0.6875 0.43509615384615397 0.6875 0.43509615384615397 0.7644230769230769 0.48317307692307704 0.7644230769230769
4 0.7355769230769231 0.6875 0.6778846153846154 0.6875 0.6778846153846154 0.7788461538461539 0.7355769230769231 0.7788461538461539
4 0.05288461538461548 0.6875 8.419446744138054e-17 0.6875 9.125973743646141e-17 0.8028846153846154 0.05288461538461549 0.8028846153846154
4 0.8100961538461539 0.7067307692307693 0.7475961538461539 0.7067307692307693 0.7475961538461539 0.7884615384615384 0.8100961538461539 0.7884615384615384
4 0.6682692307692307 0.71875 0.6201923076923077 0.71875 0.6201923076923077 0.7932692307692307 0.6682692307692307 0.7932692307692307
5 0.26201923076923084 0.7091346153846154 0.19230769230769237 0.7091346153846154 0.19230769230769237 0.8125 0.26201923076923084 0.8125
4 0.3317307692307694 0.7019230769230769 0.26682692307692313 0.7019230769230769 0.26682692307692313 0.8197115384615384 0.3317307692307694 0.8197115384615384
2 0.12740384615384626 0.7091346153846154 0.04567307692307701 0.7091346153846154 0.04567307692307702 0.8125 0.12740384615384626 0.8125
4 0.38942307692307704 0.7331730769230769 0.3317307692307694 0.7331730769230769 0.3317307692307694 0.8485576923076923 0.38942307692307704 0.8485576923076923
4 0.6129807692307694 0.7427884615384616 0.5456730769230771 0.7427884615384616 0.5456730769230771 0.8701923076923077 0.6129807692307694 0.8701923076923077
4 0.9759615384615384 0.7860576923076923 0.875 0.7860576923076923 0.875 0.8894230769230769 0.9759615384615384 0.8894230769230769
5 0.18990384615384626 0.7836538461538461 0.10096153846153856 0.7836538461538461 0.10096153846153856 0.9086538461538461 0.18990384615384628 0.9086538461538461
4 0.4711538461538463 0.7788461538461539 0.40384615384615397 0.7788461538461539 0.40384615384615397 0.9158653846153846 0.4711538461538463 0.9158653846153846
2 0.9903846153846154 0.8798076923076923 0.8605769230769231 0.8798076923076923 0.8605769230769231 1 0.9903846153846154 1
4 0.2355769230769232 0.8918269230769231 0.14663461538461547 0.8918269230769231 0.1466346153846155 1 0.2355769230769232 1
2 0.10336538461538473 0.8918269230769231 1.0921729867395866e-16 0.8918269230769231 1.1569379616944946e-16 0.9975961538461539 0.10336538461538475 0.9975961538461539