8 0.6442307692307693 0.49038461538461553 0.6129807692307693 0.49038461538461553 0.6129807692307693 0.5456730769230771 0.6442307692307693 0.5456730769230771
4 0.44951923076923084 0.5432692307692307 0.4182692307692308 0.5432692307692307 0.41826923076923084 0.5985576923076923 0.4495192307692309 0.5985576923076923
4 0.6634615384615384 0.5408653846153848 0.6298076923076923 0.5408653846153848 0.6298076923076923 0.6033653846153848 0.6634615384615384 0.6033653846153848
4 0.6971153846153846 0.5480769230769232 0.6658653846153846 0.5480769230769232 0.6658653846153846 0.5961538461538463 0.6971153846153846 0.5961538461538463
4 0.4783653846153847 0.5552884615384616 0.4495192307692308 0.5552884615384616 0.44951923076923084 0.6033653846153846 0.47836538461538475 0.6033653846153846
4 0.5889423076923077 0.5552884615384616 0.5528846153846154 0.5552884615384616 0.5528846153846154 0.6105769230769231 0.5889423076923078 0.6105769230769232
4 0.6274038461538461 0.5552884615384617 0.5961538461538461 0.5552884615384617 0.5961538461538463 0.6105769230769232 0.6274038461538461 0.6105769230769232
4 0.7427884615384616 0.5697115384615385 0.7091346153846154 0.5697115384615385 0.7091346153846154 0.6081730769230771 0.7427884615384616 0.6081730769230771
4 0.5168269230769232 0.5649038461538461 0.48557692307692324 0.5649038461538461 0.48557692307692324 0.6153846153846154 0.5168269230769232 0.6153846153846154
2 0.42067307692307704 0.5625 0.38942307692307704 0.5625 0.38942307692307704 0.6346153846153846 0.42067307692307704 0.6346153846153846
4 0.2860576923076924 0.5889423076923077 0.25000000000000006 0.5889423076923077 0.25000000000000006 0.6466346153846154 0.2860576923076924 0.6466346153846154
4 0.7307692307692307 0.6033653846153848 0.6971153846153846 0.6033653846153848 0.6971153846153846 0.6610576923076923 0.7307692307692307 0.6610576923076923
2 0.5144230769230771 0.6081730769230769 0.4759615384615386 0.6081730769230769 0.4759615384615386 0.6634615384615384 0.5144230769230771 0.6634615384615384
4 0.6971153846153846 0.605769230769231 0.6586538461538461 0.605769230769231 0.6586538461538461 0.6706730769230769 0.6971153846153846 0.6706730769230769
4 0.8004807692307693 0.5985576923076924 0.7427884615384616 0.5985576923076924 0.7427884615384616 0.6778846153846154 0.8004807692307693 0.6778846153846154
2 0.45192307692307704 0.6033653846153846 0.41105769230769246 0.6033653846153846 0.41105769230769246 0.6754807692307693 0.45192307692307704 0.6754807692307693
4 0.6490384615384616 0.6129807692307694 0.605769230769231 0.6129807692307694 0.605769230769231 0.6754807692307693 0.6490384615384616 0.6754807692307693
4 0.16346153846153852 0.6177884615384616 0.10576923076923084 0.6177884615384616 0.10576923076923084 0.6730769230769231 0.16346153846153852 0.6730769230769231
4 0.6081730769230771 0.6225961538461539 0.5480769230769232 0.6225961538461539 0.5480769230769232 0.6778846153846154 0.6081730769230771 0.6778846153846154
2 0.2475961538461539 0.6105769230769231 0.2067307692307693 0.6105769230769231 0.2067307692307693 0.6947115384615384 0.2475961538461539 0.6947115384615384
4 0.18750000000000006 0.6346153846153846 0.13942307692307698 0.6346153846153846 0.13942307692307698 0.6899038461538461 0.18750000000000006 0.6899038461538461
4 0.34855769230769246 0.6201923076923077 0.3004807692307693 0.6201923076923077 0.3004807692307693 0.7067307692307693 0.34855769230769246 0.7067307692307693
4 0.38461538461538475 0.6466346153846154 0.3461538461538463 0.6466346153846154 0.3461538461538463 0.7307692307692307 0.38461538461538475 0.7307692307692307
4 0.7788461538461539 0.6538461538461539 0.7331730769230769 0.6538461538461539 0.7331730769230769 0.7331730769230769 0.7788461538461539 0.7331730769230769
4 0.43509615384615397 0.6538461538461539 0.39182692307692324 0.6538461538461539 0.39182692307692324 0.7355769230769231 0.43509615384615397 0.7355769230769231
4 0.7307692307692307 0.6538461538461539 0.6754807692307693 0.6538461538461539 0.6754807692307693 0.7379807692307693 0.7307692307692307 0.7379807692307693
4 0.1298076923076924 0.65625 0.06250000000000008 0.65625 0.06250000000000008 0.7427884615384616 0.1298076923076924 0.7427884615384616
4 0.5048076923076924 0.6610576923076923 0.45913461538461553 0.6610576923076923 0.45913461538461553 0.7475961538461539 0.5048076923076924 0.7475961538461539
4 0.8581730769230769 0.6682692307692307 0.7908653846153846 0.6682692307692307 0.7908653846153846 0.7548076923076923 0.8581730769230769 0.7548076923076923
4 0.1754807692307693 0.7019230769230769 0.10096153846153856 0.7019230769230769 0.10096153846153856 0.7716346153846154 0.1754807692307693 0.7716346153846154
4 0.3052884615384616 0.6850961538461539 0.2548076923076924 0.6850961538461539 0.2548076923076924 0.7884615384615384 0.3052884615384616 0.7884615384615384
4 0.08173076923076933 0.7139423076923077 0.012019230769230855 0.7139423076923077 0.012019230769230862 0.7980769230769231 0.08173076923076933 0.7980769230769231
4 0.42067307692307704 0.7139423076923077 0.3750000000000001 0.7139423076923077 0.3750000000000001 0.8149038461538461 0.42067307692307704 0.8149038461538461
4 0.8293269230769231 0.7235576923076923 0.7644230769230769 0.7235576923076923 0.7644230769230769 0.8125 0.8293269230769231 0.8125
4 0.34855769230769246 0.7235576923076923 0.3004807692307693 0.7235576923076923 0.3004807692307693 0.8173076923076923 0.34855769230769246 0.8173076923076923
4 0.48557692307692324 0.7307692307692307 0.4399038461538463 0.7307692307692307 0.4399038461538463 0.8221153846153846 0.48557692307692324 0.8221153846153846
4 0.25721153846153855 0.7379807692307693 0.17788461538461545 0.7379807692307693 0.17788461538461547 0.84375 0.2572115384615386 0.84375
4 0.7115384615384616 0.7860576923076923 0.6346153846153846 0.7860576923076923 0.6346153846153846 0.8894230769230769 0.7115384615384616 0.8894230769230769
5 0.39663461538461553 0.7908653846153846 0.31730769230769246 0.7908653846153846 0.31730769230769246 0.9158653846153846 0.39663461538461553 0.9158653846153846
4 0.9711538461538461 0.8100961538461539 0.8894230769230769 0.8100961538461539 0.8894230769230769 0.9134615384615384 0.9711538461538461 0.9134615384615384
4 0.9014423076923077 0.8173076923076923 0.8245192307692307 0.8173076923076923 0.8245192307692307 0.9302884615384616 0.9014423076923077 0.9302884615384616
4 0.4759615384615386 0.8221153846153846 0.4062500000000001 0.8221153846153846 0.4062500000000001 0.9447115384615384 0.4759615384615386 0.9447115384615384
4 0.2740384615384617 0.8413461538461539 0.1947115384615386 0.8413461538461539 0.1947115384615386 0.9567307692307693 0.2740384615384617 0.9567307692307693
4 0.8485576923076923 0.8701923076923077 0.7596153846153846 0.8701923076923077 0.7596153846153846 1 0.8485576923076923 1