4 0.6466346153846154 0.5192307692307694 0.6201923076923077 0.5192307692307694 0.6201923076923077 0.5552884615384617 0.6466346153846154 0.5552884615384617
4 0.2548076923076924 0.5144230769230769 0.21153846153846162 0.5144230769230769 0.21153846153846162 0.5649038461538461 0.2548076923076924 0.5649038461538461
4 0.6177884615384616 0.5216346153846155 0.5865384615384616 0.5216346153846155 0.5865384615384616 0.5721153846153848 0.6177884615384616 0.5721153846153848
4 0.6971153846153846 0.5384615384615385 0.6706730769230769 0.5384615384615385 0.6706730769230769 0.5721153846153848 0.6971153846153846 0.5721153846153848
4 0.7427884615384616 0.5408653846153848 0.7115384615384616 0.5408653846153848 0.7115384615384616 0.5817307692307694 0.7427884615384616 0.5817307692307694
4 0.39182692307692313 0.5384615384615384 0.3557692307692308 0.5384615384615384 0.35576923076923084 0.59375 0.39182692307692324 0.59375
4 0.43269230769230776 0.5456730769230769 0.39663461538461536 0.5456730769230769 0.3966346153846155 0.5961538461538461 0.4326923076923078 0.5961538461538461
4 0.21394230769230776 0.5528846153846154 0.1754807692307693 0.5528846153846154 0.1754807692307693 0.59375 0.21394230769230776 0.59375
4 0.6346153846153846 0.5625000000000001 0.5961538461538463 0.5625000000000001 0.5961538461538463 0.605769230769231 0.6346153846153846 0.605769230769231
4 0.2283653846153847 0.5600961538461539 0.1971153846153847 0.5600961538461539 0.1971153846153847 0.6105769230769231 0.2283653846153847 0.6105769230769231
4 0.6778846153846154 0.5697115384615385 0.6466346153846154 0.5697115384615385 0.6466346153846154 0.6105769230769232 0.6778846153846154 0.6105769230769232
4 0.3677884615384617 0.5649038461538461 0.3317307692307694 0.5649038461538461 0.3317307692307694 0.6201923076923077 0.3677884615384617 0.6201923076923077
4 0.5841346153846155 0.5625000000000001 0.5528846153846155 0.5625 0.5528846153846155 0.6225961538461539 0.5841346153846155 0.6225961538461539
4 0.2716346153846155 0.5600961538461539 0.22596153846153852 0.5600961538461539 0.22596153846153852 0.6274038461538461 0.2716346153846155 0.6274038461538461
4 0.45432692307692324 0.5697115384615384 0.42307692307692324 0.5697115384615384 0.42307692307692324 0.625 0.45432692307692324 0.625
2 0.5144230769230771 0.5769230769230769 0.47355769230769246 0.5769230769230769 0.47355769230769246 0.6274038461538461 0.5144230769230771 0.6274038461538461
4 0.7331730769230769 0.5769230769230771 0.6995192307692307 0.5769230769230771 0.6995192307692307 0.6370192307692307 0.7331730769230769 0.6370192307692307
2 0.19951923076923084 0.5697115384615384 0.14663461538461545 0.5697115384615384 0.14663461538461545 0.6466346153846154 0.19951923076923084 0.6466346153846154
2 0.6418269230769231 0.591346153846154 0.605769230769231 0.591346153846154 0.605769230769231 0.6514423076923077 0.6418269230769231 0.6514423076923077
4 0.13701923076923084 0.5913461538461539 0.076923076923077 0.5913461538461539 0.076923076923077 0.65625 0.13701923076923084 0.65625
4 0.40384615384615397 0.5961538461538461 0.36538461538461553 0.5961538461538461 0.36538461538461553 0.6538461538461539 0.40384615384615397 0.6538461538461539
4 0.8028846153846154 0.5961538461538463 0.7572115384615384 0.5961538461538463 0.7572115384615384 0.6610576923076923 0.8028846153846154 0.6610576923076923
1 0.4615384615384617 0.6081730769230769 0.44230769230769246 0.6081730769230769 0.44230769230769246 0.6634615384615384 0.4615384615384617 0.6634615384615384
4 0.23076923076923084 0.5985576923076923 0.17788461538461545 0.5985576923076923 0.17788461538461545 0.6802884615384616 0.23076923076923084 0.6802884615384616
4 0.3245192307692309 0.6153846153846154 0.2716346153846155 0.6153846153846154 0.2716346153846155 0.6778846153846154 0.3245192307692309 0.6778846153846154
4 0.4399038461538463 0.6153846153846154 0.4062500000000001 0.6153846153846154 0.4062500000000001 0.6778846153846154 0.4399038461538463 0.6778846153846154
4 0.15865384615384623 0.6177884615384616 0.11057692307692314 0.6177884615384616 0.11057692307692314 0.6826923076923077 0.15865384615384623 0.6826923076923077
4 0.7043269230769231 0.6225961538461539 0.6586538461538461 0.6225961538461539 0.6586538461538461 0.6899038461538461 0.7043269230769231 0.6899038461538461
4 0.5072115384615385 0.6274038461538461 0.4615384615384617 0.6274038461538461 0.4615384615384617 0.6850961538461539 0.5072115384615385 0.6850961538461539
4 0.5985576923076924 0.6274038461538461 0.5456730769230771 0.6274038461538461 0.5456730769230771 0.6947115384615384 0.5985576923076924 0.6947115384615384
2 0.37259615384615397 0.6129807692307693 0.3125000000000001 0.6129807692307693 0.3125000000000001 0.7259615384615384 0.37259615384615397 0.7259615384615384
4 0.7692307692307693 0.6394230769230769 0.7283653846153846 0.6394230769230769 0.7283653846153846 0.7163461538461539 0.7692307692307693 0.7163461538461539
4 0.10096153846153855 0.6610576923076923 0.031250000000000076 0.6610576923076923 0.03125000000000008 0.7331730769230769 0.10096153846153856 0.7331730769230769
4 0.6586538461538461 0.6514423076923077 0.6081730769230771 0.6514423076923077 0.6081730769230771 0.7427884615384616 0.6586538461538461 0.7427884615384616
2 0.1754807692307693 0.6586538461538461 0.12019230769230776 0.6586538461538461 0.12019230769230778 0.7379807692307693 0.1754807692307693 0.7379807692307693
4 0.3004807692307693 0.6610576923076923 0.24519230769230776 0.6610576923076923 0.24519230769230776 0.75 0.3004807692307693 0.75
4 0.8605769230769231 0.6658653846153846 0.7956730769230769 0.6658653846153846 0.7956730769230769 0.7475961538461539 0.8605769230769231 0.7475961538461539
2 0.42307692307692324 0.6610576923076923 0.3677884615384617 0.6610576923076923 0.3677884615384617 0.7644230769230769 0.42307692307692324 0.7644230769230769
2 0.08653846153846165 0.7067307692307693 8.654955743974083e-17 0.7067307692307693 9.493956555889938e-17 0.84375 0.08653846153846165 0.84375
4 0.47836538461538475 0.7211538461538461 0.42788461538461553 0.7211538461538461 0.42788461538461553 0.8365384615384616 0.47836538461538475 0.8365384615384616
4 0.3245192307692309 0.71875 0.2548076923076924 0.71875 0.2548076923076924 0.8413461538461539 0.3245192307692309 0.8413461538461539
5 0.24038461538461547 0.7283653846153846 0.17067307692307698 0.7283653846153846 0.17067307692307704 0.8605769230769231 0.24038461538461553 0.8605769230769231
4 0.7043269230769231 0.7548076923076923 0.6418269230769231 0.7548076923076923 0.6418269230769231 0.8557692307692307 0.7043269230769231 0.8557692307692307
2 0.8870192307692307 0.75 0.7884615384615384 0.75 0.7884615384615384 0.8774038461538461 0.8870192307692307 0.8774038461538461
4 0.6225961538461539 0.7524038461538461 0.5552884615384617 0.7524038461538461 0.5552884615384617 0.875 0.6225961538461539 0.875
4 0.9711538461538461 0.78125 0.8846153846153846 0.78125 0.8846153846153846 0.8966346153846154 0.9711538461538461 0.8966346153846154
4 0.3750000000000001 0.7764423076923077 0.3125000000000001 0.7764423076923077 0.3125000000000001 0.90625 0.3750000000000001 0.90625
4 0.16586538461538472 0.8052884615384616 0.0625000000000001 0.8052884615384616 0.06250000000000011 0.9495192307692307 0.16586538461538475 0.9495192307692307
4 0.46634615384615397 0.8341346153846154 0.38461538461538475 0.8341346153846154 0.38461538461538475 0.9855769230769231 0.46634615384615397 0.9855769230769231
4 0.8461538461538461 0.8725961538461539 0.7475961538461539 0.8725961538461539 0.7475961538461539 0.9975961538461539 0.8461538461538461 0.9975961538461539
4 0.22836538461538475 0.9254807692307693 0.12259615384615395 0.9254807692307693 0.12259615384615397 1 0.22836538461538475 1