4 0.6706730769230769 0.4759615384615386 0.6514423076923077 0.4759615384615386 0.6514423076923077 0.5144230769230771 0.6706730769230769 0.5144230769230771
4 0.5793269230769231 0.483173076923077 0.5456730769230769 0.4831730769230769 0.5456730769230769 0.5240384615384616 0.5793269230769231 0.5240384615384617
4 0.6153846153846154 0.48317307692307704 0.5865384615384616 0.48317307692307704 0.5865384615384616 0.5240384615384617 0.6153846153846154 0.5240384615384617
4 0.7139423076923077 0.4807692307692309 0.6899038461538461 0.4807692307692309 0.6899038461538461 0.5336538461538463 0.7139423076923077 0.5336538461538463
4 0.6514423076923077 0.49759615384615397 0.625 0.49759615384615397 0.625 0.5384615384615385 0.6514423076923077 0.5384615384615385
4 0.5817307692307693 0.5240384615384616 0.5552884615384616 0.5240384615384616 0.5552884615384616 0.5649038461538463 0.5817307692307694 0.5649038461538463
4 0.7043269230769231 0.5216346153846155 0.6730769230769231 0.5216346153846155 0.6730769230769231 0.5673076923076924 0.7043269230769231 0.5673076923076924
4 0.6298076923076923 0.5264423076923078 0.59375 0.5264423076923078 0.5937500000000001 0.5721153846153848 0.6298076923076923 0.5721153846153848
4 0.21875000000000006 0.5264423076923077 0.1754807692307693 0.5264423076923077 0.1754807692307693 0.5745192307692307 0.21875000000000006 0.5745192307692307
4 0.29326923076923084 0.5360576923076923 0.264423076923077 0.5360576923076923 0.264423076923077 0.5697115384615384 0.29326923076923084 0.5697115384615384
4 0.7668269230769231 0.5216346153846155 0.7163461538461539 0.5216346153846155 0.7163461538461539 0.5865384615384617 0.7668269230769231 0.5865384615384617
4 0.6850961538461539 0.5312500000000001 0.6490384615384616 0.5312500000000001 0.6490384615384616 0.5889423076923078 0.6850961538461539 0.5889423076923078
2 0.24519230769230776 0.5384615384615384 0.20432692307692316 0.5384615384615384 0.20432692307692316 0.5841346153846154 0.24519230769230776 0.5841346153846154
2 0.41346153846153855 0.5360576923076923 0.375 0.5360576923076923 0.37500000000000006 0.6105769230769231 0.4134615384615386 0.6105769230769231
2 0.264423076923077 0.5552884615384616 0.22355769230769237 0.5552884615384616 0.22355769230769237 0.6081730769230769 0.264423076923077 0.6081730769230769
4 0.2067307692307693 0.5769230769230769 0.16105769230769237 0.5769230769230769 0.16105769230769237 0.6274038461538461 0.2067307692307693 0.6274038461538461
4 0.36057692307692324 0.5769230769230769 0.32692307692307704 0.5769230769230769 0.32692307692307704 0.6274038461538461 0.36057692307692324 0.6274038461538461
4 0.7043269230769231 0.5769230769230771 0.6586538461538461 0.5769230769230771 0.6586538461538461 0.6442307692307693 0.7043269230769231 0.6442307692307693
4 0.14903846153846162 0.5841346153846154 0.08413461538461545 0.5841346153846154 0.08413461538461545 0.6394230769230769 0.14903846153846162 0.6394230769230769
2 0.45432692307692324 0.5817307692307693 0.41105769230769246 0.5817307692307693 0.41105769230769246 0.6418269230769231 0.45432692307692324 0.6418269230769231
4 0.8100961538461539 0.5889423076923078 0.7596153846153846 0.5889423076923078 0.7596153846153846 0.6370192307692307 0.8100961538461539 0.6370192307692307
4 0.7572115384615384 0.5889423076923078 0.7115384615384616 0.5889423076923078 0.7115384615384616 0.6442307692307693 0.7572115384615384 0.6442307692307693
4 0.5048076923076924 0.59375 0.4615384615384617 0.59375 0.4615384615384617 0.6610576923076923 0.5048076923076924 0.6610576923076923
4 0.16826923076923084 0.6009615384615384 0.12019230769230776 0.6009615384615384 0.12019230769230776 0.6610576923076923 0.16826923076923084 0.6610576923076923
2 0.23076923076923084 0.6033653846153846 0.17067307692307698 0.6033653846153846 0.17067307692307698 0.6778846153846154 0.23076923076923084 0.6778846153846154
5 0.3317307692307694 0.6033653846153846 0.2836538461538462 0.6033653846153846 0.2836538461538462 0.6826923076923077 0.3317307692307694 0.6826923076923077
4 0.37259615384615397 0.6177884615384616 0.3197115384615386 0.6177884615384616 0.3197115384615386 0.6995192307692307 0.37259615384615397 0.6995192307692307
4 0.4302884615384617 0.6201923076923077 0.3822115384615386 0.6201923076923077 0.3822115384615386 0.7019230769230769 0.4302884615384617 0.7019230769230769
4 0.6682692307692307 0.6298076923076923 0.6129807692307694 0.6298076923076923 0.6129807692307694 0.6923076923076923 0.6682692307692307 0.6923076923076923
4 0.11778846153846162 0.6322115384615384 0.05288461538461547 0.6322115384615384 0.05288461538461547 0.7043269230769231 0.11778846153846165 0.7043269230769231
4 0.49038461538461553 0.6466346153846154 0.4567307692307694 0.6466346153846154 0.4567307692307694 0.7091346153846154 0.49038461538461553 0.7091346153846154
4 0.8028846153846154 0.6442307692307693 0.7427884615384616 0.6442307692307693 0.7427884615384616 0.7211538461538461 0.8028846153846154 0.7211538461538461
5 0.295673076923077 0.6514423076923077 0.2379807692307693 0.6514423076923077 0.2379807692307693 0.7379807692307693 0.295673076923077 0.7379807692307693
4 0.6129807692307694 0.65625 0.5528846153846155 0.65625 0.5528846153846155 0.7331730769230769 0.6129807692307694 0.7331730769230769
4 0.8990384615384616 0.6850961538461539 0.8317307692307693 0.6850961538461539 0.8317307692307693 0.7668269230769231 0.8990384615384616 0.7668269230769231
4 0.139423076923077 0.6802884615384616 0.050480769230769315 0.6802884615384616 0.05048076923076932 0.7764423076923077 0.13942307692307704 0.7764423076923077
4 0.0625000000000001 0.6875 8.419446744138054e-17 0.6875 8.993499931238375e-17 0.78125 0.0625000000000001 0.78125
4 0.4182692307692309 0.6899038461538461 0.36057692307692324 0.6899038461538461 0.36057692307692324 0.7884615384615384 0.4182692307692309 0.7884615384615384
4 0.7620192307692307 0.6947115384615384 0.6971153846153846 0.6947115384615384 0.6971153846153846 0.7908653846153846 0.7620192307692307 0.7908653846153846
4 0.34134615384615397 0.6971153846153846 0.27644230769230776 0.6971153846153846 0.27644230769230776 0.8076923076923077 0.34134615384615397 0.8076923076923077
2 0.24278846153846162 0.6995192307692307 0.16105769230769237 0.6995192307692307 0.16105769230769237 0.8173076923076923 0.24278846153846162 0.8173076923076923
4 0.47355769230769246 0.7163461538461539 0.42067307692307704 0.7163461538461539 0.42067307692307704 0.8149038461538461 0.47355769230769246 0.8149038461538461
4 0.8581730769230769 0.7235576923076923 0.7860576923076923 0.7235576923076923 0.7860576923076923 0.8149038461538461 0.8581730769230769 0.8149038461538461
5 0.3701923076923078 0.78125 0.2908653846153847 0.78125 0.2908653846153847 0.9278846153846154 0.3701923076923078 0.9278846153846154
4 0.75 0.8221153846153846 0.65625 0.8221153846153846 0.65625 0.9399038461538461 0.75 0.9399038461538461
4 0.45192307692307704 0.8221153846153846 0.38461538461538475 0.8221153846153846 0.38461538461538475 0.9423076923076923 0.45192307692307704 0.9423076923076923
4 0.25240384615384626 0.8269230769230769 0.15865384615384623 0.8269230769230769 0.15865384615384626 0.9543269230769231 0.2524038461538463 0.9543269230769231
4 0.9807692307692307 0.8701923076923077 0.8629807692307693 0.8701923076923077 0.8629807692307693 0.9975961538461539 0.9807692307692307 0.9975961538461539