4 0.5697115384615384 0.4399038461538462 0.5456730769230769 0.43990384615384615 0.5456730769230769 0.483173076923077 0.5697115384615384 0.48317307692307704
4 0.6466346153846154 0.4567307692307694 0.6201923076923077 0.4567307692307694 0.6201923076923077 0.4951923076923078 0.6466346153846154 0.4951923076923078
4 0.5793269230769231 0.47596153846153855 0.5432692307692307 0.47596153846153844 0.5432692307692307 0.5072115384615385 0.5793269230769231 0.5072115384615385
4 0.6875 0.47355769230769246 0.6634615384615384 0.47355769230769246 0.6634615384615384 0.5216346153846155 0.6875 0.5216346153846155
4 0.6225961538461539 0.4759615384615386 0.5841346153846154 0.4759615384615386 0.5841346153846154 0.5264423076923078 0.6225961538461539 0.5264423076923078
2 0.75 0.4615384615384617 0.7019230769230769 0.4615384615384617 0.7019230769230769 0.5408653846153848 0.75 0.5408653846153848
4 0.6802884615384616 0.49038461538461553 0.6394230769230769 0.49038461538461553 0.6394230769230769 0.5480769230769232 0.6802884615384616 0.5480769230769232
4 0.4326923076923077 0.49759615384615385 0.40625 0.49759615384615385 0.40625 0.5432692307692307 0.4326923076923077 0.5432692307692307
4 0.46634615384615385 0.5 0.4375 0.5 0.4375 0.5504807692307693 0.46634615384615385 0.5504807692307693
4 0.2860576923076924 0.5048076923076923 0.2524038461538462 0.5048076923076923 0.2524038461538462 0.5600961538461539 0.2860576923076924 0.5600961538461539
2 0.23557692307692316 0.5120192307692307 0.19471153846153852 0.5120192307692307 0.19471153846153852 0.5769230769230769 0.23557692307692316 0.5769230769230769
4 0.36057692307692313 0.5144230769230769 0.3317307692307692 0.5144230769230769 0.3317307692307693 0.5769230769230769 0.36057692307692324 0.5769230769230769
4 0.514423076923077 0.5216346153846154 0.47596153846153844 0.5216346153846154 0.47596153846153855 0.5793269230769231 0.5144230769230771 0.5793269230769231
2 0.40625000000000006 0.5120192307692307 0.36538461538461536 0.5120192307692307 0.3653846153846155 0.5913461538461539 0.4062500000000001 0.5913461538461539
4 0.78125 0.5264423076923078 0.7379807692307693 0.5264423076923078 0.7379807692307693 0.591346153846154 0.78125 0.591346153846154
5 0.6947115384615384 0.5384615384615385 0.6490384615384616 0.5384615384615385 0.6490384615384616 0.5841346153846155 0.6947115384615384 0.5841346153846155
4 0.7427884615384616 0.5360576923076924 0.7019230769230769 0.5360576923076924 0.7019230769230769 0.6033653846153848 0.7427884615384616 0.6033653846153848
2 0.25721153846153855 0.5408653846153846 0.2163461538461539 0.5408653846153846 0.2163461538461539 0.6081730769230769 0.25721153846153855 0.6081730769230769
4 0.1971153846153847 0.5504807692307693 0.1538461538461539 0.5504807692307693 0.1538461538461539 0.6129807692307693 0.1971153846153847 0.6129807692307693
4 0.35096153846153855 0.5504807692307693 0.3173076923076923 0.5504807692307693 0.3173076923076924 0.6177884615384616 0.3509615384615386 0.6177884615384616
2 0.44471153846153855 0.5504807692307693 0.40865384615384615 0.5504807692307693 0.4086538461538462 0.625 0.4447115384615386 0.625
4 0.5985576923076924 0.5697115384615385 0.5528846153846155 0.5697115384615384 0.5528846153846155 0.6225961538461539 0.5985576923076924 0.6225961538461539
4 0.6418269230769231 0.5673076923076924 0.6033653846153848 0.5673076923076924 0.6033653846153848 0.625 0.6418269230769231 0.625
4 0.15144230769230776 0.5673076923076923 0.076923076923077 0.5673076923076923 0.076923076923077 0.6370192307692307 0.15144230769230776 0.6370192307692307
4 0.1658653846153847 0.5793269230769231 0.11538461538461545 0.5793269230769231 0.11538461538461545 0.6466346153846154 0.1658653846153847 0.6466346153846154
4 0.5000000000000001 0.5841346153846154 0.45913461538461553 0.5841346153846154 0.45913461538461553 0.6418269230769231 0.5000000000000001 0.6418269230769231
4 0.3245192307692309 0.5817307692307693 0.27644230769230776 0.5817307692307693 0.27644230769230776 0.6610576923076923 0.3245192307692309 0.6610576923076923
2 0.21394230769230776 0.5913461538461539 0.16346153846153852 0.5913461538461539 0.16346153846153852 0.6658653846153846 0.21394230769230776 0.6658653846153846
4 0.7860576923076923 0.5961538461538463 0.7307692307692307 0.5961538461538463 0.7307692307692307 0.6802884615384616 0.7860576923076923 0.6802884615384616
4 0.4182692307692309 0.5985576923076923 0.3774038461538463 0.5985576923076923 0.3774038461538463 0.6802884615384616 0.4182692307692309 0.6802884615384616
4 0.36538461538461553 0.5985576923076923 0.32211538461538475 0.5985576923076923 0.32211538461538475 0.6875 0.36538461538461553 0.6875
4 0.1177884615384616 0.6081730769230769 0.04567307692307699 0.6081730769230769 0.045673076923077 0.6947115384615384 0.1177884615384616 0.6947115384615384
4 0.8557692307692307 0.6105769230769232 0.7980769230769231 0.6105769230769232 0.7980769230769231 0.6923076923076923 0.8557692307692307 0.6923076923076923
4 0.7331730769230769 0.6153846153846154 0.6802884615384616 0.6153846153846154 0.6802884615384616 0.7091346153846154 0.7331730769230769 0.7091346153846154
4 0.49038461538461553 0.6274038461538461 0.4495192307692309 0.6274038461538461 0.4495192307692309 0.7067307692307693 0.49038461538461553 0.7067307692307693
5 0.2860576923076924 0.6201923076923077 0.23317307692307698 0.6201923076923077 0.23317307692307698 0.7163461538461539 0.2860576923076924 0.7163461538461539
4 0.04567307692307702 0.6442307692307693 7.889551494506987e-17 0.6442307692307693 8.772710243892097e-17 0.7884615384615384 0.045673076923077024 0.7884615384615384
4 0.8389423076923077 0.6730769230769231 0.7740384615384616 0.6730769230769231 0.7740384615384616 0.7620192307692307 0.8389423076923077 0.7620192307692307
4 0.12019230769230778 0.6802884615384616 0.02884615384615393 0.6802884615384616 0.028846153846153934 0.7764423076923077 0.12019230769230779 0.7764423076923077
4 0.4086538461538463 0.6826923076923077 0.35336538461538475 0.6826923076923077 0.35336538461538475 0.78125 0.4086538461538463 0.78125
4 0.32692307692307704 0.6923076923076923 0.2692307692307693 0.6923076923076923 0.2692307692307693 0.7836538461538461 0.32692307692307704 0.7836538461538461
4 0.7043269230769231 0.6995192307692307 0.6370192307692307 0.6995192307692307 0.6370192307692307 0.7980769230769231 0.7043269230769231 0.7980769230769231
4 0.46634615384615397 0.7019230769230769 0.41586538461538475 0.7019230769230769 0.41586538461538475 0.8052884615384616 0.46634615384615397 0.8052884615384616
2 0.23076923076923084 0.6995192307692307 0.1514423076923078 0.6995192307692307 0.1514423076923078 0.8125 0.23076923076923084 0.8125
4 1 0.7764423076923077 0.9350961538461539 0.7764423076923077 0.9350961538461539 0.9038461538461539 1 0.9038461538461539
4 0.45432692307692324 0.7980769230769231 0.3822115384615386 0.7980769230769231 0.3822115384615386 0.9447115384615384 0.45432692307692324 0.9447115384615384
5 0.36057692307692324 0.7884615384615384 0.2788461538461539 0.7884615384615384 0.27884615384615397 0.9615384615384616 0.36057692307692324 0.9615384615384616
4 0.9567307692307693 0.8173076923076923 0.8629807692307693 0.8173076923076923 0.8629807692307693 0.9495192307692307 0.9567307692307693 0.9495192307692307
4 0.23557692307692318 0.8269230769230769 0.13942307692307704 0.8269230769230769 0.13942307692307704 0.9831730769230769 0.2355769230769232 0.9831730769230769
4 0.8774038461538461 0.8509615384615384 0.7764423076923077 0.8509615384615384 0.7764423076923077 0.9855769230769231 0.8774038461538461 0.9855769230769231