2 0.33653846153846156 0.47115384615384615 0.3076923076923077 0.47115384615384615 0.3076923076923077 0.5336538461538461 0.33653846153846156 0.5336538461538461
9 0.4735576923076923 0.4831730769230769 0.44711538461538464 0.4831730769230769 0.44711538461538464 0.5480769230769231 0.4735576923076923 0.5480769230769231
4 0.6850961538461539 0.49759615384615397 0.6586538461538461 0.49759615384615397 0.6586538461538461 0.5384615384615385 0.6850961538461539 0.5384615384615385
4 0.6298076923076923 0.5048076923076924 0.6009615384615384 0.5048076923076924 0.6009615384615384 0.543269230769231 0.6298076923076923 0.543269230769231
4 0.5985576923076923 0.512019230769231 0.5745192307692307 0.512019230769231 0.5745192307692307 0.5528846153846155 0.5985576923076923 0.5528846153846155
4 0.3125 0.5144230769230769 0.2836538461538462 0.5144230769230769 0.2836538461538462 0.5576923076923077 0.3125 0.5576923076923077
4 0.6682692307692307 0.5240384615384617 0.6394230769230769 0.5240384615384617 0.6394230769230769 0.5528846153846155 0.6682692307692307 0.5528846153846155
4 0.7115384615384616 0.5216346153846155 0.6802884615384616 0.5216346153846155 0.6802884615384616 0.5673076923076924 0.7115384615384616 0.5673076923076924
2 0.42307692307692313 0.5192307692307693 0.39663461538461536 0.5192307692307693 0.3966346153846155 0.5721153846153846 0.42307692307692324 0.5721153846153846
4 0.45432692307692313 0.5240384615384616 0.4326923076923077 0.5240384615384616 0.43269230769230776 0.5697115384615384 0.45432692307692324 0.5697115384615384
4 0.5024038461538463 0.5192307692307693 0.4735576923076923 0.5192307692307693 0.4735576923076924 0.5793269230769231 0.5024038461538463 0.5793269230769231
4 0.6490384615384616 0.5360576923076924 0.6225961538461539 0.5360576923076924 0.6225961538461539 0.5817307692307694 0.6490384615384616 0.5817307692307694
4 0.576923076923077 0.5384615384615385 0.5336538461538461 0.5384615384615384 0.5336538461538463 0.5937500000000001 0.5769230769230771 0.5937500000000001
4 0.27644230769230776 0.5456730769230769 0.24278846153846162 0.5456730769230769 0.24278846153846162 0.5865384615384616 0.27644230769230776 0.5865384615384616
4 0.6899038461538461 0.543269230769231 0.6586538461538461 0.543269230769231 0.6586538461538461 0.5961538461538463 0.6899038461538461 0.5961538461538463
4 0.21394230769230776 0.5456730769230769 0.17067307692307698 0.5456730769230769 0.17067307692307698 0.6033653846153846 0.21394230769230776 0.6033653846153846
4 0.4591346153846155 0.5576923076923077 0.4254807692307692 0.5576923076923077 0.4254807692307693 0.6009615384615384 0.45913461538461553 0.6009615384615384
4 0.7475961538461539 0.5480769230769232 0.7067307692307693 0.5480769230769232 0.7067307692307693 0.6153846153846154 0.7475961538461539 0.6153846153846154
4 0.4086538461538462 0.5504807692307693 0.3701923076923077 0.5504807692307693 0.37019230769230776 0.6153846153846154 0.4086538461538463 0.6153846153846154
2 0.6201923076923077 0.5625000000000001 0.5817307692307694 0.5625000000000001 0.5817307692307694 0.6225961538461539 0.6201923076923077 0.6225961538461539
4 0.6658653846153846 0.5793269230769232 0.6322115384615384 0.5793269230769232 0.6322115384615384 0.6274038461538461 0.6658653846153846 0.6274038461538461
4 0.24278846153846162 0.5721153846153846 0.19951923076923084 0.5721153846153846 0.19951923076923084 0.6370192307692307 0.24278846153846162 0.6370192307692307
4 0.3461538461538463 0.5721153846153846 0.3004807692307693 0.5721153846153846 0.3004807692307693 0.6418269230769231 0.3461538461538463 0.6418269230769231
5 0.18028846153846162 0.5745192307692307 0.1129807692307693 0.5745192307692307 0.1129807692307693 0.6442307692307693 0.18028846153846162 0.6442307692307693
4 0.43509615384615397 0.5769230769230769 0.3990384615384617 0.5769230769230769 0.3990384615384617 0.6490384615384616 0.43509615384615397 0.6490384615384616
4 0.4879807692307694 0.5793269230769231 0.45192307692307704 0.5793269230769231 0.45192307692307704 0.6514423076923077 0.4879807692307694 0.6514423076923077
4 0.7163461538461539 0.5937500000000001 0.6778846153846154 0.5937500000000001 0.6778846153846154 0.6442307692307693 0.7163461538461539 0.6442307692307693
4 0.7788461538461539 0.5985576923076924 0.7283653846153846 0.5985576923076924 0.7283653846153846 0.6586538461538461 0.7788461538461539 0.6586538461538461
4 0.37980769230769246 0.59375 0.34134615384615397 0.59375 0.34134615384615397 0.6682692307692307 0.37980769230769246 0.6682692307692307
5 0.5841346153846155 0.6009615384615385 0.528846153846154 0.6009615384615384 0.528846153846154 0.6850961538461539 0.5841346153846155 0.6850961538461539
4 0.19471153846153852 0.6201923076923077 0.13701923076923084 0.6201923076923077 0.13701923076923084 0.6826923076923077 0.19471153846153852 0.6826923076923077
4 0.6322115384615384 0.6225961538461539 0.5985576923076924 0.6225961538461539 0.5985576923076924 0.6850961538461539 0.6322115384615384 0.6850961538461539
4 0.12259615384615391 0.6201923076923077 0.04807692307692314 0.6201923076923077 0.048076923076923156 0.6923076923076923 0.12259615384615391 0.6923076923076923
4 0.41586538461538475 0.625 0.37980769230769246 0.625 0.37980769230769246 0.6947115384615384 0.41586538461538475 0.6947115384615384
4 0.29326923076923084 0.625 0.24519230769230776 0.625 0.24519230769230776 0.6995192307692307 0.29326923076923084 0.6995192307692307
4 0.045673076923077 0.6153846153846154 7.536287994752943e-17 0.6153846153846154 8.183937744302025e-17 0.7211538461538461 0.04567307692307701 0.7211538461538461
4 0.4807692307692309 0.6514423076923077 0.44230769230769246 0.6514423076923077 0.44230769230769246 0.7379807692307693 0.4807692307692309 0.7379807692307693
4 0.8293269230769231 0.6586538461538461 0.7764423076923077 0.6586538461538461 0.7764423076923077 0.7331730769230769 0.8293269230769231 0.7331730769230769
2 0.34134615384615397 0.6394230769230769 0.2836538461538462 0.6394230769230769 0.2836538461538462 0.7692307692307693 0.34134615384615397 0.7692307692307693
2 0.7956730769230769 0.6610576923076923 0.7259615384615384 0.6610576923076923 0.7259615384615384 0.7692307692307693 0.7956730769230769 0.7692307692307693
2 0.13221153846153855 0.6634615384615384 0.05288461538461547 0.6634615384615384 0.05288461538461548 0.7716346153846154 0.13221153846153857 0.7716346153846154
4 0.2740384615384616 0.6706730769230769 0.21153846153846162 0.6706730769230769 0.21153846153846162 0.7668269230769231 0.2740384615384616 0.7668269230769231
4 0.6658653846153846 0.6899038461538461 0.6033653846153848 0.6899038461538461 0.6033653846153848 0.7644230769230769 0.6658653846153846 0.7644230769230769
1 0.4182692307692309 0.6995192307692307 0.3942307692307694 0.6995192307692307 0.3942307692307694 0.7692307692307693 0.4182692307692309 0.7692307692307693
2 0.38942307692307704 0.6706730769230769 0.3317307692307694 0.6706730769230769 0.3317307692307694 0.8100961538461539 0.38942307692307704 0.8100961538461539
4 0.75 0.7355769230769231 0.6802884615384616 0.7355769230769231 0.6802884615384616 0.8461538461538461 0.75 0.8461538461538461
5 0.20673076923076933 0.7427884615384616 0.1250000000000001 0.7427884615384616 0.1250000000000001 0.8701923076923077 0.20673076923076936 0.8701923076923077
5 0.28365384615384626 0.7572115384615384 0.20913461538461545 0.7572115384615384 0.20913461538461547 0.8846153846153846 0.2836538461538463 0.8846153846153846
4 0.6826923076923077 0.7908653846153846 0.6153846153846154 0.7908653846153846 0.6153846153846154 0.9110576923076923 0.6826923076923077 0.9110576923076923
4 0.44711538461538475 0.7884615384615384 0.38942307692307704 0.7884615384615384 0.38942307692307704 0.9158653846153846 0.44711538461538475 0.9158653846153846
4 0.8798076923076923 0.7980769230769231 0.7932692307692307 0.7980769230769231 0.7932692307692307 0.9158653846153846 0.8798076923076923 0.9158653846153846
4 0.13461538461538475 0.8365384615384616 0.01682692307692318 0.8365384615384616 0.016826923076923187 0.9831730769230769 0.13461538461538475 0.9831730769230769
4 0.3317307692307694 0.8533653846153846 0.247596153846154 0.8533653846153846 0.247596153846154 1 0.3317307692307694 1
4 0.8653846153846154 0.9254807692307693 0.7644230769230769 0.9254807692307693 0.7644230769230769 1 0.8653846153846154 1