2 0.34375 0.4254807692307692 0.3173076923076923 0.4254807692307692 0.3173076923076923 0.4831730769230769 0.34375 0.4831730769230769
2 0.5096153846153846 0.43990384615384615 0.47596153846153844 0.43990384615384615 0.47596153846153844 0.49278846153846156 0.5096153846153846 0.49278846153846156
4 0.1754807692307693 0.4495192307692308 0.13701923076923084 0.4495192307692308 0.13701923076923084 0.4879807692307692 0.1754807692307693 0.4879807692307692
5 0.37259615384615385 0.4639423076923077 0.3389423076923077 0.4639423076923077 0.3389423076923077 0.5072115384615384 0.37259615384615385 0.5072115384615384
4 0.5456730769230769 0.4639423076923077 0.5168269230769231 0.4639423076923077 0.5168269230769231 0.5120192307692307 0.5456730769230769 0.5120192307692307
1 0.75 0.4807692307692309 0.7379807692307693 0.4807692307692309 0.7379807692307693 0.5264423076923078 0.75 0.5264423076923078
2 0.6081730769230769 0.4951923076923078 0.5721153846153846 0.4951923076923078 0.5721153846153846 0.5456730769230771 0.6081730769230769 0.5456730769230771
4 0.6442307692307693 0.49038461538461553 0.6105769230769231 0.49038461538461553 0.6105769230769231 0.5576923076923078 0.6442307692307693 0.5576923076923078
1 0.8125 0.5000000000000001 0.8004807692307693 0.5000000000000001 0.8004807692307693 0.5528846153846155 0.8125 0.5528846153846155
4 0.528846153846154 0.5072115384615384 0.5024038461538461 0.5072115384615384 0.5024038461538463 0.5625 0.528846153846154 0.5625
5 0.27644230769230776 0.5120192307692307 0.21394230769230776 0.5120192307692307 0.21394230769230776 0.5697115384615384 0.27644230769230776 0.5697115384615384
1 0.8461538461538461 0.5264423076923078 0.8317307692307693 0.5264423076923078 0.8317307692307693 0.5769230769230771 0.8461538461538461 0.5769230769230771
4 0.4663461538461539 0.5264423076923077 0.4254807692307692 0.5264423076923077 0.4254807692307693 0.5865384615384616 0.46634615384615397 0.5865384615384616
5 0.09375000000000007 0.5264423076923077 0.03365384615384622 0.5264423076923077 0.03365384615384622 0.5841346153846154 0.09375000000000007 0.5841346153846154
2 0.5985576923076924 0.5480769230769231 0.5552884615384616 0.5480769230769231 0.5552884615384616 0.6225961538461539 0.5985576923076924 0.6225961538461539
4 0.5216346153846155 0.5649038461538461 0.4807692307692309 0.5649038461538461 0.4807692307692309 0.6322115384615384 0.5216346153846155 0.6322115384615384
9 0.78125 0.5841346153846155 0.7355769230769231 0.5841346153846155 0.7355769230769231 0.6778846153846154 0.78125 0.6778846153846154
1 0.8605769230769231 0.605769230769231 0.8389423076923077 0.605769230769231 0.8389423076923077 0.6778846153846154 0.8605769230769231 0.6778846153846154
4 0.41586538461538475 0.6153846153846154 0.36538461538461553 0.6153846153846154 0.36538461538461553 0.6971153846153846 0.41586538461538475 0.6971153846153846
5 0.5817307692307694 0.6322115384615384 0.5336538461538463 0.6322115384615384 0.5336538461538463 0.7211538461538461 0.5817307692307694 0.7211538461538461
4 0.16105769230769237 0.6610576923076923 0.06971153846153855 0.6610576923076923 0.06971153846153855 0.7524038461538461 0.16105769230769237 0.7524038461538461
5 1 0.6610576923076923 0.9302884615384616 0.6610576923076923 0.9302884615384616 0.7764423076923077 1 0.7764423076923077
1 0.42067307692307704 0.6826923076923077 0.40384615384615397 0.6826923076923077 0.40384615384615397 0.7620192307692307 0.42067307692307704 0.7620192307692307
2 0.4951923076923078 0.6490384615384616 0.42307692307692324 0.6490384615384616 0.42307692307692324 0.8341346153846154 0.4951923076923078 0.8341346153846154
4 0.9134615384615384 0.6875 0.8461538461538461 0.6875 0.8461538461538461 0.8028846153846154 0.9134615384615384 0.8028846153846154
2 0.591346153846154 0.8413461538461539 0.5096153846153848 0.8413461538461539 0.5096153846153848 1 0.591346153846154 1