4 0.43990384615384615 0.37259615384615385 0.4206730769230769 0.37259615384615385 0.4206730769230769 0.3918269230769231 0.43990384615384615 0.3918269230769231
4 0.4326923076923077 0.40625 0.4110576923076923 0.40625 0.4110576923076923 0.43509615384615385 0.4326923076923077 0.43509615384615385
2 0.5216346153846154 0.40625 0.5024038461538461 0.40625 0.5024038461538461 0.44711538461538464 0.5216346153846154 0.44711538461538464
2 0.3918269230769231 0.40865384615384615 0.3605769230769231 0.40865384615384615 0.3605769230769231 0.4519230769230769 0.3918269230769231 0.4519230769230769
4 0.78125 0.41586538461538475 0.7596153846153846 0.41586538461538475 0.7596153846153846 0.45192307692307704 0.78125 0.45192307692307704
9 0.7139423076923077 0.4326923076923078 0.6899038461538461 0.4326923076923078 0.6899038461538461 0.48317307692307704 0.7139423076923077 0.48317307692307704
4 0.6322115384615384 0.4375000000000001 0.6081730769230769 0.4375000000000001 0.6081730769230769 0.4807692307692309 0.6322115384615384 0.4807692307692309
4 0.5504807692307693 0.4423076923076923 0.5240384615384616 0.4423076923076923 0.5240384615384616 0.47596153846153844 0.5504807692307693 0.47596153846153844
4 0.5 0.44711538461538464 0.47115384615384615 0.44711538461538464 0.47115384615384615 0.4879807692307692 0.5 0.4879807692307692
4 0.19230769230769237 0.4567307692307692 0.1538461538461539 0.4567307692307692 0.1538461538461539 0.5024038461538461 0.19230769230769237 0.5024038461538461
1 0.5120192307692307 0.45913461538461536 0.5024038461538461 0.45913461538461536 0.5024038461538461 0.5024038461538461 0.5120192307692307 0.5024038461538461
1 0.8197115384615384 0.46634615384615397 0.8076923076923077 0.46634615384615397 0.8076923076923077 0.5168269230769232 0.8197115384615384 0.5168269230769232
4 0.5432692307692307 0.4735576923076923 0.5144230769230769 0.4735576923076923 0.5144230769230769 0.5144230769230769 0.5432692307692307 0.5144230769230769
1 0.8004807692307693 0.47836538461538475 0.7908653846153846 0.47836538461538475 0.7908653846153846 0.5264423076923078 0.8004807692307693 0.5264423076923078
1 0.7860576923076923 0.47836538461538475 0.7740384615384616 0.47836538461538475 0.7740384615384616 0.5360576923076924 0.7860576923076923 0.5360576923076924
4 0.4807692307692308 0.4855769230769231 0.4543269230769231 0.4855769230769231 0.4543269230769231 0.53125 0.4807692307692308 0.53125
5 0.3004807692307693 0.4807692307692308 0.2596153846153847 0.4807692307692308 0.2596153846153847 0.5384615384615384 0.3004807692307693 0.5384615384615384
4 0.076923076923077 0.49278846153846156 0.03605769230769237 0.49278846153846156 0.036057692307692374 0.5432692307692307 0.076923076923077 0.5432692307692307
4 0.7740384615384616 0.49759615384615397 0.7355769230769231 0.49759615384615397 0.7355769230769231 0.5576923076923078 0.7740384615384616 0.5576923076923078
2 0.12980769230769237 0.5048076923076923 0.076923076923077 0.5048076923076923 0.076923076923077 0.5552884615384616 0.12980769230769237 0.5552884615384616
4 0.5865384615384616 0.5384615384615385 0.5552884615384616 0.5384615384615384 0.5552884615384616 0.6033653846153847 0.5865384615384617 0.6033653846153848
4 0.1754807692307693 0.5480769230769231 0.1129807692307693 0.5480769230769231 0.1129807692307693 0.6129807692307693 0.1754807692307693 0.6129807692307693
2 0.5216346153846154 0.5408653846153846 0.47596153846153844 0.5408653846153846 0.47596153846153855 0.6682692307692307 0.5216346153846155 0.6682692307692307
1 0.9543269230769231 0.5889423076923078 0.9254807692307693 0.5889423076923078 0.9254807692307693 0.6346153846153846 0.9543269230769231 0.6346153846153846
4 0.8293269230769231 0.591346153846154 0.7692307692307693 0.591346153846154 0.7692307692307693 0.6778846153846154 0.8293269230769231 0.6778846153846154
9 0.6778846153846154 0.5721153846153848 0.6153846153846154 0.5721153846153848 0.6153846153846154 0.7139423076923077 0.6778846153846154 0.7139423076923077
4 0.4134615384615386 0.6418269230769231 0.35336538461538475 0.6418269230769231 0.35336538461538475 0.7451923076923077 0.4134615384615386 0.7451923076923077
2 0.6009615384615385 0.6394230769230769 0.5408653846153848 0.6394230769230769 0.5408653846153848 0.7860576923076923 0.6009615384615385 0.7860576923076923
5 1 0.6634615384615384 0.9326923076923077 0.6634615384615384 0.9326923076923077 0.7716346153846154 1 0.7716346153846154
2 0.4759615384615386 0.7307692307692307 0.4062500000000001 0.7307692307692307 0.4062500000000001 0.8942307692307693 0.4759615384615386 0.8942307692307693
4 0.9423076923076923 0.7860576923076923 0.8533653846153846 0.7860576923076923 0.8533653846153846 0.9230769230769231 0.9423076923076923 0.9230769230769231
4 0.5769230769230771 0.8293269230769231 0.5024038461538463 0.8293269230769231 0.5024038461538463 0.9903846153846154 0.5769230769230771 0.9903846153846154