8 0.49038461538461536 0.3557692307692308 0.4326923076923077 0.3557692307692308 0.4326923076923077 0.47596153846153844 0.49038461538461536 0.47596153846153844
8 0.6081730769230769 0.37500000000000006 0.5168269230769231 0.375 0.5168269230769231 0.4903846153846155 0.6081730769230769 0.49038461538461553
2 0.9879807692307693 0.4375000000000001 0.9399038461538461 0.4375000000000001 0.9399038461538461 0.49759615384615397 0.9879807692307693 0.49759615384615397
5 0.5480769230769231 0.46875 0.5024038461538461 0.46875 0.5024038461538461 0.5384615384615384 0.5480769230769231 0.5384615384615384
2 0.7860576923076923 0.543269230769231 0.7235576923076923 0.543269230769231 0.7235576923076923 0.6346153846153846 0.7860576923076923 0.6346153846153846
2 0.31730769230769246 0.6081730769230769 0.2548076923076924 0.6081730769230769 0.2548076923076924 0.7067307692307693 0.31730769230769246 0.7067307692307693
2 0.4807692307692309 0.6370192307692307 0.41105769230769246 0.6370192307692307 0.41105769230769246 0.7211538461538461 0.4807692307692309 0.7211538461538461
5 0.8461538461538461 0.6490384615384616 0.7596153846153846 0.6490384615384616 0.7596153846153846 0.7716346153846154 0.8461538461538461 0.7716346153846154
5 0.4807692307692309 0.7259615384615384 0.3942307692307694 0.7259615384615384 0.3942307692307694 0.8509615384615384 0.4807692307692309 0.8509615384615384
9 0.30048076923076933 0.7211538461538461 0.19471153846153852 0.7211538461538461 0.19471153846153857 0.9086538461538461 0.3004807692307694 0.9086538461538461
2 0.6274038461538461 0.8173076923076923 0.5192307692307694 0.8173076923076923 0.5192307692307694 0.9711538461538461 0.6274038461538461 0.9711538461538461