4 0.7860576923076923 0.41586538461538475 0.7548076923076923 0.41586538461538475 0.7548076923076923 0.45432692307692324 0.7860576923076923 0.45432692307692324
4 0.7283653846153846 0.42788461538461553 0.7043269230769231 0.42788461538461553 0.7043269230769231 0.4639423076923078 0.7283653846153846 0.4639423076923078
5 0.5144230769230769 0.4230769230769231 0.4855769230769231 0.4230769230769231 0.4855769230769231 0.47115384615384615 0.5144230769230769 0.47115384615384615
2 0.24038461538461545 0.42788461538461536 0.1971153846153847 0.42788461538461536 0.1971153846153847 0.4855769230769231 0.24038461538461545 0.4855769230769231
2 0.8317307692307693 0.4711538461538463 0.7884615384615384 0.4711538461538463 0.7884615384615384 0.5336538461538463 0.8317307692307693 0.5336538461538463
4 0.108173076923077 0.4831730769230769 0.06971153846153852 0.4831730769230769 0.06971153846153852 0.5240384615384616 0.108173076923077 0.5240384615384616
5 0.34134615384615385 0.4831730769230769 0.3004807692307693 0.4831730769230769 0.3004807692307693 0.5384615384615384 0.34134615384615385 0.5384615384615384
5 0.4807692307692308 0.4807692307692308 0.4423076923076923 0.4807692307692308 0.4423076923076923 0.5504807692307693 0.4807692307692308 0.5504807692307693
4 0.28846153846153855 0.4951923076923077 0.2475961538461539 0.4951923076923077 0.2475961538461539 0.5408653846153846 0.28846153846153855 0.5408653846153846
2 0.8774038461538461 0.5048076923076924 0.8389423076923077 0.5048076923076924 0.8389423076923077 0.5697115384615385 0.8774038461538461 0.5697115384615385
4 0.7283653846153846 0.5168269230769232 0.6971153846153846 0.5168269230769232 0.6971153846153846 0.5697115384615385 0.7283653846153846 0.5697115384615385
4 0.5312500000000001 0.5216346153846154 0.49759615384615385 0.5216346153846154 0.4975961538461539 0.5793269230769231 0.5312500000000001 0.5793269230769231
2 0.5961538461538463 0.4951923076923078 0.5600961538461539 0.4951923076923078 0.560096153846154 0.6129807692307694 0.5961538461538463 0.6129807692307694
5 0.8125 0.5408653846153848 0.7644230769230769 0.5408653846153848 0.7644230769230769 0.6274038461538461 0.8125 0.6274038461538461
4 0.4471153846153847 0.5504807692307693 0.4110576923076923 0.5504807692307693 0.4110576923076924 0.6201923076923077 0.44711538461538475 0.6201923076923077
2 0.5168269230769232 0.5721153846153846 0.4711538461538463 0.5721153846153846 0.4711538461538463 0.6514423076923077 0.5168269230769232 0.6514423076923077
2 0.7572115384615384 0.5841346153846155 0.7043269230769231 0.5841346153846155 0.7043269230769231 0.6730769230769231 0.7572115384615384 0.6730769230769231
5 1 0.6610576923076923 0.9326923076923077 0.6610576923076923 0.9326923076923077 0.7716346153846154 1 0.7716346153846154
5 0.9038461538461539 0.6730769230769231 0.8341346153846154 0.6730769230769231 0.8341346153846154 0.8076923076923077 0.9038461538461539 0.8076923076923077
5 0.47836538461538475 0.7596153846153846 0.4014423076923078 0.7596153846153846 0.4014423076923078 0.9110576923076923 0.47836538461538475 0.9110576923076923
2 0.9735576923076923 0.7620192307692307 0.8822115384615384 0.7620192307692307 0.8822115384615384 0.9206730769230769 0.9735576923076923 0.9206730769230769
2 0.8846153846153846 0.8341346153846154 0.7788461538461539 0.8341346153846154 0.7788461538461539 0.9927884615384616 0.8846153846153846 0.9927884615384616
4 0.5769230769230771 0.8677884615384616 0.5096153846153848 0.8677884615384616 0.5096153846153848 0.9975961538461539 0.5769230769230771 0.9975961538461539