4 0.8822115384615384 0.4014423076923078 0.8461538461538461 0.4014423076923078 0.8461538461538461 0.45192307692307704 0.8822115384615384 0.45192307692307704
2 0.34615384615384615 0.4182692307692308 0.3125 0.4182692307692308 0.3125 0.4639423076923077 0.34615384615384615 0.4639423076923077
2 0.41346153846153844 0.43509615384615385 0.37259615384615385 0.43509615384615385 0.37259615384615385 0.49038461538461536 0.41346153846153844 0.49038461538461536
2 0.46153846153846156 0.46634615384615385 0.41346153846153844 0.46634615384615385 0.41346153846153844 0.53125 0.46153846153846156 0.53125
2 0.5552884615384616 0.4855769230769231 0.5048076923076923 0.4855769230769231 0.5048076923076923 0.5480769230769231 0.5552884615384616 0.5480769230769231
2 0.7355769230769231 0.5697115384615385 0.6754807692307693 0.5697115384615385 0.6754807692307693 0.6490384615384616 0.7355769230769231 0.6490384615384616
8 0.9567307692307693 0.5000000000000001 0.7860576923076923 0.5000000000000001 0.7860576923076923 0.7620192307692307 0.9567307692307693 0.7620192307692307
4 0.46634615384615397 0.6514423076923077 0.4014423076923078 0.6514423076923077 0.4014423076923078 0.7331730769230769 0.46634615384615397 0.7331730769230769
5 0.3677884615384617 0.65625 0.3052884615384616 0.65625 0.3052884615384616 0.7403846153846154 0.3677884615384617 0.7403846153846154
4 0.3149038461538463 0.7067307692307693 0.26201923076923084 0.7067307692307693 0.26201923076923084 0.7908653846153846 0.3149038461538463 0.7908653846153846
8 0.27884615384615397 0.6634615384615384 0.15625000000000006 0.6634615384615384 0.1562500000000001 0.9086538461538461 0.27884615384615397 0.9086538461538461
2 0.7019230769230769 0.7572115384615384 0.6009615384615385 0.7572115384615384 0.6009615384615385 0.8846153846153846 0.7019230769230769 0.8846153846153846
4 0.5673076923076924 0.7980769230769231 0.47836538461538475 0.7980769230769231 0.47836538461538475 0.9086538461538461 0.5673076923076924 0.9086538461538461
2 0.75 0.8942307692307693 0.6322115384615384 0.8942307692307693 0.6322115384615384 1 0.75 1