2 0.5673076923076923 0.358173076923077 0.5480769230769231 0.3581730769230769 0.5480769230769231 0.40144230769230776 0.5673076923076923 0.4014423076923078
2 0.5600961538461539 0.3798076923076924 0.5360576923076923 0.3798076923076923 0.5360576923076923 0.4423076923076924 0.5600961538461539 0.44230769230769246
5 0.5216346153846154 0.39903846153846156 0.49759615384615385 0.39903846153846156 0.49759615384615385 0.4375 0.5216346153846154 0.4375
8 0.6009615384615384 0.3629807692307694 0.5649038461538461 0.3629807692307694 0.5649038461538461 0.4879807692307694 0.6009615384615384 0.4879807692307694
2 0.4254807692307692 0.40625 0.3918269230769231 0.40625 0.3918269230769231 0.4567307692307692 0.4254807692307692 0.4567307692307692
4 0.7043269230769231 0.42307692307692324 0.6706730769230769 0.42307692307692324 0.6706730769230769 0.4759615384615386 0.7043269230769231 0.4759615384615386
2 0.5528846153846154 0.43028846153846156 0.5264423076923077 0.43028846153846156 0.5264423076923077 0.47115384615384615 0.5528846153846154 0.47115384615384615
2 0.5120192307692307 0.42788461538461536 0.4831730769230769 0.42788461538461536 0.4831730769230769 0.4735576923076923 0.5120192307692307 0.4735576923076923
4 0.3605769230769231 0.43509615384615385 0.3293269230769231 0.43509615384615385 0.3293269230769231 0.4735576923076923 0.3605769230769231 0.4735576923076923
4 0.5432692307692307 0.4567307692307692 0.5072115384615384 0.4567307692307692 0.5072115384615384 0.5120192307692307 0.5432692307692307 0.5120192307692307
4 0.6394230769230769 0.4495192307692309 0.6033653846153846 0.4495192307692309 0.6033653846153846 0.5192307692307694 0.6394230769230769 0.5192307692307694
5 0.13942307692307698 0.46634615384615385 0.10336538461538468 0.46634615384615385 0.10336538461538468 0.5120192307692307 0.13942307692307698 0.5120192307692307
4 0.2716346153846155 0.47115384615384615 0.22596153846153852 0.47115384615384615 0.22596153846153852 0.5288461538461539 0.2716346153846155 0.5288461538461539
4 0.48557692307692313 0.4807692307692308 0.4423076923076923 0.4807692307692308 0.4423076923076924 0.5625 0.48557692307692324 0.5625
4 0.3317307692307693 0.4951923076923077 0.2836538461538462 0.4951923076923077 0.2836538461538462 0.5625 0.3317307692307694 0.5625
4 0.5384615384615385 0.5216346153846154 0.49759615384615385 0.5216346153846154 0.4975961538461539 0.5913461538461539 0.5384615384615385 0.5913461538461539
4 0.07451923076923084 0.5432692307692307 0.016826923076923146 0.5432692307692307 0.01682692307692315 0.6009615384615384 0.07451923076923084 0.6009615384615384
4 0.19471153846153852 0.5697115384615384 0.12740384615384623 0.5697115384615384 0.12740384615384623 0.6442307692307693 0.19471153846153852 0.6442307692307693
4 0.5168269230769232 0.5817307692307693 0.4639423076923078 0.5817307692307693 0.4639423076923078 0.6826923076923077 0.5168269230769232 0.6826923076923077
4 0.6081730769230771 0.5889423076923077 0.5528846153846155 0.5889423076923077 0.5528846153846155 0.6947115384615384 0.6081730769230771 0.6947115384615384
2 0.4254807692307694 0.6129807692307693 0.35336538461538475 0.6129807692307693 0.35336538461538475 0.7403846153846154 0.4254807692307694 0.7403846153846154
5 0.17067307692307698 0.6322115384615384 0.076923076923077 0.6322115384615384 0.07692307692307701 0.7548076923076923 0.17067307692307698 0.7548076923076923
5 1 0.6634615384615384 0.9278846153846154 0.6634615384615384 0.9278846153846154 0.7716346153846154 1 0.7716346153846154
2 0.6754807692307693 0.6875 0.5865384615384617 0.6875 0.5865384615384617 0.8557692307692307 0.6754807692307693 0.8557692307692307
4 0.48317307692307704 0.7091346153846154 0.41105769230769246 0.7091346153846154 0.41105769230769246 0.8533653846153846 0.48317307692307704 0.8533653846153846
2 0.9375 0.71875 0.84375 0.71875 0.84375 0.9038461538461539 0.9375 0.9038461538461539