4 0.37259615384615385 0.42788461538461536 0.34134615384615385 0.42788461538461536 0.34134615384615385 0.45913461538461536 0.37259615384615385 0.45913461538461536
4 0.5913461538461539 0.43509615384615397 0.5697115384615384 0.43509615384615397 0.5697115384615384 0.47836538461538475 0.5913461538461539 0.47836538461538475
2 0.22115384615384623 0.46153846153846156 0.18028846153846162 0.46153846153846156 0.18028846153846162 0.5072115384615384 0.22115384615384623 0.5072115384615384
4 0.3701923076923077 0.45913461538461536 0.33653846153846156 0.45913461538461536 0.33653846153846156 0.5096153846153846 0.3701923076923077 0.5096153846153846
4 0.49278846153846156 0.46875 0.4639423076923077 0.46875 0.4639423076923077 0.5168269230769231 0.49278846153846156 0.5168269230769231
2 0.8293269230769231 0.47355769230769246 0.7932692307692307 0.47355769230769246 0.7932692307692307 0.5168269230769232 0.8293269230769231 0.5168269230769232
2 0.5456730769230769 0.4543269230769231 0.5120192307692307 0.4543269230769231 0.5120192307692307 0.5456730769230769 0.5456730769230769 0.5456730769230769
2 0.8798076923076923 0.49759615384615397 0.8365384615384616 0.49759615384615397 0.8365384615384616 0.5625000000000001 0.8798076923076923 0.5625000000000001
2 0.5745192307692308 0.5264423076923077 0.5360576923076923 0.5264423076923077 0.5360576923076924 0.6105769230769231 0.574519230769231 0.6105769230769232
2 0.7524038461538461 0.5552884615384617 0.7043269230769231 0.5552884615384617 0.7043269230769231 0.6394230769230769 0.7524038461538461 0.6394230769230769
5 0.5120192307692308 0.5552884615384616 0.4519230769230769 0.5552884615384616 0.451923076923077 0.6418269230769231 0.512019230769231 0.6418269230769231
0 0.8605769230769231 0.5096153846153848 0.7644230769230769 0.5096153846153848 0.7644230769230769 0.6971153846153846 0.8605769230769231 0.6971153846153846
5 0.15144230769230776 0.5985576923076923 0.07211538461538468 0.5985576923076923 0.07211538461538469 0.6778846153846154 0.15144230769230776 0.6778846153846154
5 0.7884615384615384 0.6466346153846154 0.7331730769230769 0.6466346153846154 0.7331730769230769 0.7548076923076923 0.7884615384615384 0.7548076923076923
5 0.574519230769231 0.6466346153846154 0.5240384615384617 0.6466346153846154 0.5240384615384617 0.7692307692307693 0.574519230769231 0.7692307692307693
2 0.6634615384615384 0.6298076923076923 0.6129807692307694 0.6298076923076923 0.6129807692307694 0.7932692307692307 0.6634615384615384 0.7932692307692307
2 0.48557692307692324 0.6538461538461539 0.4134615384615386 0.6538461538461539 0.4134615384615386 0.8798076923076923 0.48557692307692324 0.8798076923076923
9 0.9879807692307693 0.6778846153846154 0.8798076923076923 0.6778846153846154 0.8798076923076923 0.8605769230769231 0.9879807692307693 0.8605769230769231
4 0.3750000000000001 0.7163461538461539 0.3052884615384616 0.7163461538461539 0.3052884615384616 0.8293269230769231 0.3750000000000001 0.8293269230769231
2 0.591346153846154 0.8509615384615384 0.5240384615384617 0.8509615384615384 0.5240384615384617 0.9975961538461539 0.591346153846154 0.9975961538461539