5 0.40865384615384615 0.43028846153846156 0.37259615384615385 0.43028846153846156 0.37259615384615385 0.46875 0.40865384615384615 0.46875
2 0.35336538461538464 0.4206730769230769 0.3173076923076923 0.4206730769230769 0.3173076923076923 0.4807692307692308 0.35336538461538464 0.4807692307692308
2 0.5432692307692307 0.4519230769230769 0.5168269230769231 0.4519230769230769 0.5168269230769231 0.4951923076923077 0.5432692307692307 0.4951923076923077
4 0.3076923076923077 0.46875 0.2716346153846155 0.46875 0.2716346153846155 0.5144230769230769 0.3076923076923077 0.5144230769230769
4 0.5889423076923077 0.4735576923076924 0.5576923076923077 0.4735576923076923 0.5576923076923077 0.5216346153846154 0.5889423076923077 0.5216346153846155
2 0.8293269230769231 0.4711538461538463 0.7932692307692307 0.4711538461538463 0.7932692307692307 0.5336538461538463 0.8293269230769231 0.5336538461538463
2 0.5432692307692307 0.49278846153846156 0.5048076923076923 0.49278846153846156 0.5048076923076923 0.5528846153846154 0.5432692307692307 0.5528846153846154
2 0.8798076923076923 0.5024038461538463 0.8365384615384616 0.5024038461538463 0.8365384615384616 0.5673076923076924 0.8798076923076923 0.5673076923076924
2 0.2716346153846155 0.5120192307692307 0.21875000000000006 0.5120192307692307 0.21875000000000006 0.5745192307692307 0.2716346153846155 0.5745192307692307
4 0.7884615384615384 0.528846153846154 0.7524038461538461 0.528846153846154 0.7524038461538461 0.605769230769231 0.7884615384615384 0.605769230769231
4 0.591346153846154 0.5336538461538463 0.5504807692307693 0.5336538461538461 0.5504807692307693 0.6057692307692308 0.591346153846154 0.605769230769231
8 0.1442307692307693 0.46634615384615385 0.007211538461538519 0.46634615384615385 0.007211538461538533 0.6899038461538461 0.1442307692307693 0.6899038461538461
2 0.5336538461538463 0.5432692307692307 0.4879807692307692 0.5432692307692307 0.4879807692307693 0.6201923076923077 0.5336538461538463 0.6201923076923077
5 0.45432692307692313 0.5504807692307693 0.40865384615384615 0.5504807692307693 0.4086538461538462 0.6201923076923077 0.45432692307692324 0.6201923076923077
5 0.8509615384615384 0.5961538461538463 0.7956730769230769 0.5961538461538463 0.7956730769230769 0.6971153846153846 0.8509615384615384 0.6971153846153846
2 0.6370192307692307 0.6177884615384616 0.5817307692307694 0.6177884615384616 0.5817307692307694 0.7211538461538461 0.6370192307692307 0.7211538461538461
5 1 0.6586538461538461 0.9326923076923077 0.6586538461538461 0.9326923076923077 0.7692307692307693 1 0.7692307692307693
4 0.4759615384615386 0.6850961538461539 0.3990384615384617 0.6850961538461539 0.3990384615384617 0.7980769230769231 0.4759615384615386 0.7980769230769231
5 0.9110576923076923 0.6850961538461539 0.8365384615384616 0.6850961538461539 0.8365384615384616 0.8028846153846154 0.9110576923076923 0.8028846153846154
5 0.3437500000000001 0.7596153846153846 0.25000000000000006 0.7596153846153846 0.2500000000000001 0.9254807692307693 0.3437500000000001 0.9254807692307693
2 0.9735576923076923 0.7836538461538461 0.8870192307692307 0.7836538461538461 0.8870192307692307 0.9399038461538461 0.9735576923076923 0.9399038461538461
2 0.44711538461538475 0.8581730769230769 0.34855769230769246 0.8581730769230769 0.34855769230769246 0.9951923076923077 0.44711538461538475 0.9951923076923077