2 0.42788461538461536 0.39903846153846156 0.40384615384615385 0.39903846153846156 0.40384615384615385 0.43028846153846156 0.42788461538461536 0.43028846153846156
2 0.5528846153846154 0.4206730769230769 0.5264423076923077 0.4206730769230769 0.5264423076923077 0.4855769230769231 0.5528846153846154 0.4855769230769231
2 0.3581730769230769 0.4326923076923077 0.3293269230769231 0.4326923076923077 0.3293269230769231 0.47596153846153844 0.3581730769230769 0.47596153846153844
5 0.3125 0.43990384615384615 0.2788461538461539 0.43990384615384615 0.2788461538461539 0.4855769230769231 0.3125 0.4855769230769231
4 0.38221153846153844 0.44711538461538464 0.35096153846153844 0.44711538461538464 0.35096153846153844 0.49278846153846156 0.38221153846153844 0.49278846153846156
5 0.5913461538461539 0.44711538461538475 0.5673076923076923 0.44711538461538475 0.5673076923076923 0.5024038461538463 0.5913461538461539 0.5024038461538463
0 0.7740384615384616 0.4254807692307694 0.7211538461538461 0.4254807692307694 0.7211538461538461 0.528846153846154 0.7740384615384616 0.528846153846154
2 0.8293269230769231 0.47355769230769246 0.7932692307692307 0.47355769230769246 0.7932692307692307 0.5312500000000001 0.8293269230769231 0.5312500000000001
5 0.7139423076923077 0.48317307692307704 0.6826923076923077 0.48317307692307704 0.6826923076923077 0.5480769230769232 0.7139423076923077 0.5480769230769232
2 0.6466346153846154 0.48557692307692324 0.6033653846153846 0.48557692307692324 0.6033653846153847 0.5889423076923078 0.6466346153846154 0.5889423076923078
2 0.8774038461538461 0.512019230769231 0.8413461538461539 0.512019230769231 0.8413461538461539 0.5649038461538463 0.8774038461538461 0.5649038461538463
4 0.2524038461538462 0.5168269230769231 0.2067307692307693 0.5168269230769231 0.2067307692307693 0.5721153846153846 0.2524038461538462 0.5721153846153846
5 0.5841346153846154 0.5312500000000001 0.5456730769230769 0.53125 0.545673076923077 0.5793269230769231 0.5841346153846155 0.5793269230769232
4 0.4591346153846155 0.5264423076923077 0.4230769230769231 0.5264423076923077 0.42307692307692313 0.59375 0.45913461538461553 0.59375
9 0.7956730769230769 0.512019230769231 0.7427884615384616 0.512019230769231 0.7427884615384616 0.6129807692307694 0.7956730769230769 0.6129807692307694
2 0.5192307692307693 0.5192307692307693 0.47836538461538464 0.5192307692307693 0.4783653846153847 0.6418269230769231 0.5192307692307694 0.6418269230769231
4 0.2548076923076924 0.5841346153846154 0.18990384615384623 0.5841346153846154 0.18990384615384623 0.6394230769230769 0.2548076923076924 0.6394230769230769
1 0.8581730769230769 0.6081730769230771 0.8413461538461539 0.6081730769230771 0.8413461538461539 0.6706730769230769 0.8581730769230769 0.6706730769230769
5 1 0.6586538461538461 0.9302884615384616 0.6586538461538461 0.9302884615384616 0.7764423076923077 1 0.7764423076923077
4 0.38461538461538475 0.6875 0.32211538461538475 0.6875 0.32211538461538475 0.7884615384615384 0.38461538461538475 0.7884615384615384
8 0.6157229399038461 0.9939880408653848 0.6110770935524978 0.5762303866138492 0.4909570035704235 0.5775662316332939 0.49560284992177167 0.9953238858848295
2 0.4687500000000001 0.7451923076923077 0.39182692307692324 0.7451923076923077 0.39182692307692324 0.9206730769230769 0.4687500000000001 0.9206730769230769