5 0.44711538461538464 0.3798076923076923 0.43028846153846156 0.3798076923076923 0.43028846153846156 0.40865384615384615 0.44711538461538464 0.40865384615384615
9 0.3894230769230769 0.3918269230769231 0.3485576923076923 0.3918269230769231 0.3485576923076923 0.4543269230769231 0.3894230769230769 0.4543269230769231
4 0.7860576923076923 0.4062500000000001 0.7524038461538461 0.4062500000000001 0.7524038461538461 0.4567307692307694 0.7860576923076923 0.4567307692307694
2 0.5552884615384616 0.39663461538461536 0.5264423076923077 0.39663461538461536 0.5264423076923077 0.47596153846153844 0.5552884615384616 0.47596153846153844
5 0.3389423076923077 0.4254807692307692 0.31009615384615385 0.4254807692307692 0.31009615384615385 0.4639423076923077 0.3389423076923077 0.4639423076923077
8 0.5985576923076923 0.3966346153846155 0.5576923076923077 0.39663461538461536 0.5576923076923077 0.5552884615384616 0.5985576923076923 0.5552884615384617
5 0.4951923076923077 0.45913461538461536 0.4639423076923077 0.45913461538461536 0.4639423076923077 0.5144230769230769 0.4951923076923077 0.5144230769230769
5 0.31971153846153844 0.47115384615384615 0.2788461538461539 0.47115384615384615 0.2788461538461539 0.5192307692307693 0.31971153846153844 0.5192307692307693
2 0.46875000000000006 0.5024038461538461 0.43509615384615385 0.5024038461538461 0.4350961538461539 0.5817307692307693 0.4687500000000001 0.5817307692307693
4 0.5240384615384616 0.5456730769230769 0.4855769230769231 0.5456730769230769 0.48557692307692313 0.6105769230769231 0.5240384615384617 0.6105769230769231
5 0.6177884615384616 0.6009615384615385 0.5673076923076924 0.6009615384615385 0.5673076923076924 0.7091346153846154 0.6177884615384616 0.7091346153846154
2 0.16826923076923084 0.6298076923076923 0.06490384615384624 0.6298076923076923 0.06490384615384624 0.7548076923076923 0.16826923076923084 0.7548076923076923
5 1 0.6610576923076923 0.9278846153846154 0.6610576923076923 0.9278846153846154 0.7740384615384616 1 0.7740384615384616
4 0.3942307692307694 0.6802884615384616 0.32692307692307704 0.6802884615384616 0.32692307692307704 0.7860576923076923 0.3942307692307694 0.7860576923076923
4 0.49038461538461553 0.6947115384615384 0.4326923076923078 0.6947115384615384 0.4326923076923078 0.8125 0.49038461538461553 0.8125
2 0.8701923076923077 0.7043269230769231 0.7740384615384616 0.7043269230769231 0.7740384615384616 0.8798076923076923 0.8701923076923077 0.8798076923076923