4 0.3942307692307692 0.41346153846153844 0.36778846153846156 0.41346153846153844 0.36778846153846156 0.4423076923076923 0.3942307692307692 0.4423076923076923
4 0.71875 0.41105769230769246 0.6947115384615384 0.41105769230769246 0.6947115384615384 0.4447115384615386 0.71875 0.4447115384615386
4 0.7836538461538461 0.4182692307692309 0.7596153846153846 0.4182692307692309 0.7596153846153846 0.4615384615384617 0.7836538461538461 0.4615384615384617
1 0.19471153846153852 0.43028846153846156 0.18028846153846162 0.43028846153846156 0.18028846153846162 0.46153846153846156 0.19471153846153852 0.46153846153846156
2 0.375 0.4567307692307692 0.33653846153846156 0.4567307692307692 0.33653846153846156 0.5072115384615384 0.375 0.5072115384615384
5 0.49278846153846156 0.4519230769230769 0.45913461538461536 0.4519230769230769 0.45913461538461536 0.5120192307692307 0.49278846153846156 0.5120192307692307
1 0.29807692307692313 0.4735576923076923 0.2860576923076924 0.4735576923076923 0.2860576923076924 0.5168269230769231 0.29807692307692313 0.5168269230769231
4 0.7139423076923077 0.47355769230769246 0.6875 0.47355769230769246 0.6875 0.5240384615384617 0.7139423076923077 0.5240384615384617
2 0.8293269230769231 0.4711538461538463 0.7956730769230769 0.4711538461538463 0.7956730769230769 0.5264423076923078 0.8293269230769231 0.5264423076923078
2 0.16826923076923084 0.47115384615384615 0.11538461538461545 0.47115384615384615 0.11538461538461545 0.5336538461538461 0.16826923076923084 0.5336538461538461
2 0.5985576923076923 0.46634615384615397 0.5649038461538461 0.46634615384615397 0.5649038461538461 0.5552884615384617 0.5985576923076923 0.5552884615384617
4 0.5384615384615384 0.5 0.5048076923076923 0.5 0.5048076923076923 0.5528846153846154 0.5384615384615384 0.5528846153846154
2 0.8798076923076923 0.5072115384615385 0.8365384615384616 0.5072115384615385 0.8365384615384616 0.5673076923076924 0.8798076923076923 0.5673076923076924
4 0.4663461538461539 0.5192307692307693 0.43509615384615385 0.5192307692307693 0.4350961538461539 0.5649038461538461 0.46634615384615397 0.5649038461538461
5 0.7932692307692307 0.5144230769230771 0.7524038461538461 0.5144230769230771 0.7524038461538461 0.5841346153846155 0.7932692307692307 0.5841346153846155
2 0.7331730769230769 0.5192307692307694 0.6923076923076923 0.5192307692307694 0.6923076923076923 0.5937500000000001 0.7331730769230769 0.5937500000000001
2 0.5240384615384616 0.5408653846153846 0.4831730769230769 0.5408653846153846 0.483173076923077 0.6177884615384616 0.5240384615384617 0.6177884615384616
5 0.23317307692307698 0.5865384615384616 0.1658653846153847 0.5865384615384616 0.1658653846153847 0.6586538461538461 0.23317307692307698 0.6586538461538461
4 0.16105769230769237 0.6009615384615384 0.10096153846153853 0.6009615384615384 0.10096153846153853 0.6634615384615384 0.16105769230769237 0.6634615384615384
5 1 0.6658653846153846 0.9302884615384616 0.6658653846153846 0.9302884615384616 0.7716346153846154 1 0.7716346153846154
5 0.8918269230769231 0.6538461538461539 0.8197115384615384 0.6538461538461539 0.8197115384615384 0.7836538461538461 0.8918269230769231 0.7836538461538461
2 0.8076923076923077 0.6730769230769231 0.7379807692307693 0.6730769230769231 0.7379807692307693 0.8052884615384616 0.8076923076923077 0.8052884615384616
5 0.49759615384615397 0.6826923076923077 0.4375000000000001 0.6826923076923077 0.4375000000000001 0.8028846153846154 0.49759615384615397 0.8028846153846154
2 0.3774038461538463 0.7235576923076923 0.29326923076923084 0.7235576923076923 0.2932692307692309 0.8533653846153846 0.3774038461538463 0.8533653846153846
4 0.5865384615384617 0.7355769230769231 0.5312500000000001 0.7355769230769231 0.5312500000000001 0.8677884615384616 0.5865384615384617 0.8677884615384616
2 0.9711538461538461 0.7548076923076923 0.875 0.7548076923076923 0.875 0.9182692307692307 0.9711538461538461 0.9182692307692307