8 0.6033653846153846 0.3437500000000001 0.5721153846153846 0.3437500000000001 0.5721153846153846 0.4495192307692309 0.6033653846153846 0.4495192307692309
4 0.17788461538461545 0.44471153846153844 0.1442307692307693 0.44471153846153844 0.1442307692307693 0.4855769230769231 0.17788461538461545 0.4855769230769231
4 0.38461538461538464 0.44471153846153844 0.35096153846153844 0.44471153846153844 0.35096153846153844 0.4855769230769231 0.38461538461538464 0.4855769230769231
4 0.5504807692307693 0.4519230769230769 0.5240384615384616 0.4519230769230769 0.5240384615384616 0.5 0.5504807692307693 0.5
2 0.49278846153846156 0.46634615384615385 0.45913461538461536 0.46634615384615385 0.45913461538461536 0.5336538461538461 0.49278846153846156 0.5336538461538461
1 0.8221153846153846 0.4759615384615386 0.8052884615384616 0.4759615384615386 0.8052884615384616 0.528846153846154 0.8221153846153846 0.528846153846154
4 0.5384615384615384 0.49278846153846156 0.5024038461538461 0.49278846153846156 0.5024038461538461 0.5432692307692307 0.5384615384615384 0.5432692307692307
1 0.040865384615384685 0.49759615384615385 0.01923076923076929 0.49759615384615385 0.019230769230769294 0.5408653846153846 0.040865384615384685 0.5408653846153846
2 0.13701923076923084 0.4855769230769231 0.07451923076923082 0.4855769230769231 0.07451923076923082 0.5552884615384616 0.13701923076923084 0.5552884615384616
2 0.6105769230769231 0.5192307692307694 0.5721153846153846 0.5192307692307694 0.5721153846153847 0.5961538461538463 0.6105769230769232 0.5961538461538463
4 0.5264423076923077 0.5456730769230769 0.4831730769230769 0.5456730769230769 0.483173076923077 0.6105769230769231 0.5264423076923078 0.6105769230769231
1 0.8509615384615384 0.5625000000000001 0.8269230769230769 0.5625000000000001 0.8269230769230769 0.6322115384615384 0.8509615384615384 0.6322115384615384
4 0.6514423076923077 0.5865384615384617 0.6153846153846154 0.5865384615384617 0.6153846153846154 0.6730769230769231 0.6514423076923077 0.6730769230769231
2 0.2067307692307693 0.6057692307692307 0.12259615384615391 0.6057692307692307 0.12259615384615391 0.6923076923076923 0.2067307692307693 0.6923076923076923
2 0.5961538461538463 0.6033653846153847 0.5384615384615385 0.6033653846153846 0.5384615384615385 0.7091346153846154 0.5961538461538463 0.7091346153846154
1 0.8221153846153846 0.6298076923076923 0.8028846153846154 0.6298076923076923 0.8028846153846154 0.6995192307692307 0.8221153846153846 0.6995192307692307
4 0.5024038461538463 0.6153846153846154 0.45192307692307704 0.6153846153846154 0.45192307692307704 0.71875 0.5024038461538463 0.71875
4 0.41586538461538475 0.625 0.3629807692307694 0.625 0.3629807692307694 0.7283653846153846 0.41586538461538475 0.7283653846153846
4 0.5697115384615385 0.7259615384615384 0.5072115384615385 0.7259615384615384 0.5072115384615385 0.8605769230769231 0.5697115384615385 0.8605769230769231
1 1 0.7764423076923077 0.9663461538461539 0.7764423076923077 0.9663461538461539 0.8966346153846154 1 0.8966346153846154
4 0.32692307692307704 0.7980769230769231 0.2379807692307693 0.7980769230769231 0.23798076923076933 0.9591346153846154 0.32692307692307704 0.9591346153846154
2 0.44230769230769246 0.8125 0.3461538461538463 0.8125 0.3461538461538463 1 0.44230769230769246 1