8 0.5699633774038462 0.3377123413461539 0.48180681490384614 0.33771234134615385 0.48180681490384614 0.4833641129807693 0.5699633774038462 0.4833641129807694
2 0.34615384615384615 0.4110576923076923 0.3052884615384616 0.4110576923076923 0.3052884615384616 0.46634615384615385 0.34615384615384615 0.46634615384615385
2 0.4362571971153846 0.47935537259615385 0.428940965871935 0.4229565747928856 0.3845268691359198 0.4287181125356421 0.3918431003793694 0.48511691033891036
5 0.9519230769230769 0.4375000000000001 0.9014423076923077 0.4375000000000001 0.9014423076923077 0.5024038461538463 0.9519230769230769 0.5024038461538463
2 0.49759615384615385 0.44471153846153844 0.4519230769230769 0.44471153846153844 0.4519230769230769 0.5144230769230769 0.49759615384615385 0.5144230769230769
2 0.5625 0.48076923076923084 0.5120192307692307 0.4807692307692308 0.5120192307692307 0.5480769230769231 0.5625 0.5480769230769232
8 1 0.5144230769230771 0.8966346153846154 0.5144230769230771 0.8966346153846154 0.7403846153846154 1 0.7403846153846154
2 0.4134615384615386 0.59375 0.3365384615384617 0.59375 0.3365384615384617 0.6947115384615384 0.4134615384615386 0.6947115384615384
8 0.26923076923076933 0.6370192307692307 0.13701923076923084 0.6370192307692307 0.13701923076923087 0.8942307692307693 0.2692307692307694 0.8942307692307693
5 0.6033653846153848 0.8052884615384616 0.5048076923076924 0.8052884615384616 0.5048076923076924 0.9399038461538461 0.6033653846153848 0.9399038461538461
8 0.4567307692307694 0.7884615384615384 0.2860576923076924 0.7884615384615384 0.2860576923076924 0.9951923076923077 0.4567307692307694 0.9951923076923077
4 0.8245192307692307 0.8605769230769231 0.7163461538461539 0.8605769230769231 0.7163461538461539 0.9855769230769231 0.8245192307692307 0.9855769230769231