2 0.3942307692307692 0.40384615384615385 0.36778846153846156 0.40384615384615385 0.36778846153846156 0.4375 0.3942307692307692 0.4375
4 0.7836538461538461 0.41586538461538475 0.7596153846153846 0.41586538461538475 0.7596153846153846 0.45432692307692324 0.7836538461538461 0.45432692307692324
4 0.5480769230769231 0.4326923076923077 0.5264423076923077 0.4326923076923077 0.5264423076923077 0.46875 0.5480769230769231 0.46875
5 0.7019230769230769 0.4254807692307694 0.6706730769230769 0.4254807692307694 0.6706730769230769 0.4879807692307694 0.7019230769230769 0.4879807692307694
2 0.16105769230769237 0.4519230769230769 0.11538461538461545 0.4519230769230769 0.11538461538461545 0.5 0.16105769230769237 0.5
8 0.2931376142693851 0.5540891015383291 0.2875636370192308 0.4127578509615384 0.15269702853025657 0.4180768685493334 0.15827100578041087 0.5594081191261242
2 0.5336538461538461 0.4807692307692308 0.5048076923076923 0.4807692307692308 0.5048076923076923 0.53125 0.5336538461538461 0.53125
2 0.2908653846153847 0.4951923076923077 0.2379807692307693 0.4951923076923077 0.2379807692307693 0.5552884615384616 0.2908653846153847 0.5552884615384616
2 0.483173076923077 0.5024038461538461 0.43990384615384615 0.5024038461538461 0.4399038461538462 0.5841346153846154 0.48317307692307704 0.5841346153846154
4 0.5889423076923077 0.5312500000000001 0.5528846153846154 0.53125 0.5528846153846154 0.5961538461538463 0.5889423076923078 0.5961538461538463
2 0.5336538461538463 0.5384615384615384 0.4855769230769231 0.5384615384615384 0.48557692307692313 0.6129807692307693 0.5336538461538463 0.6129807692307693
4 0.8076923076923077 0.5697115384615385 0.7668269230769231 0.5697115384615385 0.7668269230769231 0.6418269230769231 0.8076923076923077 0.6418269230769231
4 0.75 0.5793269230769232 0.7019230769230769 0.5793269230769232 0.7019230769230769 0.6466346153846154 0.75 0.6466346153846154
4 0.9519230769230769 0.6225961538461539 0.9110576923076923 0.6225961538461539 0.9110576923076923 0.7019230769230769 0.9519230769230769 0.7019230769230769
5 0.8533653846153846 0.6129807692307694 0.8004807692307693 0.6129807692307694 0.8004807692307693 0.7163461538461539 0.8533653846153846 0.7163461538461539
4 0.5889423076923078 0.625 0.5408653846153848 0.625 0.5408653846153848 0.7259615384615384 0.5889423076923078 0.7259615384615384
2 0.5144230769230771 0.6322115384615384 0.45913461538461553 0.6322115384615384 0.45913461538461553 0.7259615384615384 0.5144230769230771 0.7259615384615384
5 0.7860576923076923 0.6370192307692307 0.7259615384615384 0.6370192307692307 0.7259615384615384 0.7668269230769231 0.7860576923076923 0.7668269230769231
5 1 0.6610576923076923 0.9278846153846154 0.6610576923076923 0.9278846153846154 0.7668269230769231 1 0.7668269230769231
5 0.9278846153846154 0.7115384615384616 0.8461538461538461 0.7115384615384616 0.8461538461538461 0.8413461538461539 0.9278846153846154 0.8413461538461539
5 0.3822115384615386 0.71875 0.3052884615384616 0.71875 0.3052884615384616 0.8461538461538461 0.3822115384615386 0.8461538461538461
2 0.6370192307692307 0.8317307692307693 0.5697115384615385 0.8317307692307693 0.5697115384615385 0.9951923076923077 0.6370192307692307 0.9951923076923077